
0 6592 50KHz 0 0 29322 30904 7838 27348 14060 25136 23540 29744 27166 25110 26948 30714 22646 32906 24799 26373 25931 30306 30972 23472 28501 26205 30027 29014 29974 25236 26043 25169 29730 9146
1 6595 50KHz 0 0 0 28335 31099 22658 27813 26962 28297 26601 27852 28876 28111 26716 30503 25575 29898 29065 29421 26878 26135 30644 27706 28983 25973 25733 24490 27219 25137 14161 30518 30110
2 6598 50KHz 29622 0 0 0 27301 31206 12777 23898 23906 28191 26881 26008 27244 29663 25332 30226 26794 27309 27195 29297 30869 25159 28565 27294 29463 28344 29472 26815 27775 26915 26337 22267
3 6601 50KHz 31495 29077 0 0 0 28382 29251 18918 20582 27903 26168 24597 26321 29231 22712 33208 24854 27044 26669 30500 27688 26820 28793 27210 29270 29678 29124 26880 27082 30189 26098 23520
4 6604 50KHz 13278 31275 27701 0 0 0 27938 30973 23793 25045 26818 28191 28518 27810 31092 25387 31158 29635 30117 27705 29962 29579 28906 29907 28270 27276 27782 29486 29181 22829 26483 31511
5 6608 50KHz 30403 25145 23002 28834 0 0 0 26965 30222 23000 23177 22559 25520 29078 22697 31627 26076 27108 26818 30486 30209 25446 29122 27286 30152 29595 30323 27171 28293 30405 29065 25148
6 6611 50KHz 18880 28544 17327 29334 27340 0 0 0 29725 18702 26130 29303 29056 27217 33216 25868 31647 30876 31553 27864 27924 33291 29530 31597 28096 28386 27555 31553 30122 25022 27466 34914
7 6614 50KHz 26766 27525 25082 18948 30728 25452 0 0 0 28544 30928 20698 23853 26421 24973 28963 26661 27673 27901 28827 27842 28492 28697 28518 28642 28795 28556 28586 28471 28410 27969 28804
8 6617 50KHz 25337 28624 24965 20591 22266 29815 28847 0 0 0 29151 15893 23710 25787 26715 26943 28201 28311 28739 28322 28773 28966 28836 29192 28650 28423 28552 29286 29149 27217 28481 30528
9 6621 50KHz 31134 27263 29319 29099 24548 23853 31135 28570 0 0 0 26970 30468 21515 17000 29429 22536 25059 25423 29133 28296 25295 28317 26847 29260 29030 29518 27106 27993 30102 28868 25862
10 6624 50KHz 29237 28827 28507 27621 26910 24350 25419 31195 29513 0 0 0 28127 30940 17610 27069 24458 26276 26976 28935 28913 27202 28947 28361 29459 29169 29600 28647 29131 29221 29405 28661
11 6627 50KHz 27231 29706 27483 25640 28123 22906 28530 21868 16958 26957 0 0 0 28363 30786 24151 25293 26914 28004 28482 28218 29223 29155 29445 29067 29120 29043 29757 29573 28478 29103 30805
12 6630 50KHz 28624 28964 28434 27215 28364 25914 28283 24843 24509 30651 27509 0 0 0 27766 31311 20387 24326 26103 28173 27397 27898 28717 28512 28973 29099 29070 28961 29032 29138 28978 29423
13 6633 50KHz 31608 27917 30517 30091 27921 29840 26762 27716 27036 24173 31069 28422 0 0 0 28718 30144 18462 22132 27694 24690 26210 28007 26874 28733 29457 29012 27631 27895 31025 28345 26459
14 6637 50KHz 24904 31024 26730 23337 31152 22574 32879 25624 27323 18238 16455 30573 27245 0 0 0 29385 21374 27605 27192 26380 32400 29402 31117 28397 29225 28129 31486 30105 27859 28549 33708
15 6640 50KHz 33301 26825 30763 33708 25387 32049 25440 29785 27731 30853 28081 25562 21894 28994 0 0 0 26111 29924 22238 23633 17732 25952 23306 28993 28043 29986 25002 27317 29971 29618 23352
16 6643 50KHz 27283 30836 28484 26289 31418 26921 31497 27924 29206 24668 25301 25777 21707 30227 29297 0 0 0 29300 20392 22632 29070 28446 29669 28487 29338 28567 30761 30002 29062 29033 32424
17 6646 50KHz 27968 29739 28332 27663 29555 27249 30421 28244 28753 26072 26282 26732 24556 18164 31370 25041 0 0 0 28897 30787 21812 26122 26719 27929 28127 28594 28827 29152 28386 29158 30160
18 6649 50KHz 27296 29905 27990 26983 29895 26574 31097 28198 28935 25974 26617 27479 25815 21310 26045 29558 28016 0 0 0 28327 17501 24528 26109 27280 27842 28127 29025 29101 28099 28906 30700
19 6653 50KHz 31017 27576 29824 30776 27303 30574 26949 29120 28490 29646 28820 28232 28245 28000 26345 22858 31180 28474 0 0 0 27471 30910 18429 25500 26483 27691 25293 27023 29343 28399 25655
20 6656 50KHz 31588 26603 31328 28022 29394 30688 26229 28104 28852 29217 29095 27969 27670 25021 25672 24972 21159 30877 28667 0 0 0 28888 14426 21511 27570 24559 26543 25105 32715 24380 26098
21 6659 50KHz 25237 31148 26170 27138 29565 24958 33349 28761 29206 25714 26811 28832 27663 25815 31756 17178 27783 21136 17025 27244 0 0 0 28246 31530 23409 27776 27465 29887 24937 30893 31893
22 6662 50KHz 29255 28181 28987 28897 28408 28885 28656 28798 28826 28593 28585 28665 28475 27854 28716 26101 27219 25732 24551 30949 28257 0 0 0 29860 20456 24080 24441 26222 28320 27641 27223
23 6666 50KHz 26529 29223 27323 26611 29411 26130 31199 28247 28968 26482 27446 28614 27753 25732 30415 21582 28092 25285 24934 15750 30442 26393 0 0 0 29106 31156 21810 25819 26035 27548 29319
24 6669 50KHz 29869 25892 29233 28660 27086 29466 26353 28173 28086 28969 28604 28038 28194 28023 27215 28782 26750 27051 26617 25395 19933 31201 29459 0 0 0 28426 30407 19521 27270 23903 23485
25 6672 50KHz 29309 26137 28483 29500 26360 29126 27163 28698 28192 29056 28573 28437 28651 29270 28372 28146 28181 27631 27579 26762 27553 22088 20674 29342 0 0 0 26766 30618 23591 23891 22471
26 6675 50KHz 29972 25595 29608 28959 27314 30005 26603 28670 28585 29673 29264 28610 28867 28923 27722 30289 27667 28486 28223 28372 25080 27506 25081 31462 29027 0 0 0 28737 22656 20473 21799
27 6678 50KHz 25702 28112 27178 26493 29366 26369 31379 28595 29344 27120 28121 29276 28568 26977 31129 24253 29987 28381 28798 25057 26469 26577 24278 22206 30513 26085 0 0 0 29495 31208 24561
28 6682 50KHz 25393 25239 27424 25885 28291 27052 28932 27859 28614 27452 28128 28496 28089 26656 29147 26341 28547 28262 28369 26416 24141 28949 25531 25600 19576 30384 27571 0 0 0 28715 16526
29 6685 50KHz 23430 31028 26194 28930 21031 29215 23136 27948 26619 29627 28176 27463 28369 30688 26735 29809 27726 27617 27573 29126 32695 23927 28242 26468 28287 24260 22699 29353 0 0 0 27016
30 6688 50KHz 29840 30843 26068 24852 25717 28111 26216 27726 28265 28714 28774 28355 28438 27730 27882 29501 27825 28717 28597 28498 24295 30535 27735 27954 25093 24597 20053 31159 28873 0 0 0
31 6691 50KHz 21199 30441 21806 21594 32584 22997 36769 28622 30848 24986 27834 30541 28872 24589 34391 20458 32458 29774 30580 24291 25966 31469 26494 29072 23003 21019 19075 22303 13188 25439 0 0
0 7107 50KHz 0 0 29184 30848 7855 26963 14658 25334 23650 29597 27338 25302 27002 30577 22923 32825 24865 26508 26065 30003 30238 23532 28082 26513 30205 29581 30220 25929 26118 24097 29426 9125
1 7110 50KHz 0 0 0 28154 31022 22545 27671 27022 28393 26885 28026 29012 28365 27090 30594 26049 30118 29297 29605 27423 26717 30609 28014 28637 25553 25146 24194 26898 24909 13933 30480 29916
2 7113 50KHz 29486 0 0 0 27224 31147 12778 23998 23945 28180 27052 26150 27350 29737 25470 30408 26883 27465 27342 29313 30635 25191 28407 27374 29487 28616 29646 27291 28038 26914 26113 22130
3 7116 50KHz 31448 28915 0 0 0 28181 29211 18861 20414 27682 26235 24647 26324 29232 22849 33234 24832 27098 26712 30323 27320 26682 28331 27110 29386 30067 29581 27515 27513 30283 26174 23629
4 7119 50KHz 13915 31220 27666 0 0 0 27784 30923 23518 25106 26855 28206 28635 28075 31006 25914 31238 29810 30252 28221 30407 29648 29303 29785 27984 26881 27424 29166 28975 22979 26445 31165
5 7123 50KHz 30132 25123 22538 28656 0 0 0 26881 30179 22575 23237 22674 25543 29044 22920 31668 26083 27225 26938 30331 29843 25429 28709 27229 30112 29874 30597 27822 28737 30474 29146 25558
6 7126 50KHz 19108 28392 17292 29303 27164 0 0 0 29621 18491 26055 29342 29213 27441 33355 26059 32004 31096 31771 28372 28654 33503 30147 31625 27951 27896 27175 31049 29832 24974 27519 34744
7 7129 50KHz 26987 27577 25212 18954 30666 25345 0 0 0 28378 30890 20485 23801 26481 24990 29130 26718 27771 27988 28977 27977 28434 28672 28414 28651 28835 28715 28753 28665 28582 28178 28900
8 7132 50KHz 25449 28703 25003 20444 21901 29753 28699 0 0 0 29075 15668 23667 25839 26867 27090 28413 28510 28937 28582 29075 29129 29079 29267 28620 28335 28484 29311 29214 27288 28597 30683
9 7136 50KHz 31003 27501 29295 28869 24531 23239 31087 28347 0 0 0 26923 30440 21299 17278 29361 22652 25223 25584 29039 27966 25348 27919 26688 29114 29205 29736 27706 28430 30237 29031 26356
10 7139 50KHz 29335 28942 28614 27686 26907 24344 25250 31153 29423 0 0 0 28028 30899 17565 27078 24435 26325 27030 28987 28838 27168 28786 28187 29321 29177 29657 28873 29328 29361 29523 28851
11 7142 50KHz 27370 29786 27590 25693 28102 22980 28518 21653 16689 26927 0 0 0 28277 30768 24070 25283 26965 28083 28649 28432 29275 29269 29383 28989 28994 28981 29735 29610 28547 29216 30903
12 7145 50KHz 28656 29139 28504 27212 28450 25891 28397 24757 24399 30622 27394 0 0 0 27745 31273 20397 24402 26213 28240 27467 27976 28663 28385 28831 29009 29074 29116 29200 29202 29129 29685
13 7148 50KHz 31522 28196 30571 30099 28129 29779 26933 27737 27025 23934 31021 28299 0 0 0 28603 30134 18482 22211 27562 24425 26215 27510 26428 28416 29398 29190 28080 28303 31116 28619 26936
14 7152 50KHz 25122 31053 26825 23474 31035 22759 33018 25614 27409 18499 16537 30548 27220 0 0 0 29260 20746 27403 27360 27031 32354 29905 31213 28554 28963 27998 31043 29924 27792 28710 33614
15 7155 50KHz 33240 27197 30909 33771 25831 32134 25519 29927 27825 30794 28117 25449 21341 28857 0 0 0 26071 29918 21957 22867 17764 25057 22557 28189 27890 29960 25725 27861 30205 29763 24020
16 7158 50KHz 27337 30949 28537 26264 31466 26894 31805 27939 29336 24756 25251 25721 21656 30215 29175 0 0 0 29241 20385 22839 29201 28633 29536 28332 29018 28375 30537 29927 29026 29152 32548
17 7161 50KHz 28063 29889 28453 27713 29698 27356 30618 28312 28895 26225 26351 26763 24602 18196 31317 25023 0 0 0 28777 30760 21770 25959 26252 27464 27715 28301 28715 29154 28422 29240 30351
18 7164 50KHz 27413 30049 28111 27057 30023 26719 31315 28283 29108 26164 26711 27559 25939 21459 25846 29575 27960 0 0 0 28223 17472 24419 25660 26834 27335 27753 28743 29015 28104 28975 30834
19 7168 50KHz 30775 28036 29848 30660 27818 30458 27458 29280 28727 29596 28927 28420 28335 27893 26549 22586 31163 28344 0 0 0 27493 30815 17167 24088 25467 27117 25435 27294 29274 28576 26401
20 7171 50KHz 31130 27103 31225 27772 29871 30396 26965 28285 29133 28991 29097 28199 27758 24794 26290 24203 21305 30831 28519 0 0 0 28775 13508 20130 26195 24016 26219 25226 32432 24767 26806
21 7174 50KHz 25340 31106 26210 27020 29615 24970 33548 28699 29343 25805 26810 28870 27740 25835 31686 17305 27843 21031 17152 27244 0 0 0 28115 31401 22135 26442 26303 29193 24713 30475 31712
22 7177 50KHz 28860 28454 28858 28441 28827 28482 29338 28801 29074 28284 28495 28816 28469 27383 29217 25217 27393 25546 24375 30833 28142 0 0 0 29693 17732 22609 23350 25710 27912 27394 27583
23 7181 50KHz 26624 28793 27313 26351 29169 25990 31184 28090 29000 26341 27261 28527 27627 25254 30400 20748 27790 24655 24316 13431 30332 26159 0 0 0 28920 30942 19120 24242 25600 26648 28366
24 7184 50KHz 29812 25514 29151 28618 26748 29312 26249 28171 28058 28819 28478 28006 28099 27703 27361 27859 26543 26533 26186 23970 18416 31004 29249 0 0 0 28261 30195 18186 26603 23203 22560
25 7187 50KHz 29535 25629 28594 29673 25930 29268 26667 28691 28076 29156 28572 28333 28578 29169 28099 27922 27794 27194 27110 25823 25920 20303 17843 29136 0 0 0 26648 30521 23246 23198 21514
26 7190 50KHz 30043 25349 29654 29270 26943 30158 26272 28787 28501 29811 29306 28581 28880 29093 27623 30210 27512 28233 27946 27921 24432 26003 23868 31303 28886 0 0 0 28639 22041 20289 21288
27 7193 50KHz 26304 27793 27575 27094 28986 27037 30817 28741 29344 27692 28384 29275 28756 27503 30668 25115 29751 28295 28555 25277 25932 25062 23100 19702 30305 25980 0 0 0 29381 31177 23903
28 7197 50KHz 25469 25053 27635 26320 28061 27507 28668 28071 28682 27900 28367 28597 28313 27174 29014 26973 28550 28318 28342 26737 24178 28019 24995 24238 18251 30286 27474 0 0 0 28575 15899
29 7200 50KHz 22527 31034 26162 28953 21187 29243 23105 28099 26692 29739 28362 27569 28452 30768 26707 30039 27699 27690 27593 29061 32164 23637 27842 26303 27903 24191 22278 29239 0 0 0 26986
30 7203 50KHz 29624 30818 25862 24923 25659 28166 26326 27941 28374 28873 28920 28509 28618 28056 28091 29647 28033 28825 28687 28643 24655 30037 27486 27341 24593 24022 19978 31127 28727 0 0 0
31 7206 50KHz 20763 30216 21747 21982 31641 23844 35821 28650 30770 25793 28090 30467 29117 25473 33744 21936 32282 29841 30521 25366 26477 31037 26816 27767 21878 19804 18412 21139 12002 25405 0 0
