
0 60 50KHz 0 0 0 20456 29591 31259 31622 31714 31908 32146 32076 32264 32114 32871 31588 32172 32152 31562 32179 32119 32327 32327 32393 32412 32296 31993 32056 31511 30247 27400 15357 15994
1 60 50KHz 0 0 0 0 25122 29783 31313 31687 31812 31948 32010 32040 32041 31970 31971 32029 32086 32032 32160 32176 32264 32290 32292 32285 32259 32183 32155 31880 31330 30343 27179 0
2 60 50KHz 0 0 0 0 3228 26139 30581 31562 31560 31652 31947 31832 32088 30837 32501 32040 32050 32514 32003 32139 32234 32349 32237 32161 32294 32530 32275 31919 31648 31222 30319 19164
3 60 50KHz 21062 0 0 0 0 4467 28122 30824 31353 31475 31837 31579 31879 30291 32848 31863 32043 33077 32221 32351 32178 32237 32116 32071 32221 32549 32271 32254 32044 31568 31301 28417
4 60 50KHz 29772 25458 3853 0 0 0 5335 25361 29512 30942 31286 31593 31498 32506 31581 31932 32156 31921 32495 32380 32328 32238 32356 32439 32284 31999 32247 32437 32369 32312 32103 31216
5 60 50KHz 31262 29711 25764 2283 0 0 0 0 18860 27031 29263 30388 30494 32666 31178 31453 32036 32022 32904 32648 32189 31905 32159 32366 32032 31502 32018 32888 32732 32348 31967 31718
6 60 50KHz 31563 31247 30474 27599 2291 0 0 0 6907 14354 24126 28304 29920 32348 30919 32008 32131 31268 32246 32126 32334 32294 32436 32497 32314 31933 32258 32206 32247 32501 32399 31926
7 61 50KHz 31704 31671 31560 30695 24964 0 0 0 0 0 7973 21707 27285 29805 31205 32078 32062 31564 31832 31911 32358 32505 32470 32396 32445 32460 32426 31872 31973 32327 32453 32006
8 61 50KHz 31954 31868 31644 31368 29367 19316 4930 0 0 0 0 4479 21085 28469 30328 31629 32011 31555 32339 32242 32342 32290 32413 32482 32327 32015 32293 32341 32354 32493 32395 32115
9 61 50KHz 32172 31981 31706 31477 30805 27009 14916 0 0 0 0 0 5869 23190 29801 31104 31821 32066 32421 32363 32215 32129 32222 32302 32186 32011 32206 32517 32458 32299 32175 32170
10 61 50KHz 32074 32006 31963 31807 31174 29245 24530 7982 0 0 0 0 0 11621 28116 30728 31625 31992 32002 32097 32222 32291 32266 32244 32285 32355 32317 32172 32182 32189 32240 32135
11 61 50KHz 32266 32028 31811 31519 31513 30384 28454 21585 3205 0 0 0 0 0 23162 29224 31236 32383 32140 32263 32080 32076 32059 32078 32105 32235 32194 32447 32369 32026 31995 32178
12 61 50KHz 32074 31988 32045 31792 31381 30453 30006 27316 20706 5709 0 0 0 0 2861 25997 30368 32008 31510 31859 32077 32280 32127 32024 32238 32641 32332 31981 31998 31905 32102 32100
13 61 50KHz 33063 31982 30589 29925 32596 32823 32505 29507 27654 21338 5190 0 0 0 0 2257 27035 32695 33400 33286 31430 30735 31168 31662 31136 30581 31347 34240 33653 31831 30984 32327
14 62 50KHz 31217 31680 32375 32762 31111 30646 30488 30791 29577 29079 27174 21470 354 0 0 0 5120 26943 29266 30291 31850 32435 32270 32109 32435 32665 32343 30729 30978 32012 32559 31658
15 62 50KHz 32042 31875 31914 31676 31705 31174 31863 32017 31360 30808 30493 28864 25347 2781 0 0 0 11334 25457 29264 30566 31186 31212 31322 31671 32144 31830 31734 31640 31394 31661 31882
16 62 50KHz 32081 31997 31972 31932 32028 31893 32084 32039 31884 31692 31540 31114 30248 27264 8377 0 0 0 0 19316 26709 29098 30218 30967 31369 31562 31668 31831 31758 31695 31843 31948
17 62 50KHz 31472 31956 32494 33055 31757 31825 31240 31493 31379 31955 31944 32374 32072 32470 28124 13827 0 0 0 0 11529 22567 27340 29926 31126 31276 31659 30769 31031 32189 32620 31791
18 62 50KHz 32235 32228 32106 32312 32497 32840 32336 31961 32373 32454 32100 32184 31665 33061 30159 26561 0 0 0 0 0 4785 20991 27574 29947 30527 31460 32088 32098 32272 32206 32161
19 62 50KHz 32145 32212 32212 32412 32351 32566 32182 31995 32230 32362 32158 32291 31979 32969 30923 29789 20579 0 0 0 0 0 3846 22475 28166 30161 31422 31885 31976 32233 32262 32132
20 62 50KHz 32341 32276 32265 32188 32304 32151 32349 32411 32314 32189 32249 32105 32158 31484 32151 30917 27393 12463 0 0 0 0 0 12543 24997 29546 31188 31842 31932 31874 32011 32188
21 63 50KHz 32318 32272 32350 32213 32191 31860 32275 32522 32222 32071 32287 32094 32338 30928 32592 31443 29545 23199 5063 0 0 0 0 0 15265 27006 30537 31478 31690 31684 31954 32153
22 63 50KHz 32396 32296 32262 32124 32325 32120 32429 32511 32372 32187 32286 32087 32205 31287 32477 31494 30548 27722 21076 4702 0 0 0 0 0 18213 28816 31292 31681 31657 31875 32168
23 63 50KHz 32430 32298 32182 32073 32428 32353 32520 32450 32474 32289 32270 32089 32078 31712 32331 31559 31185 30120 27530 22626 12387 0 0 0 0 0 24089 30540 31446 31574 31794 32154
24 63 50KHz 32262 32224 32280 32188 32214 31960 32276 32444 32243 32113 32264 32099 32277 31232 32570 31836 31506 31218 29833 28166 24890 14762 0 0 0 0 600 26841 30075 30991 31623 31967
25 63 50KHz 31917 32106 32485 32492 31882 31410 31851 32386 31855 31890 32287 32240 32667 30845 32709 32241 31681 31336 30435 30181 29646 27181 18419 0 0 0 0 2782 24916 29403 31174 31556
26 63 50KHz 32081 32169 32305 32285 32214 31989 32258 32450 32239 32173 32331 32235 32413 31491 32536 32047 31862 31827 31467 31498 31320 30753 29122 24812 2155 0 0 0 2313 25104 29831 31243
27 63 50KHz 31674 32003 32034 32334 32487 32884 32361 32026 32428 32587 32283 32491 32108 33810 31359 32013 32054 31107 32185 32026 31958 31628 31440 30728 27432 3786 0 0 0 0 23630 29310
28 64 50KHz 30307 31371 31702 32085 32341 32670 32308 32048 32359 32467 32231 32382 32079 33353 31455 31878 31924 31212 32084 32006 31964 31756 31717 31456 30220 25036 546 0 0 0 0 19910
29 64 50KHz 27394 30340 31215 31573 32318 32396 32544 32383 32513 32322 32234 32056 31972 31919 32238 31616 31851 32283 32267 32257 31901 31723 31678 31590 31059 29385 24291 0 0 0 0 0
30 64 50KHz 15158 27058 30247 31219 32014 31871 32372 32497 32329 32100 32239 31982 32164 30992 32740 31822 31933 32716 32100 32209 31988 31968 31845 31758 31653 31230 29559 22753 0 0 0 0
31 64 50KHz 19225 0 18164 27957 30956 31575 31879 31976 32008 32087 32101 32145 32123 32179 31917 31999 31994 31821 32037 32053 32144 32143 32132 32099 31970 31581 31057 28767 18973 0 0 0
0 64 50KHz 0 0 0 20362 29501 31214 31605 31708 31906 32145 32074 32261 32111 32873 31582 32169 32155 31558 32180 32119 32327 32326 32393 32413 32295 31989 32054 31512 30255 27407 15397 15993
1 64 50KHz 0 0 0 0 24868 29692 31281 31672 31810 31948 32006 32036 32034 31977 31963 32024 32085 32028 32163 32178 32265 32288 32293 32287 32259 32179 32154 31880 31339 30343 27198 0
2 65 50KHz 0 0 0 0 2848 26048 30566 31563 31571 31661 31949 31838 32089 30854 32503 32037 32049 32514 32005 32142 32235 32349 32238 32164 32293 32525 32273 31910 31693 31214 30340 19254
3 65 50KHz 21009 0 0 0 0 4488 28116 30831 31366 31484 31844 31586 31890 30295 32855 31870 32041 33084 32216 32349 32178 32238 32118 32069 32218 32552 32277 32257 32046 31567 31309 28426
4 65 50KHz 29715 25315 3378 0 0 0 5452 25329 29514 30953 31292 31593 31499 32500 31573 31932 32163 31910 32489 32380 32327 32238 32356 32438 32282 31996 32245 32459 32334 32320 32092 31199
5 65 50KHz 31213 29621 25653 1928 0 0 0 0 18881 27059 29310 30394 30512 32600 31187 31449 32045 32034 32882 32641 32186 31908 32153 32360 32030 31522 32017 32928 32627 32379 31923 31688
6 65 50KHz 31548 31218 30440 27568 2785 0 0 0 6873 14369 24148 28323 29915 32321 30927 31999 32137 31281 32251 32132 32332 32290 32430 32491 32311 31921 32253 32212 32245 32494 32385 31918
7 65 50KHz 31704 31664 31555 30713 24991 0 0 0 0 0 7878 21711 27261 29799 31198 32077 32064 31583 31841 31916 32357 32502 32468 32396 32443 32452 32420 31851 32029 32317 32461 32007
8 65 50KHz 31956 31855 31645 31373 29375 19338 4865 0 0 0 0 4756 21132 28482 30351 31635 32023 31569 32341 32246 32342 32288 32411 32477 32326 32019 32291 32361 32345 32493 32390 32116
9 66 50KHz 32170 31977 31705 31483 30815 27031 14932 0 0 0 0 0 6271 23239 29813 31117 31832 32069 32419 32367 32216 32129 32223 32304 32188 32013 32206 32536 32431 32310 32169 32171
10 66 50KHz 32074 32003 31962 31819 31193 29292 24553 8169 0 0 0 0 0 11664 28100 30730 31626 31979 32012 32099 32224 32289 32270 32251 32286 32369 32317 32168 32199 32192 32247 32135
11 66 50KHz 32249 32023 31813 31528 31510 30384 28435 21578 3225 0 0 0 0 0 23146 29226 31229 32378 32132 32258 32083 32081 32065 32081 32108 32239 32194 32446 32348 32037 31996 32173
12 66 50KHz 32068 31984 32042 31809 31389 30468 29994 27320 20754 5697 0 0 0 0 2796 25972 30349 31987 31512 31857 32079 32282 32135 32027 32241 32632 32336 31957 32031 31905 32116 32101
13 66 50KHz 33048 31975 30606 29898 32551 32709 32443 29456 27561 21204 4856 0 0 0 0 2342 27074 32731 33379 33279 31431 30744 31163 31648 31136 30630 31347 34371 33432 31852 30969 32309
14 66 50KHz 31225 31675 32359 32775 31132 30700 30506 30799 29620 29097 27186 21502 376 0 0 0 5107 26937 29277 30297 31846 32426 32268 32111 32434 32643 32340 30658 31102 32006 32555 31664
15 66 50KHz 32045 31870 31912 31689 31704 31185 31854 32008 31372 30807 30497 28875 25357 3138 0 0 0 11340 25449 29258 30567 31187 31221 31332 31677 32138 31837 31711 31656 31402 31668 31880
16 67 50KHz 32083 31994 31968 31912 32025 31881 32091 32043 31890 31695 31543 31103 30239 27285 8657 0 0 0 0 19326 26709 29091 30227 30967 31368 31558 31663 31834 31764 31690 31837 31947
17 67 50KHz 31476 31951 32482 33049 31761 31846 31268 31498 31393 31957 31936 32372 32066 32488 28143 14112 0 0 0 0 11488 22521 27322 29914 31107 31252 31648 30720 31104 32179 32602 31793
18 67 50KHz 32240 32230 32109 32291 32494 32826 32339 31974 32379 32456 32103 32176 31664 32994 30153 26541 0 0 0 0 0 4768 20958 27564 29942 30583 31454 32144 32075 32273 32197 32161
19 67 50KHz 32154 32214 32212 32405 32347 32571 32183 31998 32236 32367 32159 32285 31974 32979 30941 29777 20543 0 0 0 0 0 3902 22456 28161 30147 31406 31895 31978 32231 32261 32136
20 67 50KHz 32339 32277 32268 32203 32300 32172 32336 32409 32301 32187 32249 32107 32163 31494 32144 30956 27400 12546 0 0 0 0 0 12514 24989 29541 31161 31838 31926 31877 32011 32182
21 67 50KHz 32311 32270 32341 32218 32186 31867 32267 32500 32217 32075 32285 32101 32340 30956 32593 31459 29566 23222 5021 0 0 0 0 0 15202 26988 30536 31468 31700 31684 31958 32149
22 67 50KHz 32392 32296 32265 32137 32322 32116 32421 32507 32368 32187 32286 32091 32211 31272 32480 31503 30549 27719 21077 4632 0 0 0 0 0 18209 28805 31286 31675 31655 31877 32168
23 68 50KHz 32421 32299 32186 32077 32424 32333 32514 32447 32469 32287 32271 32091 32084 31703 32313 31568 31183 30109 27502 22609 12356 0 0 0 0 0 24076 30555 31434 31576 31803 32157
24 68 50KHz 32259 32223 32280 32192 32216 31964 32274 32441 32241 32115 32263 32103 32277 31247 32567 31853 31509 31218 29838 28162 24933 14781 0 0 0 0 612 26832 30082 30993 31625 31965
25 68 50KHz 31912 32101 32475 32495 31889 31436 31850 32373 31859 31898 32282 32242 32659 30892 32702 32248 31692 31338 30457 30195 29661 27174 18480 0 0 0 0 2776 24968 29395 31166 31552
26 68 50KHz 32079 32168 32307 32286 32213 31992 32252 32438 32237 32174 32331 32237 32415 31498 32536 32051 31857 31824 31469 31500 31324 30771 29125 24818 2217 0 0 0 2354 25078 29831 31243
27 68 50KHz 31686 32010 32024 32338 32502 32929 32372 32037 32440 32612 32279 32498 32082 33945 31278 31993 32061 31039 32211 32037 31953 31611 31438 30736 27396 3463 0 0 0 0 23679 29339
28 68 50KHz 30317 31370 31720 32070 32307 32578 32299 32093 32342 32422 32237 32355 32108 33124 31560 31888 31923 31291 32029 31994 31956 31760 31708 31441 30217 25044 581 0 0 0 0 19908
29 68 50KHz 27397 30345 31226 31574 32310 32358 32530 32394 32504 32311 32237 32053 31982 31867 32258 31631 31852 32299 32247 32248 31900 31731 31677 31581 31073 29403 24268 0 0 0 0 0
30 69 50KHz 15126 27052 30255 31230 32030 31899 32357 32483 32331 32115 32239 31996 32156 31042 32698 31840 31932 32676 32114 32214 31988 31972 31861 31773 31657 31216 29554 22810 0 0 0 0
31 69 50KHz 19228 0 18076 27956 30976 31569 31879 31971 32011 32086 32101 32143 32123 32185 31903 31994 31995 31878 32037 32054 32144 32142 32129 32100 31970 31582 31061 28784 18907 0 0 0
0 69 50KHz 0 0 0 20388 29550 31222 31610 31708 31910 32150 32075 32259 32107 32886 31618 32162 32158 31564 32189 32126 32325 32321 32390 32418 32294 31983 32053 31530 30268 27391 15359 15804
1 69 50KHz 0 0 0 0 24955 29696 31276 31665 31807 31946 32005 32035 32036 31978 31960 32023 32083 32026 32164 32177 32265 32286 32292 32288 32258 32176 32155 31886 31338 30342 27213 0
2 69 50KHz 0 0 0 0 2949 26033 30547 31542 31558 31656 31943 31835 32083 30873 32495 32037 32037 32500 32007 32141 32237 32350 32239 32167 32294 32527 32279 31913 31683 31228 30334 19206
3 69 50KHz 21025 0 0 0 0 4444 28133 30833 31364 31490 31844 31589 31884 30290 32866 31870 32029 33081 32216 32349 32179 32240 32119 32077 32221 32550 32275 32248 32047 31577 31316 28440
4 69 50KHz 29715 25276 3433 0 0 0 5393 25370 29528 30956 31296 31592 31494 32492 31576 31932 32167 31915 32490 32375 32325 32239 32354 32434 32281 32003 32244 32446 32337 32313 32096 31194
5 70 50KHz 31199 29597 25609 2205 0 0 0 0 18918 27076 29308 30397 30506 32603 31187 31443 32065 32020 32885 32640 32184 31911 32156 32356 32031 31522 32011 32913 32640 32345 31950 31683
6 70 50KHz 31545 31208 30438 27616 2293 0 0 0 6921 14420 24165 28309 29917 32338 30917 31998 32144 31272 32251 32133 32330 32288 32432 32492 32309 31930 32250 32216 32246 32492 32386 31923
7 70 50KHz 31703 31662 31548 30727 25028 0 0 0 0 12 8205 21701 27270 29810 31199 32070 32054 31563 31844 31916 32357 32501 32467 32388 32442 32449 32424 31858 32018 32327 32446 32008
8 70 50KHz 31956 31861 31640 31379 29385 19381 4888 0 0 0 0 4648 21114 28484 30330 31651 32031 31559 32343 32247 32340 32287 32410 32480 32323 32019 32289 32355 32351 32483 32390 32115
9 70 50KHz 32172 31978 31707 31488 30804 27042 14933 0 0 0 0 0 6130 23224 29800 31112 31848 32067 32422 32367 32216 32132 32223 32303 32187 32018 32206 32532 32435 32300 32157 32172
10 70 50KHz 32073 32004 31962 31821 31199 29281 24569 8349 0 0 0 0 0 11631 28089 30724 31622 31979 32008 32104 32224 32291 32280 32250 32285 32347 32317 32165 32199 32198 32245 32138
11 70 50KHz 32260 32024 31816 31529 31508 30375 28461 21580 3234 0 0 0 0 0 23096 29222 31230 32377 32128 32258 32081 32080 32064 32092 32109 32239 32197 32445 32348 32027 32004 32176
12 71 50KHz 32069 31986 32049 31813 31387 30468 30005 27325 20761 5710 0 0 0 0 2748 25917 30337 32000 31511 31855 32079 32282 32131 32038 32244 32636 32336 31956 32024 31913 32105 32100
13 71 50KHz 33057 31975 30604 29883 32554 32697 32464 29464 27557 21197 4804 0 0 0 0 2319 27108 32745 33382 33283 31423 30749 31166 31652 31135 30623 31343 34350 33439 31805 31025 32323
14 71 50KHz 31219 31680 32368 32779 31125 30679 30493 30795 29598 29103 27180 21519 361 0 0 0 5026 26941 29263 30287 31848 32429 32261 32109 32434 32650 32349 30666 31094 32020 32538 31657
15 71 50KHz 32035 31874 31918 31690 31704 31175 31852 32008 31365 30824 30499 28880 25362 2911 0 0 0 11359 25455 29258 30570 31192 31219 31329 31675 32143 31836 31715 31659 31404 31665 31879
16 71 50KHz 32087 31997 31962 31918 32037 31912 32095 32036 31905 31710 31542 31109 30234 27313 8260 0 0 0 0 19334 26711 29086 30215 30969 31364 31541 31664 31859 31776 31704 31835 31950
17 71 50KHz 31471 31950 32485 33059 31769 31837 31240 31494 31386 31957 31938 32376 32077 32515 28143 13852 0 0 0 0 11509 22544 27326 29914 31117 31259 31654 30732 31095 32189 32592 31788
18 72 50KHz 32242 32230 32108 32307 32489 32825 32342 31970 32374 32454 32103 32177 31661 33040 30148 26527 0 0 0 0 0 4913 20948 27567 29942 30534 31459 32112 32076 32262 32205 32160
19 72 50KHz 32151 32213 32207 32407 32350 32568 32189 31999 32236 32364 32159 32285 31974 32965 30915 29773 20577 0 0 0 0 0 3784 22456 28159 30154 31418 31902 31977 32230 32259 32135
20 72 50KHz 32336 32277 32267 32198 32301 32149 32344 32408 32309 32188 32250 32108 32156 31479 32154 30927 27413 12553 0 0 0 0 0 12529 24975 29536 31183 31838 31929 31875 32014 32185
21 72 50KHz 32307 32270 32351 32225 32186 31869 32266 32513 32217 32068 32285 32101 32342 30953 32599 31449 29562 23244 5296 0 0 0 0 0 15212 26995 30524 31459 31694 31694 31952 32146
22 72 50KHz 32392 32296 32267 32129 32323 32110 32423 32506 32368 32186 32287 32091 32209 31297 32486 31505 30546 27731 21071 4466 0 0 0 0 0 18172 28803 31285 31677 31660 31880 32166
23 72 50KHz 32427 32298 32182 32074 32425 32345 32511 32447 32469 32289 32272 32098 32082 31712 32331 31570 31182 30111 27506 22598 12397 0 0 0 0 0 24061 30548 31439 31570 31805 32153
24 72 50KHz 32256 32222 32280 32197 32217 31967 32271 32439 32238 32115 32263 32102 32278 31254 32570 31840 31502 31224 29837 28159 24890 14798 0 0 0 0 585 26827 30081 31000 31622 31962
25 73 50KHz 31911 32102 32476 32518 31898 31437 31850 32377 31861 31902 32283 32247 32665 30918 32712 32236 31686 31335 30441 30194 29659 27200 18458 0 0 0 0 2753 24934 29416 31158 31546
26 73 50KHz 32074 32168 32308 32288 32214 31990 32252 32445 32236 32173 32331 32238 32414 31499 32543 32048 31860 31829 31467 31475 31322 30755 29121 24805 2322 0 0 0 2320 25107 29846 31239
27 73 50KHz 31689 32011 32033 32334 32499 32919 32375 32014 32445 32607 32282 32489 32085 33914 31288 32005 32070 31059 32204 32036 31955 31612 31436 30724 27391 3492 0 0 0 0 23700 29344
28 73 50KHz 30314 31373 31712 32087 32323 32618 32304 32071 32351 32445 32234 32365 32093 33247 31492 31887 31927 31216 32068 32000 31960 31750 31710 31453 30206 24988 453 0 0 0 0 19887
29 73 50KHz 27397 30340 31224 31571 32297 32353 32528 32392 32502 32306 32236 32051 31982 31861 32260 31646 31842 32302 32211 32245 31898 31729 31676 31574 31058 29412 24286 0 0 0 0 0
30 73 50KHz 15099 27044 30241 31223 32015 31867 32360 32488 32323 32097 32239 31986 32166 30989 32745 31834 31922 32710 32092 32208 31990 31974 31852 31763 31657 31237 29571 22717 0 0 0 0
31 73 50KHz 19220 0 18091 27950 30977 31576 31879 31974 32010 32089 32102 32141 32122 32178 31920 31996 31998 31823 32039 32054 32143 32143 32131 32100 31969 31589 31061 28782 18945 0 0 0
0 174 50KHz 0 0 0 19988 29513 31210 31625 31713 31913 32141 32075 32252 32108 32941 31488 32126 32208 31469 32161 32105 32307 32294 32365 32384 32266 31946 31994 31448 30035 27025 15190 15700
1 174 50KHz 0 0 0 0 24874 29735 31298 31676 31832 31965 32024 32070 32057 32032 31962 32020 32075 31961 32146 32157 32259 32279 32282 32279 32247 32153 32129 31840 31207 30121 26929 0
2 175 50KHz 0 0 0 0 2749 26045 30616 31594 31609 31686 31974 31860 32117 30738 32691 32026 31921 32633 32032 32148 32225 32338 32241 32165 32279 32513 32274 31926 31655 31077 30123 18752
3 175 50KHz 20668 0 0 0 0 3475 27996 30796 31346 31478 31848 31587 31900 30044 33109 31870 31874 33246 32214 32366 32179 32257 32118 32072 32198 32572 32292 32231 32028 31533 31214 28202
4 175 50KHz 29686 25227 3270 0 0 0 5451 25367 29502 30938 31303 31587 31512 32506 31519 31970 32265 31859 32462 32361 32334 32254 32361 32431 32302 32051 32257 32417 32300 32300 32061 31126
5 175 50KHz 31183 29630 25607 1435 0 0 0 0 18888 27075 29302 30393 30472 32915 30871 31512 32286 31807 32898 32657 32192 31895 32156 32355 32035 31495 32000 32905 32593 32445 31908 31656
6 175 50KHz 31549 31228 30500 27479 2379 0 0 0 6767 14348 24146 28297 29909 32498 30732 31994 32294 31140 32248 32129 32330 32276 32427 32490 32308 31931 32244 32235 32257 32473 32350 31893
7 175 50KHz 31712 31677 31603 30701 25002 0 0 0 0 0 8121 21674 27247 29835 31234 32016 32043 31576 31852 31921 32360 32493 32470 32405 32436 32443 32424 31899 32066 32255 32426 31970
8 175 50KHz 31954 31873 31684 31361 29350 19254 4735 0 0 0 0 4506 21074 28680 30203 31633 32155 31453 32344 32248 32342 32276 32407 32475 32320 32017 32283 32367 32350 32495 32358 32098
9 176 50KHz 32163 31994 31742 31477 30796 26886 14840 0 0 0 0 0 5762 23385 29760 31129 31913 32074 32415 32367 32218 32130 32217 32300 32188 32013 32202 32523 32415 32333 32160 32168
10 176 50KHz 32074 32021 31996 31831 31198 29275 24388 8018 0 0 0 0 0 11788 28242 30695 31592 32021 32016 32102 32225 32289 32269 32225 32282 32344 32321 32181 32213 32178 32229 32111
11 176 50KHz 32251 32044 31844 31537 31504 30365 28429 21558 3185 0 0 0 0 0 23395 29214 31170 32442 32128 32230 32083 32086 32066 32079 32109 32246 32208 32435 32342 32051 31993 32158
12 176 50KHz 32072 32013 32083 31833 31404 30442 30011 27335 20721 5659 0 0 0 0 3470 25867 30160 32196 31510 31857 32081 32289 32134 32031 32238 32651 32353 31964 32059 31866 32098 32059
13 176 50KHz 33165 32033 30405 29526 32573 33014 32673 29420 27617 20937 4232 0 0 0 0 2157 27551 32822 33705 33564 31348 30529 31011 31570 30983 30340 31192 34591 33508 32168 30791 32431
14 176 50KHz 31048 31631 32589 33077 31005 30288 30225 30786 29375 28992 27320 21780 702 0 0 0 4855 27024 28903 30002 31880 32592 32363 32119 32538 32927 32461 30381 30956 31714 32623 31477
15 176 50KHz 32001 31878 31916 31722 31764 31247 31859 31980 31379 30859 30488 28887 25313 3137 0 0 0 12373 25542 29290 30586 31195 31238 31368 31687 32094 31852 31754 31718 31436 31669 31810
16 177 50KHz 32154 32000 31833 31744 32170 32160 32280 32046 32070 31797 31500 31009 29969 27702 7873 0 0 0 0 19320 26583 28900 30115 30938 31255 31327 31588 32118 31958 31779 31719 31941
17 177 50KHz 31330 31869 32595 33227 31664 31592 31066 31450 31223 31860 31943 32438 32266 32546 28328 14528 0 0 0 0 11504 22599 27359 29905 31167 31388 31701 30565 31024 31999 32640 31642
18 177 50KHz 32221 32213 32115 32298 32469 32837 32333 31975 32374 32449 32103 32172 31661 33240 29930 26560 0 0 0 0 0 4709 20912 27518 29937 30538 31458 32116 32069 32310 32194 32152
19 177 50KHz 32133 32195 32215 32401 32339 32574 32187 31997 32238 32366 32158 32291 31983 33134 30752 29773 20760 0 0 0 0 0 3726 22405 28187 30140 31412 31914 31991 32252 32250 32116
20 177 50KHz 32319 32268 32258 32195 32307 32151 32343 32407 32308 32192 32250 32110 32163 31567 32217 30929 27377 12830 0 0 0 0 0 12401 24946 29491 31181 31836 31942 31897 32010 32159
21 177 50KHz 32281 32259 32342 32234 32209 31808 32258 32502 32207 32072 32284 32110 32352 30813 32811 31460 29449 23504 5067 0 0 0 0 0 15148 26952 30522 31443 31717 31688 31964 32101
22 177 50KHz 32367 32288 32248 32125 32331 32104 32458 32508 32363 32187 32287 32088 32211 31181 32594 31510 30474 27879 21025 4552 0 0 0 0 0 18152 28795 31261 31685 31686 31879 32135
23 178 50KHz 32399 32291 32174 32071 32420 32341 32506 32448 32466 32284 32271 32091 32100 31664 32367 31578 31163 30175 27483 22556 12265 0 0 0 0 0 24071 30520 31426 31628 31805 32132
24 178 50KHz 32234 32209 32265 32196 32237 31965 32272 32439 32240 32116 32262 32104 32280 31066 32700 31834 31416 31311 29847 28155 24882 14606 0 0 0 0 551 26742 30077 31015 31629 31923
25 178 50KHz 31868 32072 32464 32517 31938 31428 31852 32370 31852 31898 32284 32252 32676 30677 32985 32213 31509 31535 30480 30202 29667 27209 18505 0 0 0 0 2469 24882 29373 31177 31455
26 178 50KHz 32021 32143 32301 32304 32231 31977 32235 32441 32228 32173 32333 32244 32428 31399 32666 32060 31795 31923 31477 31497 31322 30770 29144 24849 2272 0 0 0 1914 24968 29832 31164
27 178 50KHz 31624 31970 32034 32315 32477 32918 32396 32045 32455 32600 32288 32486 32095 34050 31087 32020 32287 30947 32207 32046 31951 31602 31419 30694 27327 3254 0 0 0 0 23539 29246
28 178 50KHz 30131 31257 31694 32052 32292 32555 32307 32117 32344 32415 32245 32356 32129 33195 31459 31926 32083 31246 32056 32013 31972 31780 31734 31450 30221 25015 301 0 0 0 0 19664
29 178 50KHz 27168 30147 31099 31529 32291 32405 32521 32350 32504 32335 32228 32073 31953 32051 32148 31674 31911 32206 32287 32269 31929 31746 31712 31627 31102 29432 24214 0 0 0 0 0
30 179 50KHz 15031 26801 30016 31119 31987 31855 32354 32449 32306 32104 32223 31985 32141 30959 32797 31820 31828 32746 32109 32208 32011 31980 31864 31784 31670 31237 29577 22557 0 0 0 0
31 179 50KHz 19173 0 17583 27677 30899 31539 31867 31928 31992 32078 32077 32125 32062 32235 31817 31926 31976 31739 32034 32040 32122 32107 32106 32081 31934 31504 30988 28647 18555 0 0 0
0 179 50KHz 0 0 0 19979 29489 31211 31610 31709 31911 32150 32073 32251 32107 32956 31479 32123 32211 31458 32151 32107 32307 32292 32366 32383 32266 31946 31996 31457 30040 27097 15184 15663
1 179 50KHz 0 0 0 0 24877 29731 31299 31682 31821 31965 32021 32053 32058 32028 31959 32021 32078 31987 32149 32161 32274 32279 32287 32279 32247 32159 32131 31840 31209 30117 26926 0
2 179 50KHz 0 0 0 0 2712 26041 30614 31593 31613 31694 31976 31864 32099 30736 32713 32029 31919 32656 32017 32148 32231 32336 32228 32162 32278 32517 32272 31926 31657 31090 30121 18729
3 179 50KHz 20640 0 0 0 0 3520 28001 30795 31343 31478 31850 31590 31903 30030 33129 31885 31869 33267 32204 32348 32180 32253 32118 32068 32223 32572 32294 32209 32029 31524 31202 28182
4 179 50KHz 29679 25223 3233 0 0 0 5427 25344 29501 30940 31301 31589 31514 32519 31493 31970 32270 31846 32463 32349 32334 32254 32361 32432 32301 32044 32259 32416 32315 32292 32049 31113
5 180 50KHz 31180 29625 25600 1533 0 0 0 0 18870 27070 29300 30393 30474 32907 30874 31509 32295 31808 32894 32656 32190 31895 32150 32351 32030 31488 32002 32906 32608 32420 31913 31636
6 180 50KHz 31529 31223 30504 27521 2194 0 0 0 6784 14340 24143 28299 29989 32509 30728 32003 32300 31136 32248 32129 32329 32276 32428 32492 32308 31930 32246 32242 32252 32471 32347 31885
7 180 50KHz 31707 31669 31605 30701 24999 0 0 0 0 0 7664 21690 27261 29881 31247 32022 32043 31575 31864 31918 32356 32493 32472 32401 32439 32450 32423 31871 32058 32269 32421 31969
8 180 50KHz 31954 31873 31710 31358 29349 19253 4703 0 0 0 0 4599 21080 28681 30184 31634 32164 31444 32347 32268 32342 32277 32407 32476 32324 32009 32283 32375 32380 32483 32363 32095
9 180 50KHz 32165 31995 31741 31483 30795 26992 14831 0 0 0 0 0 5735 23402 29757 31130 31917 32012 32418 32369 32223 32125 32223 32302 32186 32004 32203 32526 32419 32309 32165 32155
10 180 50KHz 32068 32022 31995 31830 31195 29266 24549 8093 0 0 0 0 0 11806 28236 30695 31588 32022 32012 32103 32225 32294 32269 32250 32283 32342 32313 32181 32207 32180 32228 32110
11 180 50KHz 32252 32045 31847 31534 31494 30366 28429 21566 3192 0 0 0 0 0 23417 29201 31168 32449 32130 32260 32083 32085 32063 32082 32109 32242 32207 32435 32345 32048 31994 32153
12 181 50KHz 32070 32013 32072 31832 31410 30444 30009 27334 20758 5687 0 0 0 0 3452 25861 30140 32207 31508 31874 32077 32290 32136 32031 32236 32655 32350 31965 32043 31876 32091 32061
13 181 50KHz 33185 32036 30399 29502 32594 33040 32682 29413 27646 20993 4101 0 0 0 0 2193 27567 32840 33719 33576 31354 30523 30996 31562 30970 30313 31205 34602 33560 32132 30819 32402
14 181 50KHz 31038 31631 32594 33092 30998 30269 30220 30786 29365 28984 27311 21837 748 0 0 0 4837 27072 28894 29994 31877 32612 32361 32128 32545 32933 32452 30363 30916 31761 32620 31488
15 181 50KHz 32001 31884 31919 31724 31763 31238 31860 31977 31383 30860 30494 28877 25302 3147 0 0 0 12362 25545 29290 30584 31196 31239 31363 31674 32102 31851 31774 31718 31440 31670 31810
16 181 50KHz 32162 32002 31822 31746 32172 32175 32290 32040 32078 31802 31498 30996 29954 27621 7846 0 0 0 0 19345 26582 28894 30111 30939 31252 31327 31586 32130 31961 31774 31726 31941
17 181 50KHz 31324 31870 32598 33223 31654 31590 31057 31446 31204 31849 31945 32443 32275 32492 28333 14563 0 0 0 0 11485 22616 27361 29905 31169 31413 31698 30554 30997 32026 32633 31652
18 182 50KHz 32219 32215 32116 32298 32470 32829 32339 31974 32375 32438 32101 32172 31658 33247 29926 26542 0 0 0 0 0 4854 20917 27538 29938 30542 31448 32115 32076 32298 32196 32149
19 182 50KHz 32132 32195 32215 32406 32340 32572 32193 31998 32238 32365 32160 32288 31975 33143 30746 29754 20733 0 0 0 0 0 3561 22411 28162 30148 31415 31894 31995 32246 32253 32115
20 182 50KHz 32320 32269 32250 32191 32310 32143 32340 32402 32309 32193 32249 32120 32160 31419 32226 30932 27345 12861 0 0 0 0 0 12404 24945 29520 31183 31841 31952 31895 32012 32161
21 182 50KHz 32281 32261 32342 32239 32208 31846 32254 32508 32209 32072 32285 32107 32351 30779 32830 31461 29442 23633 5025 0 0 0 0 0 15163 26947 30519 31444 31705 31699 31962 32107
22 182 50KHz 32368 32287 32253 32130 32328 32105 32416 32507 32362 32171 32285 32091 32212 31179 32608 31508 30480 27888 21053 4539 0 0 0 0 0 18154 28803 31262 31688 31685 31881 32136
23 182 50KHz 32402 32288 32175 32071 32419 32336 32509 32447 32463 32286 32269 32090 32085 31650 32371 31572 31173 30177 27483 22554 12238 0 0 0 0 0 24080 30543 31446 31611 31806 32130
24 182 50KHz 32230 32211 32266 32193 32236 31960 32274 32437 32243 32118 32262 32098 32275 31147 32704 31836 31433 31332 29838 28157 24806 14734 0 0 0 0 569 26758 30068 31029 31628 31923
25 183 50KHz 31867 32076 32464 32536 31936 31416 31852 32369 31853 31897 32284 32252 32677 30689 32978 32211 31500 31579 30476 30196 29668 27209 18477 0 0 0 0 2430 24840 29437 31170 31461
26 183 50KHz 32024 32146 32301 32306 32228 31987 32268 32436 32228 32171 32332 32248 32445 31417 32648 32054 31791 31938 31493 31502 31334 30763 29125 24851 2310 0 0 0 1985 24989 29839 31165
27 183 50KHz 31639 31966 32035 32310 32476 32859 32393 32038 32457 32597 32289 32483 32117 34038 31100 32022 32293 30936 32238 32067 31948 31601 31416 30667 27284 3183 0 0 0 0 23528 29242
28 183 50KHz 30117 31252 31672 32052 32296 32610 32272 32088 32355 32437 32237 32368 32104 33334 31354 31905 32127 31162 32077 32057 31975 31767 31716 31461 30225 24991 275 0 0 0 0 19655
29 183 50KHz 27139 30139 31104 31510 32275 32349 32511 32375 32484 32305 32229 32043 31972 31890 32205 31680 31915 32338 32248 32260 31920 31775 31706 31614 31108 29459 24213 0 0 0 0 0
30 183 50KHz 14988 26798 30016 31099 31993 31871 32336 32448 32305 32092 32224 31991 32177 30969 32789 31821 31825 32705 32117 32210 31998 31982 31873 31780 31668 31234 29514 22553 0 0 0 0
31 183 50KHz 19184 0 17602 27696 30921 31550 31861 31940 31999 32082 32080 32127 32081 32318 31818 31928 31975 31735 32032 32038 32120 32085 32103 32081 31924 31503 30981 28650 18589 0 0 0
0 184 50KHz 0 0 0 19978 29514 31215 31616 31713 31916 32144 32075 32253 32112 32961 31473 32125 32213 31457 32167 32107 32307 32298 32367 32387 32266 31944 31990 31456 30034 27106 15398 15709
1 184 50KHz 0 0 0 0 24886 29736 31296 31678 31819 31988 32023 32060 32057 32030 31974 32021 32077 31979 32147 32160 32260 32278 32287 32292 32247 32154 32130 31844 31206 30134 26922 0
2 184 50KHz 0 0 0 0 2801 26021 30613 31588 31605 31691 31974 31863 32117 30739 32710 32020 31912 32650 32019 32149 32227 32341 32229 32160 32268 32512 32273 31922 31641 31099 30121 18735
3 184 50KHz 20646 0 0 0 0 3527 27966 30778 31340 31473 31847 31586 31896 30038 33133 31886 31854 33268 32212 32347 32180 32256 32116 32071 32222 32584 32293 32223 32027 31532 31230 28192
4 184 50KHz 29686 25235 3355 0 0 0 5325 25348 29467 30938 31301 31593 31514 32511 31499 31970 32275 31808 32464 32362 32334 32254 32364 32432 32301 32044 32260 32418 32314 32278 32054 31123
5 184 50KHz 31191 29619 25582 1557 0 0 0 0 18864 27071 29302 30395 30477 32901 30871 31514 32306 31806 32899 32655 32190 31897 32151 32357 32032 31492 32003 32907 32659 32357 31918 31649
6 184 50KHz 31546 31227 30506 27447 2551 0 0 0 6757 14330 24146 28302 29912 32510 30720 32006 32307 31130 32234 32131 32331 32277 32427 32488 32315 31929 32243 32242 32254 32478 32349 31888
7 185 50KHz 31705 31677 31601 30694 24987 0 0 0 0 0 7960 21675 27262 29837 31250 32024 32037 31578 31857 31919 32356 32492 32469 32400 32428 32467 32420 31901 32027 32324 32405 31971
8 185 50KHz 31953 31872 31745 31355 29340 19298 4672 0 0 0 0 4544 21062 28702 30168 31637 32171 31440 32342 32255 32341 32281 32396 32475 32325 32006 32277 32372 32362 32479 32368 32075
9 185 50KHz 32162 32028 31742 31478 30795 26882 14693 0 0 0 0 0 5768 23407 29716 31127 31919 31986 32415 32368 32218 32125 32221 32302 32188 32006 32205 32527 32435 32304 32162 32157
10 185 50KHz 32074 32024 31997 31831 31202 29288 24557 8050 0 0 0 0 0 11804 28240 30697 31586 32023 32013 32098 32223 32287 32268 32249 32290 32351 32319 32176 32198 32191 32226 32112
11 185 50KHz 32254 32048 31845 31537 31495 30393 28436 21557 3180 0 0 0 0 0 23423 29197 31179 32452 32128 32258 32082 32084 32065 32080 32109 32256 32206 32434 32354 32040 31989 32156
12 185 50KHz 32069 32012 32083 31832 31413 30357 30010 27337 20770 5748 0 0 0 0 3537 25858 30130 32206 31513 31853 32076 32290 32133 32032 32236 32650 32345 31966 32026 31901 32091 32064
13 185 50KHz 33199 32036 30397 29500 32593 33046 32703 29413 27636 20969 4008 0 0 0 0 2148 27590 32860 33717 33574 31342 30516 30986 31558 30966 30296 31227 34610 33732 31904 30819 32401
14 186 50KHz 31032 31630 32598 33090 30990 30259 30212 30779 29352 29004 27317 21876 853 0 0 0 4881 27071 28895 29984 31877 32601 32369 32134 32538 32940 32435 30355 30798 31878 32614 31483
15 186 50KHz 32003 31883 31923 31722 31757 31216 31860 31983 31378 30851 30494 28885 25325 3236 0 0 0 12485 25526 29281 30580 31203 31232 31354 31675 32106 31850 31740 31690 31438 31660 31808
16 186 50KHz 32173 32003 31824 31736 32178 32221 32298 32042 32085 31808 31499 31003 29947 27645 7857 0 0 0 0 19326 26577 28890 30108 30939 31247 31321 31584 32144 32000 31749 31721 31937
17 186 50KHz 31317 31865 32604 33236 31643 31596 31046 31445 31201 31846 31943 32433 32274 32479 28328 14674 0 0 0 0 11489 22623 27367 29914 31176 31406 31694 30561 30917 32096 32637 31649
18 186 50KHz 32222 32214 32114 32300 32470 32823 32340 31965 32370 32448 32101 32168 31655 33246 29929 26551 0 0 0 0 0 4713 20911 27547 29917 30541 31460 32114 32093 32282 32192 32148
19 186 50KHz 32134 32195 32215 32406 32335 32572 32186 31993 32242 32362 32159 32287 31974 33193 30747 29775 20808 0 0 0 0 0 3718 22410 28151 30081 31416 31979 31995 32247 32231 32115
20 186 50KHz 32330 32269 32260 32191 32307 32144 32343 32403 32310 32222 32249 32112 32161 31430 32256 30927 27369 12921 0 0 0 0 0 12427 24951 29517 31188 31831 31939 31896 32013 32166
21 187 50KHz 32284 32256 32344 32237 32209 31764 32298 32504 32203 32069 32285 32110 32350 30800 32799 31462 29434 23545 5092 0 0 0 0 0 15154 26955 30525 31440 31712 31699 31962 32092
22 187 50KHz 32365 32288 32247 32129 32330 32109 32442 32514 32363 32184 32285 32095 32216 31178 32606 31530 30472 27894 21017 4522 0 0 0 0 0 18139 28799 31264 31690 31686 31880 32135
23 187 50KHz 32401 32298 32181 32069 32421 32332 32509 32468 32469 32284 32271 32092 32087 31569 32370 31592 31171 30182 27481 22556 12270 0 0 0 0 0 24079 30506 31439 31615 31811 32129
24 187 50KHz 32233 32211 32271 32194 32237 31931 32276 32437 32240 32116 32262 32103 32276 31124 32778 31838 31387 31329 29842 28114 24877 14743 0 0 0 0 581 26747 30079 31027 31633 31914
25 187 50KHz 31865 32071 32465 32517 31932 31396 31854 32373 31850 31893 32284 32249 32679 30651 32985 32213 31480 31542 30477 30196 29702 27206 18499 0 0 0 0 2482 24853 29405 31172 31458
26 187 50KHz 32023 32144 32298 32303 32232 31991 32256 32439 32231 32178 32333 32249 32433 31421 32656 32057 31787 31920 31481 31501 31333 30795 29132 24836 2381 0 0 0 1946 24997 29834 31169
27 187 50KHz 31628 31971 32037 32309 32476 32907 32395 32050 32460 32596 32288 32483 32093 34071 31089 32022 32301 30945 32198 32046 31949 31596 31429 30681 27332 3163 0 0 0 0 23517 29240
28 188 50KHz 30129 31253 31689 32051 32291 32560 32309 32106 32349 32427 32242 32360 32118 33286 31453 31923 32105 31197 32074 32020 31975 31773 31727 31455 30230 24972 278 0 0 0 0 19623
29 188 50KHz 27143 30144 31102 31528 32287 32378 32509 32363 32497 32322 32228 32073 31963 31988 32163 31678 31909 32242 32269 32263 31930 31753 31710 31620 31109 29461 24230 0 0 0 0 0
30 188 50KHz 15003 26793 30015 31116 31992 31870 32335 32436 32311 32106 32224 31991 32132 30974 32792 31817 31822 32742 32111 32212 32001 31984 31863 31787 31669 31236 29576 22548 0 0 0 0
31 188 50KHz 19181 0 17605 27690 30902 31544 31861 31942 31998 32079 32078 32125 32084 32236 31828 31926 31977 31742 32030 32038 32122 32105 32103 32080 31934 31507 30983 28640 18561 0 0 0
0 188 50KHz 0 0 0 19969 29512 31226 31609 31676 31913 32146 32072 32252 32103 32896 31446 32127 32222 31453 32162 32104 32307 32293 32369 32391 32261 31942 31992 31452 30030 27090 15163 15639
1 188 50KHz 0 0 0 0 24869 29735 31296 31671 31824 31991 32022 32062 32059 32047 31973 32047 32079 31974 32155 32163 32258 32276 32284 32283 32247 32139 32131 31840 31204 30129 26914 0
2 188 50KHz 0 0 0 0 2815 26023 30606 31574 31596 31691 31975 31862 32117 30842 32725 32039 31907 32647 32027 32152 32229 32325 32226 32157 32276 32512 32286 31918 31650 31091 30127 18738
3 189 50KHz 20646 0 0 0 0 3459 27985 30806 31368 31473 31845 31588 31898 30092 33128 31884 31854 33283 32244 32351 32178 32253 32120 32071 32222 32568 32292 32226 32004 31530 31203 28228
4 189 50KHz 29682 25219 3450 0 0 0 5313 25347 29504 30942 31306 31595 31514 32536 31487 31968 32284 31824 32463 32363 32341 32256 32363 32430 32302 32038 32260 32417 32309 32286 32056 31120
5 189 50KHz 31194 29628 25597 1617 0 0 0 0 18860 27075 29304 30376 30469 32913 30865 31470 32319 31807 32892 32654 32191 31899 32149 32348 32032 31488 32005 32907 32627 32387 31906 31644
6 189 50KHz 31546 31215 30495 27461 2404 0 0 0 6764 14332 24150 28301 29988 32588 30733 31995 32317 31064 32250 32130 32328 32278 32426 32482 32303 31935 32243 32260 32251 32467 32350 31889
7 189 50KHz 31705 31673 31583 30695 24991 0 0 0 0 0 7722 21695 27268 29845 31281 32031 32039 31579 31855 31933 32355 32490 32470 32401 32437 32446 32416 31907 32060 32281 32422 31972
8 189 50KHz 31954 31873 31685 31350 29354 19234 4711 0 0 0 0 4512 21077 28711 30187 31631 32176 31427 32343 32249 32343 32274 32409 32476 32301 32009 32282 32370 32361 32497 32366 32097
9 189 50KHz 32160 31994 31742 31488 30802 27003 14801 0 0 0 0 0 6055 23430 29761 31125 31926 31991 32416 32366 32221 32145 32224 32296 32188 32012 32212 32522 32427 32313 32163 32157
10 190 50KHz 32075 32014 31996 31831 31202 29286 24559 8042 0 0 0 0 0 11840 28253 30696 31585 32013 32027 32101 32224 32290 32268 32248 32283 32346 32317 32204 32204 32183 32227 32112
11 190 50KHz 32251 32046 31840 31535 31504 30379 28431 21589 3186 0 0 0 0 0 23413 29197 31167 32455 32124 32267 32081 32086 32065 32079 32105 32243 32206 32431 32350 32043 31995 32153
12 190 50KHz 32068 32014 32082 31813 31410 30445 30012 27335 20732 5841 0 0 0 0 3560 25880 30126 32218 31514 31853 32079 32288 32132 32036 32237 32646 32347 31970 32036 31885 32091 32059
13 190 50KHz 33205 32039 30390 29491 32630 33045 32693 29412 27638 20943 4073 0 0 0 0 2220 27643 32793 33727 33584 31336 30517 30990 31541 30965 30313 31202 34604 33657 31995 30819 32396
14 190 50KHz 31021 31626 32600 33091 30978 30299 30203 30772 29347 28997 27356 21855 850 0 0 0 4862 27057 28890 29978 31878 32606 32373 32128 32548 32936 32453 30349 30851 31819 32616 31491
15 190 50KHz 32001 31882 31924 31724 31754 31222 31851 31983 31375 30850 30493 28890 25323 3186 0 0 0 12533 25531 29293 30581 31198 31233 31358 31672 32113 31852 31747 31706 31433 31661 31809
16 191 50KHz 32175 32005 31815 31734 32194 32202 32309 32041 32097 31814 31494 30996 29925 27694 7859 0 0 0 0 19298 26553 28882 30103 30939 31241 31307 31579 32157 31993 31774 31717 31944
17 191 50KHz 31308 31863 32606 33242 31636 31570 31037 31444 31194 31822 31945 32438 32289 32516 28352 14657 0 0 0 0 11514 22605 27371 29913 31175 31406 31701 30542 30960 32046 32632 31649
18 191 50KHz 32223 32212 32116 32299 32471 32828 32334 31976 32373 32446 32105 32174 31658 33247 29919 26503 0 0 0 0 0 4743 20925 27537 29940 30539 31461 32126 32080 32291 32194 32149
19 191 50KHz 32132 32197 32215 32405 32341 32575 32194 31998 32239 32362 32157 32287 31975 33138 30737 29775 20702 0 0 0 0 0 3725 22410 28144 30142 31415 31914 31986 32245 32252 32115
20 191 50KHz 32319 32270 32258 32152 32310 32148 32342 32403 32293 32191 32249 32111 32160 31432 32223 30925 27371 13191 0 0 0 0 0 12414 24952 29540 31184 31834 31942 31899 32014 32158
21 191 50KHz 32280 32262 32342 32239 32211 31852 32257 32502 32203 32089 32286 32109 32351 30784 32785 31461 29430 23550 5262 0 0 0 0 0 15151 26957 30528 31441 31712 31696 31963 32107
22 191 50KHz 32367 32285 32252 32129 32332 32109 32421 32507 32363 32184 32285 32093 32210 31164 32612 31500 30477 27908 21001 4542 0 0 0 0 0 18165 28804 31258 31688 31686 31880 32134
23 192 50KHz 32403 32290 32169 32068 32422 32332 32490 32463 32461 32284 32270 32087 32086 31688 32379 31583 31169 30187 27483 22407 12233 0 0 0 0 0 24069 30509 31446 31619 31809 32128
24 192 50KHz 32221 32213 32265 32151 32239 31961 32275 32436 32239 32118 32263 32109 32270 31133 32701 31832 31398 31365 29840 28161 24885 14739 0 0 0 0 587 26748 30082 31027 31630 31924
25 192 50KHz 31865 32075 32466 32521 31932 31423 31849 32369 31852 31914 32288 32248 32681 30659 33003 32217 31471 31565 30447 30198 29665 27210 18494 0 0 0 0 2405 24855 29394 31167 31467
26 192 50KHz 32019 32139 32302 32308 32233 31986 32249 32440 32231 32177 32334 32249 32426 31412 32657 32066 31784 31927 31483 31495 31334 30770 29147 24847 2442 0 0 0 1921 24990 29833 31164
27 192 50KHz 31624 31970 32044 32310 32480 32912 32398 32053 32459 32597 32288 32490 32093 34069 31079 32019 32321 30925 32204 32049 31945 31595 31416 30689 27330 3113 0 0 0 0 23530 29237
28 192 50KHz 30120 31253 31691 32034 32290 32574 32308 32115 32345 32422 32243 32359 32125 33257 31425 31926 32112 31153 32059 32014 31975 31777 31730 31452 30232 24997 311 0 0 0 0 19628
29 192 50KHz 27139 30147 31100 31535 32293 32389 32520 32359 32497 32325 32227 32071 31958 32011 32139 31675 31917 32216 32275 32269 31927 31738 31712 31625 31108 29445 24240 0 0 0 0 0
30 193 50KHz 15002 26794 30017 31124 31990 31869 32337 32446 32307 32107 32224 31992 32138 30949 32797 31828 31816 32752 32111 32210 32001 31975 31880 31789 31670 31231 29579 22614 0 0 0 0
31 193 50KHz 19183 0 17614 27697 30907 31573 31861 31945 31995 32081 32078 32126 32085 32236 31903 31928 31977 31735 32032 32045 32121 32103 32103 32076 31931 31504 30979 28644 18650 0 0 0
0 193 50KHz 0 0 0 19964 29512 31222 31619 31709 31914 32145 32075 32263 32109 32981 31459 32124 32225 31438 32168 32109 32305 32292 32367 32386 32266 31934 31991 31453 30025 27078 15152 15703
1 193 50KHz 0 0 0 0 24861 29734 31294 31674 31819 31965 32023 32060 32059 32098 31960 32021 32079 31985 32158 32156 32261 32281 32290 32277 32247 32156 32131 31835 31208 30122 26926 0
2 193 50KHz 0 0 0 0 2796 26022 30608 31587 31606 31692 31976 31863 32116 30730 32747 32025 31898 32662 32021 32143 32228 32340 32228 32165 32277 32515 32274 31924 31696 31093 30124 18748
3 193 50KHz 20630 0 0 0 0 3611 28012 30790 31337 31476 31847 31585 31901 30037 33151 31882 31846 33283 32215 32347 32172 32254 32117 32071 32223 32575 32293 32227 32028 31517 31210 28189
4 193 50KHz 29700 25211 3497 0 0 0 5247 25359 29516 30950 31304 31595 31521 32562 31481 31967 32291 31802 32468 32363 32333 32242 32364 32433 32302 32037 32259 32419 32308 32295 32057 31123
5 194 50KHz 31191 29633 25597 1672 0 0 0 0 18866 27073 29304 30397 30477 32957 30862 31496 32332 31792 32894 32652 32188 31893 32141 32344 32032 31502 32013 32910 32612 32391 31920 31643
6 194 50KHz 31544 31224 30474 27469 2379 0 0 0 6758 14329 24136 28300 29916 32715 30722 31995 32325 31114 32252 32130 32329 32276 32426 32485 32310 31928 32244 32248 32238 32470 32352 31891
7 194 50KHz 31707 31677 31601 30714 24986 0 0 0 0 0 7893 21688 27262 29838 31240 32037 32037 31572 31854 31919 32366 32492 32469 32406 32435 32454 32415 31908 32055 32275 32414 31975
8 194 50KHz 31958 31873 31685 31361 29365 19211 4688 0 0 0 0 4557 21169 28724 30189 31629 32184 31434 32345 32251 32341 32273 32407 32474 32324 32007 32281 32371 32351 32487 32371 32098
9 194 50KHz 32167 31995 31742 31481 30801 27012 14873 0 0 0 0 0 5882 23543 29761 31118 31930 31996 32418 32368 32217 32126 32219 32293 32187 32007 32208 32503 32424 32320 32165 32156
10 194 50KHz 32075 32024 31991 31828 31200 29278 24557 8099 0 0 0 0 0 11852 28254 30702 31581 32019 32013 32105 32223 32290 32269 32249 32285 32355 32317 32183 32244 32184 32226 32113
11 194 50KHz 32253 32048 31845 31510 31503 30364 28434 21567 3420 0 0 0 0 0 23470 29198 31165 32451 32130 32259 32091 32085 32068 32080 32109 32236 32208 32433 32347 32032 31999 32155
12 195 50KHz 32072 32014 32083 31833 31410 30461 30012 27339 20764 5891 0 0 0 0 3671 25876 30109 32242 31514 31856 32079 32291 32135 32035 32235 32654 32346 31971 32049 31883 32092 32062
13 195 50KHz 33219 32032 30381 29495 32631 33030 32705 29407 27669 20938 3852 0 0 0 0 2188 27667 32802 33734 33594 31340 30501 30984 31548 30949 30265 31221 34611 33599 32066 30817 32402
14 195 50KHz 31019 31624 32600 33099 30964 30276 30196 30779 29343 28982 27348 21910 779 0 0 0 4851 27109 28873 29964 31880 32610 32375 32136 32551 32959 32444 30346 30863 31775 32616 31483
15 195 50KHz 31999 31882 31923 31708 31757 31218 31858 31982 31378 30849 30494 28881 25325 3222 0 0 0 12592 25529 29281 30574 31198 31235 31358 31677 32124 31851 31746 31706 31438 31659 31807
16 195 50KHz 32177 32005 31805 31712 32202 32228 32325 32042 32107 31802 31490 30993 29910 27689 7649 0 0 0 0 19343 26570 28877 30098 30936 31236 31293 31576 32176 32002 31777 31712 31948
17 195 50KHz 31294 31860 32614 33250 31620 31568 31020 31442 31176 31837 31953 32439 32303 32462 28372 14677 0 0 0 0 11529 22632 27374 29914 31177 31440 31693 30507 30965 32030 32633 31638
18 195 50KHz 32220 32212 32112 32302 32475 32822 32338 31974 32371 32448 32099 32176 31664 33259 29911 26527 0 0 0 0 0 4673 20923 27520 29942 30536 31464 32128 32088 32296 32196 32148
19 196 50KHz 32135 32195 32213 32406 32339 32581 32187 32000 32227 32363 32157 32288 31975 33159 30734 29770 20851 0 0 0 0 0 3720 22415 28144 30141 31416 31916 31993 32248 32252 32116
20 196 50KHz 32312 32269 32258 32191 32311 32147 32345 32403 32310 32164 32249 32111 32164 31422 32228 30926 27374 12952 0 0 0 0 0 12404 24952 29516 31202 31834 31944 31895 32018 32156
21 196 50KHz 32278 32266 32340 32238 32211 31856 32257 32500 32210 32077 32286 32110 32354 30746 32785 31453 29420 23580 5166 0 0 0 0 0 15155 26953 30524 31422 31715 31696 31962 32105
22 196 50KHz 32368 32288 32242 32129 32332 32105 32421 32505 32363 32186 32286 32086 32210 31174 32608 31502 30471 27919 21031 4525 0 0 0 0 0 18148 28800 31263 31669 31686 31881 32134
23 196 50KHz 32403 32291 32177 32062 32422 32328 32505 32453 32471 32284 32269 32091 32086 31625 32381 31579 31170 30199 27485 22599 12272 0 0 0 0 0 24072 30505 31434 31618 31804 32128
24 196 50KHz 32223 32212 32264 32195 32237 31963 32274 32435 32240 32141 32263 32105 32276 31132 32693 31834 31397 31344 29832 28165 24882 14741 0 0 0 0 547 26754 30084 31023 31631 31925
25 196 50KHz 31860 32070 32467 32519 31931 31422 31853 32364 31851 31897 32287 32241 32682 30632 33004 32233 31442 31589 30481 30198 29659 27235 18464 0 0 0 0 2409 24856 29377 31162 31461
26 197 50KHz 32022 32133 32286 32306 32230 31983 32216 32440 32232 32176 32334 32245 32427 31398 32667 32062 31740 31929 31501 31504 31333 30766 29140 24845 2369 0 0 0 1963 24976 29830 31166
27 197 50KHz 31625 31970 32033 32308 32480 32924 32397 32048 32460 32599 32287 32483 32092 34083 31067 32020 32334 30911 32202 32042 31952 31595 31430 30688 27335 3113 0 0 0 0 23525 29241
28 197 50KHz 30135 31249 31692 32048 32291 32565 32335 32115 32347 32409 32244 32361 32117 33246 31439 31926 32112 31216 32062 32012 31974 31778 31770 31461 30227 24996 330 0 0 0 0 19638
29 197 50KHz 27135 30176 31099 31563 32297 32392 32524 32350 32500 32327 32225 32073 31952 32032 32141 31676 31920 32219 32281 32270 31928 31753 31716 31623 31103 29439 24131 0 0 0 0 0
30 197 50KHz 14988 26794 29994 31126 31987 31873 32338 32443 32309 32108 32224 31996 32142 30966 32791 31818 31829 32750 32114 32215 31992 31981 31862 31789 31669 31229 29582 22542 0 0 0 0
31 197 50KHz 19175 0 17582 27689 30911 31552 31862 31947 32010 32079 32078 32124 32082 32219 31822 31926 31981 31764 32030 32041 32123 32102 32107 32079 31933 31506 30987 28647 18530 0 0 0
0 198 50KHz 0 0 0 19955 29508 31232 31613 31710 31916 32148 32075 32253 32105 32988 31561 32124 32234 31443 32165 32105 32307 32293 32367 32387 32263 31941 31992 31455 29998 27070 15147 15678
1 198 50KHz 0 0 0 0 24848 29735 31292 31677 31819 31967 32021 32060 32063 32036 31961 32022 32094 31978 32149 32162 32260 32279 32288 32281 32250 32154 32130 31843 31206 30120 26834 0
2 198 50KHz 0 0 0 0 2715 26035 30611 31590 31609 31694 31975 31862 32116 30717 32730 32032 31891 32662 32017 32150 32228 32341 32225 32162 32281 32517 32274 31918 31654 31094 30115 18664
3 198 50KHz 20616 0 0 0 0 3524 27992 30794 31345 31477 31848 31592 31900 30037 33194 31884 31836 33290 32208 32349 32180 32255 32118 32078 32222 32572 32294 32225 32024 31526 31212 28182
4 198 50KHz 29678 25207 3455 0 0 0 5278 25351 29511 30952 31307 31597 31507 32571 31473 31971 32301 31810 32468 32367 32334 32252 32362 32435 32303 32036 32259 32422 32308 32294 32060 31126
5 198 50KHz 31194 29625 25597 1362 0 0 0 0 18855 27066 29301 30395 30484 32898 30873 31487 32351 31779 32889 32651 32187 31881 32149 32344 32032 31505 32016 32898 32606 32398 31913 31650
6 198 50KHz 31552 31218 30504 27457 2262 0 0 0 6705 14339 24151 28299 29908 32528 30715 31993 32333 31102 32252 32132 32328 32276 32433 32482 32310 31945 32243 32241 32253 32469 32349 31881
7 199 50KHz 31712 31676 31602 30696 24996 0 0 0 0 3 7791 21683 27268 29730 31338 32034 32037 31573 31852 31918 32354 32492 32473 32419 32438 32452 32410 31918 32049 32275 32419 31976
8 199 50KHz 31955 31878 31681 31424 29349 19262 4686 0 0 0 0 4526 21073 28723 30229 31649 32193 31416 32346 32272 32343 32275 32406 32471 32317 32006 32281 32372 32352 32497 32365 32097
9 199 50KHz 32166 31994 31743 31476 30825 27005 14845 0 0 0 0 0 5893 23446 29760 31123 31932 31987 32418 32366 32216 32122 32221 32297 32189 32011 32208 32525 32420 32318 32177 32155
10 199 50KHz 32074 32026 31998 31832 31203 29330 24552 8128 0 0 0 0 0 11853 28270 30697 31578 32022 32018 32103 32223 32294 32286 32250 32281 32348 32317 32175 32207 32177 32227 32106
11 199 50KHz 32255 32045 31843 31532 31508 30367 28434 21530 3209 0 0 0 0 0 23595 29201 31162 32445 32101 32256 32082 32087 32065 32082 32109 32239 32208 32427 32354 32052 31996 32154
12 199 50KHz 32070 32015 32087 31834 31410 30452 30011 27341 20778 5685 0 0 0 0 3635 25836 30104 32251 31510 31853 32076 32290 32132 32036 32235 32652 32345 31965 32052 31877 32090 32060
13 199 50KHz 33218 32034 30374 29469 32694 33054 32711 29404 27644 20993 4065 0 0 0 0 2183 27679 32743 33771 33603 31335 30494 30982 31543 30951 30264 31215 34638 33588 32081 30811 32405
14 200 50KHz 31010 31622 32611 33106 30954 30245 30191 30770 29332 28997 27325 21874 817 0 0 0 4837 27108 28847 29946 31878 32617 32374 32128 32553 32969 32448 30332 30891 31757 32621 31489
15 200 50KHz 32001 31882 31921 31725 31757 31223 31852 31982 31376 30852 30494 28877 25318 3182 0 0 0 12627 25524 29290 30580 31200 31235 31345 31673 32119 31851 31750 31717 31433 31661 31808
16 200 50KHz 32190 32008 31797 31718 32213 32239 32332 32044 32121 31827 31486 30988 29908 27730 7476 0 0 0 0 19339 26564 28859 30094 30935 31229 31275 31569 32189 32008 31779 31706 31948
17 200 50KHz 31284 31857 32623 33262 31606 31538 31009 31442 31167 31817 31952 32442 32319 32466 28408 14774 0 0 0 0 11507 22643 27375 29909 31179 31435 31705 30507 30953 32015 32637 31641
18 200 50KHz 32225 32214 32115 32300 32477 32822 32336 31974 32377 32450 32099 32178 31657 33281 29891 26519 0 0 0 0 0 4636 20961 27539 29933 30511 31459 32122 32076 32302 32207 32148
19 200 50KHz 32138 32195 32212 32405 32340 32572 32202 32002 32300 32364 32158 32320 31980 33081 30803 29780 20743 0 0 0 0 0 3763 22418 28147 30137 31419 31909 31996 32246 32251 32107
20 200 50KHz 32319 32269 32250 32194 32312 32150 32328 32439 32308 32191 32249 32108 32163 31423 32227 30929 27374 12931 0 0 0 0 0 12350 24945 29515 31183 31827 31961 31875 32013 32157
21 201 50KHz 32278 32262 32342 32238 32234 31860 32253 32502 32174 32074 32286 32108 32350 30782 32796 31463 29414 23580 5135 0 0 0 0 0 15146 26965 30522 31443 31713 31695 31966 32104
22 201 50KHz 32370 32288 32252 32124 32333 32138 32421 32507 32366 32181 32285 32093 32210 31333 32610 31500 30471 27920 21216 5047 0 0 0 0 0 18150 28796 31265 31686 31687 31880 32131
23 201 50KHz 32406 32294 32184 32071 32424 32326 32507 32451 32453 32284 32268 32103 32083 31598 32349 31580 31185 30189 27489 22557 12237 0 0 0 0 0 24067 30497 31403 31618 31806 32138
24 201 50KHz 32231 32212 32262 32209 32238 31960 32280 32440 32244 32120 32262 32101 32298 31118 32726 31835 31392 31340 29845 28163 24898 14721 0 0 0 0 589 26748 30084 31027 31630 31925
25 201 50KHz 31865 32078 32466 32520 31924 31426 31846 32369 31850 31891 32288 32247 32679 30592 33019 32225 31451 31597 30493 30193 29668 27234 18527 0 0 0 0 2434 24850 29388 31165 31469
26 201 50KHz 32027 32148 32302 32307 32232 32004 32250 32434 32234 32174 32334 32248 32423 31426 32660 32061 31775 31935 31483 31485 31336 30773 29145 24856 2300 0 0 0 1943 24991 29841 31168
27 201 50KHz 31630 31973 32040 32310 32481 32910 32397 32049 32462 32597 32288 32486 32094 34074 31065 32014 32336 30901 32208 32047 31939 31601 31414 30686 27338 2976 0 0 0 0 23526 29240
28 202 50KHz 30117 31252 31694 32047 32291 32570 32310 32113 32346 32422 32244 32359 32114 33261 31417 31922 32124 31183 32059 32014 31975 31777 31725 31453 30231 24990 586 0 0 0 0 19630
29 202 50KHz 27130 30142 31104 31533 32304 32391 32518 32359 32499 32331 32227 32073 31960 32034 32135 31663 31924 32212 32293 32267 31927 31751 31710 31623 31107 29441 24237 0 0 0 0 0
30 202 50KHz 14969 26787 30015 31123 31991 31848 32337 32448 32307 32102 32220 31989 32140 30944 32814 31816 31806 32763 32107 32189 32000 31982 31862 31786 31681 31236 29588 22538 0 0 0 0
31 202 50KHz 19192 0 17612 27687 30906 31545 31862 31948 31997 32074 32079 32111 32086 32223 31835 31927 31976 31740 32030 32041 32123 32106 32105 32079 31927 31508 30987 28650 18460 0 0 0
0 202 50KHz 0 0 0 19945 29514 31232 31616 31708 31918 32152 32071 32253 32102 32986 31437 32125 32244 31401 32173 32113 32307 32297 32352 32393 32267 31925 31976 31463 30033 27076 15035 15951
1 202 50KHz 0 0 0 0 24841 29777 31292 31679 31821 31952 32032 32059 32056 32030 31953 32023 32082 31982 32148 32162 32261 32239 32288 32286 32243 32157 32132 31870 31204 30135 26914 0
2 202 50KHz 0 0 0 0 2683 26032 30614 31582 31610 31697 31976 31867 32118 30724 32732 32034 31888 32680 32020 32143 32229 32341 32229 32162 32280 32522 32273 31930 31654 31093 30137 18739
3 203 50KHz 20526 0 0 0 0 3513 28000 30803 31361 31480 31851 31592 31906 30010 33158 31886 31829 33289 32213 32347 32180 32257 32117 32073 32224 32577 32300 32223 32025 31528 31214 28159
4 203 50KHz 29679 25198 3367 0 0 0 5249 25354 29518 30961 31305 31598 31513 32581 31468 31965 32308 31797 32452 32363 32333 32251 32360 32429 32301 32030 32258 32422 32312 32297 32057 31119
5 203 50KHz 31200 29624 25591 1497 0 0 0 0 18861 27071 29308 30395 30486 32884 30865 31495 32349 31759 32891 32650 32190 31897 32147 32341 32033 31504 32016 32890 32611 32401 31912 31641
6 203 50KHz 31549 31226 30504 27468 2397 0 0 0 6759 14349 24153 28316 29917 32539 30715 31991 32337 31101 32252 32135 32332 32276 32425 32484 32308 31896 32243 32249 32252 32469 32349 31891
7 203 50KHz 31714 31683 31608 30699 24996 0 0 0 0 0 7774 21697 27263 29836 31250 32030 32038 31648 31850 31924 32356 32491 32468 32403 32437 32444 32414 31910 32053 32273 32420 31984
8 203 50KHz 31960 31876 31687 31357 29353 19247 4776 0 0 0 0 4642 21091 28738 30164 31631 32200 31411 32377 32249 32342 32275 32405 32480 32324 32006 32280 32379 32350 32483 32363 32097
9 203 50KHz 32173 31996 31745 31488 30809 27004 14845 0 0 0 0 0 5800 23455 29759 31119 31938 31983 32424 32360 32219 32127 32221 32303 32177 32010 32208 32524 32422 32328 32160 32152
10 204 50KHz 32073 32023 31998 31833 31206 29290 24572 8162 0 0 0 0 0 11857 28264 30700 31577 32035 32008 32095 32224 32296 32268 32250 32284 32337 32319 32179 32207 32181 32225 32113
11 204 50KHz 32259 32048 31845 31539 31509 30379 28446 21575 3178 0 0 0 0 0 23480 29196 31160 32415 32134 32262 32083 32088 32057 32082 32109 32241 32209 32437 32350 32054 31994 32150
12 204 50KHz 32067 32016 32082 31836 31406 30448 29998 27345 20769 5868 0 0 0 0 3737 25864 30090 32259 31500 31858 32076 32290 32134 32024 32237 32655 32348 31968 32051 31872 32092 32066
13 204 50KHz 33253 32035 30362 29475 32684 33047 32717 29399 27678 20908 3981 0 0 0 0 2161 27720 32714 33813 33618 31341 30486 30983 31532 30947 30235 31197 34645 33611 32120 30794 32373
14 204 50KHz 30991 31623 32616 33118 30931 30252 30175 30768 29327 28979 27354 21867 849 0 0 0 4883 27178 28816 29946 31879 32622 32380 32135 32559 32979 32452 30324 30879 31757 32646 31494
15 204 50KHz 32005 31883 31923 31727 31754 31218 31863 31982 31374 30851 30495 28882 25313 3181 0 0 0 12713 25517 29282 30580 31200 31229 31361 31672 32121 31852 31750 31709 31432 31665 31811
16 204 50KHz 32183 32007 31794 31696 32222 32254 32335 32043 32127 31846 31486 30985 29881 27736 7462 0 0 0 0 19342 26564 28845 30091 30939 31225 31277 31568 32205 32016 31789 31702 31950
17 205 50KHz 31276 31854 32624 33264 31586 31533 31000 31457 31155 31821 31951 32452 32322 32398 28425 14830 0 0 0 0 11519 22666 27380 29912 31175 31467 31697 30496 30934 32015 32640 31645
18 205 50KHz 32227 32213 32114 32300 32478 32831 32338 31971 32378 32453 32099 32177 31654 33252 29875 26539 0 0 0 0 0 4671 20922 27546 29940 30546 31466 32126 32083 32302 32194 32147
19 205 50KHz 32130 32196 32215 32405 32343 32642 32186 32000 32238 32364 32157 32285 31977 33129 30717 29769 20826 0 0 0 0 0 3707 22411 28153 30140 31417 31911 31993 32245 32252 32126
20 205 50KHz 32320 32268 32257 32192 32313 32152 32307 32403 32308 32193 32249 32121 32159 31426 32234 30924 27377 12986 0 0 0 0 0 12394 24956 29520 31182 31834 31946 31898 32013 32157
21 205 50KHz 32278 32262 32342 32233 32207 31859 32256 32502 32205 32069 32284 32111 32340 30767 32803 31467 29425 23598 5008 0 0 0 0 0 15193 26959 30526 31443 31711 31696 31963 32107
22 205 50KHz 32368 32288 32253 32125 32317 32102 32417 32504 32360 32184 32286 32092 32212 31191 32615 31506 30469 27946 21025 4621 0 0 0 0 0 18179 28802 31261 31683 31684 31873 32133
23 205 50KHz 32405 32290 32179 32073 32421 32308 32506 32453 32461 32283 32271 32092 32087 31619 32405 31575 31168 30201 27474 22632 12280 0 0 0 0 0 24083 30506 31432 31620 31807 32128
24 206 50KHz 32228 32213 32267 32194 32240 31966 32259 32430 32240 32120 32263 32108 32275 31121 32717 31837 31394 31360 29849 28158 24955 14776 0 0 0 0 586 26757 30088 31025 31632 31927
25 206 50KHz 31857 32077 32466 32520 31922 31426 31844 32368 31849 31895 32287 32250 32667 30604 33021 32229 31447 31622 30462 30201 29684 27194 18517 0 0 0 0 2450 24850 29383 31173 31471
26 206 50KHz 32023 32145 32301 32306 32238 31995 32250 32436 32232 32179 32334 32248 32423 31390 32665 32061 31775 31942 31485 31500 31337 30773 29150 24851 2261 0 0 0 1924 24984 29834 31170
27 206 50KHz 31632 31970 32036 32307 32484 32891 32396 32058 32460 32597 32288 32485 32096 34070 31058 32016 32348 30900 32210 32048 31950 31597 31417 30682 27341 3145 0 0 0 0 23526 29210
28 206 50KHz 30122 31254 31689 32054 32292 32568 32302 32114 32348 32421 32244 32356 32125 33246 31415 31924 32127 31188 32059 32013 31987 31778 31731 31447 30232 24982 329 0 0 0 0 19628
29 206 50KHz 27137 30142 31103 31536 32302 32399 32523 32356 32500 32334 32228 32076 31934 32066 32117 31668 31933 32194 32284 32269 31929 31754 31710 31630 31107 29427 24224 0 0 0 0 0
30 207 50KHz 14976 26790 30018 31129 31988 31861 32334 32450 32306 32104 32225 31992 32143 30948 32813 31818 31801 32770 32120 32207 32000 31982 31861 31788 31671 31237 29586 22571 0 0 0 0
31 207 50KHz 19195 0 17615 27699 30913 31510 31863 31943 31998 32076 32082 32124 32088 32209 31840 31927 31980 31749 32033 32036 32120 32106 32101 32076 31939 31514 30988 28650 18602 0 0 0
0 207 50KHz 0 0 0 19980 29525 31236 31615 31715 31916 32150 32075 32256 32105 33005 31436 32125 32244 31423 32173 32110 32308 32292 32368 32390 32265 31924 31992 31467 30028 27070 15108 15725
1 207 50KHz 0 0 0 0 24829 29744 31295 31679 31824 31969 32024 32061 32060 32033 31955 32021 32082 31985 32158 32161 32259 32281 32285 32279 32248 32156 32132 31818 31206 30121 26920 0
2 207 50KHz 0 0 0 0 2697 26062 30622 31589 31611 31697 31976 31864 32116 30717 32735 32031 31880 32685 32017 32147 32229 32343 32229 32165 32279 32517 32275 31925 31658 31085 30127 18761
3 207 50KHz 20647 0 0 0 0 3417 27988 30784 31346 31480 31852 31586 31899 30020 33171 31887 31820 33308 32212 32347 32184 32254 32119 32074 32225 32569 32294 32225 32024 31532 31210 28200
4 207 50KHz 29716 25213 3186 0 0 0 5409 25341 29496 30949 31303 31595 31508 32589 31456 31966 32315 31813 32477 32365 32335 32250 32367 32437 32304 32029 32256 32424 32311 32304 32055 31124
5 208 50KHz 31206 29594 25604 1458 0 0 0 0 18862 27066 29302 30394 30485 32882 30858 31497 32364 31757 32879 32648 32189 31898 32147 32344 32032 31508 32003 32898 32612 32415 31898 31640
6 208 50KHz 31548 31227 30504 27448 2235 0 0 0 6761 14359 24158 28303 29899 32544 30704 31993 32348 31086 32254 32153 32330 32272 32424 32484 32309 31923 32245 32248 32258 32465 32350 31892
7 208 50KHz 31703 31679 31606 30699 24982 0 0 0 0 0 8111 21701 27265 29845 31253 32031 32032 31594 31852 31924 32358 32491 32469 32403 32437 32430 32423 31907 32058 32266 32422 31977
8 208 50KHz 31968 31875 31688 31354 29345 19290 4738 0 0 0 0 4606 21101 28729 30180 31631 32207 31380 32351 32251 32344 32275 32406 32474 32324 32008 32285 32373 32354 32484 32358 32094
9 208 50KHz 32170 31987 31748 31484 30808 27025 14789 0 0 0 0 0 6074 23469 29761 31125 31944 31977 32386 32364 32218 32129 32221 32304 32190 32010 32206 32522 32420 32330 32156 32154
10 208 50KHz 32073 32024 31998 31831 31196 29282 24567 8062 0 0 0 0 0 11881 28188 30695 31577 32036 32009 32097 32223 32289 32269 32252 32288 32347 32319 32181 32206 32173 32229 32113
11 208 50KHz 32254 32049 31847 31537 31507 30361 28437 21553 3328 0 0 0 0 0 23494 29209 31157 32458 32131 32257 32084 32088 32065 32082 32109 32250 32209 32431 32350 32052 31990 32153
12 209 50KHz 32067 32015 32085 31834 31407 30483 30010 27343 20776 5920 0 0 0 0 3785 25877 30085 32313 31509 31857 32078 32291 32131 32036 32235 32649 32343 31968 32043 31877 32102 32070
13 209 50KHz 33257 32032 30362 29450 32704 33019 32740 29400 27686 20924 3868 0 0 0 0 2164 27740 32784 33816 33619 31336 30474 30966 31542 30944 30223 31208 34645 33654 32113 30756 32370
14 209 50KHz 30981 31621 32617 33114 30920 30264 30173 30778 29316 28989 27357 21912 906 0 0 0 4889 27188 28807 29941 31878 32627 32381 32147 32567 32987 32448 30320 30842 31745 32652 31493
15 209 50KHz 32000 31882 31927 31728 31751 31209 31855 31989 31369 30844 30499 28884 25338 3216 0 0 0 12744 25512 29278 30578 31202 31232 31352 31673 32076 31851 31738 31698 31423 31651 31809
16 209 50KHz 32217 32009 31786 31688 32231 32249 32352 32044 32134 31836 31486 30978 29873 27742 7681 0 0 0 0 19355 26559 28845 30086 30934 31222 31261 31550 32213 32035 31785 31697 31952
17 209 50KHz 31266 31851 32631 33273 31572 31540 30967 31446 31147 31811 31951 32449 32334 32378 28435 14607 0 0 0 0 11559 22661 27378 29909 31188 31473 31703 30487 30905 32020 32644 31645
18 209 50KHz 32227 32213 32115 32302 32482 32832 32347 31965 32379 32454 32099 32175 31657 33321 29872 26530 0 0 0 0 0 4658 20931 27543 29933 30532 31464 32122 32091 32298 32193 32149
19 210 50KHz 32134 32196 32216 32406 32337 32568 32188 32002 32240 32365 32158 32291 31974 33128 30727 29779 20818 0 0 0 0 0 3610 22421 28150 30115 31418 31912 31993 32244 32249 32115
20 210 50KHz 32322 32269 32261 32192 32313 32139 32343 32404 32309 32189 32250 32110 32158 31433 32193 30929 27387 13028 0 0 0 0 0 12415 24954 29519 31192 31834 31943 31899 32013 32162
21 210 50KHz 32277 32262 32340 32238 32206 31856 32274 32505 32218 32071 32287 32108 32341 30774 32810 31428 29405 23624 5041 0 0 0 0 0 15171 26960 30525 31438 31711 31698 31964 32105
22 210 50KHz 32368 32290 32250 32129 32332 32111 32417 32541 32365 32185 32286 32091 32200 31161 32619 31505 30488 27938 21050 4598 0 0 0 0 0 18153 28800 31264 31688 31690 31879 32133
23 210 50KHz 32406 32292 32179 32074 32427 32324 32506 32452 32461 32282 32271 32092 32086 31740 32387 31583 31166 30201 27488 22576 12279 0 0 0 0 0 24078 30502 31433 31618 31801 32125
24 210 50KHz 32232 32214 32276 32195 32239 32008 32276 32433 32263 32116 32264 32106 32271 31295 32736 31833 31387 31364 29828 28172 24891 14761 0 0 0 0 554 26755 30087 31028 31642 31916
25 210 50KHz 31854 32081 32466 32512 31920 31423 31833 32367 31877 31887 32289 32242 32681 30589 33049 32218 31430 31622 30466 30208 29693 27229 18501 0 0 0 0 2426 24843 29384 31173 31470
26 211 50KHz 32017 32147 32301 32308 32232 31991 32251 32442 32233 32178 32334 32247 32427 31397 32677 32047 31770 31953 31470 31504 31336 30793 29145 24859 2280 0 0 0 1930 24986 29839 31166
27 211 50KHz 31634 31970 32037 32304 32477 32907 32400 32050 32477 32598 32289 32484 32090 33958 31064 32017 32359 30901 32209 32043 31950 31594 31420 30688 27338 3130 0 0 0 0 23559 29233
28 211 50KHz 30123 31254 31690 32053 32296 32585 32310 32111 32346 32407 32243 32364 32125 33268 31399 31924 32129 31195 32070 32002 31971 31775 31714 31452 30227 24993 358 0 0 0 0 19613
29 211 50KHz 27135 30128 31108 31533 32304 32394 32493 32348 32502 32337 32226 32077 31956 32068 32112 31669 31937 32186 32290 32261 31934 31750 31716 31632 31106 29426 24215 0 0 0 0 0
30 211 50KHz 14960 26792 30024 31123 31992 31856 32334 32459 32306 32100 32224 31989 32120 30919 32826 31823 31794 32779 32108 32205 31998 31963 31862 31784 31670 31244 29592 22532 0 0 0 0
31 211 50KHz 19205 0 17615 27695 30912 31549 31866 31949 31998 32077 32080 32124 32089 32074 31841 31928 31979 31743 32037 32039 32120 32104 32106 32075 31935 31514 30984 28653 18514 0 0 0
0 211 50KHz 0 0 0 19957 29518 31240 31624 31705 31917 32150 32072 32256 32103 33020 31440 32123 32252 31413 32180 32114 32308 32291 32368 32392 32258 31936 31990 31460 30023 27069 15140 15738
1 212 50KHz 0 0 0 0 24863 29739 31298 31683 31819 31966 32023 32061 32042 32026 31961 32021 32081 31983 32148 32161 32259 32285 32287 32285 32250 32157 32138 31839 31204 30115 26916 0
2 212 50KHz 0 0 0 0 2768 26037 30615 31588 31605 31696 31975 31863 32116 30790 32739 32031 31875 32682 32019 32150 32228 32342 32229 32161 32280 32515 32275 31902 31653 31093 30126 18742
3 212 50KHz 20624 0 0 0 0 3515 27985 30788 31343 31476 31847 31590 31902 30019 33171 31883 31812 33314 32208 32342 32180 32256 32130 32075 32225 32574 32294 32221 32026 31531 31216 28193
4 212 50KHz 29681 25195 3424 0 0 0 5299 25362 29523 30955 31314 31607 31510 32607 31438 31967 32320 31782 32474 32366 32342 32252 32364 32436 32301 32035 32259 32423 32315 32299 32060 31122
5 212 50KHz 31183 29632 25594 1449 0 0 0 0 18869 27063 29300 30392 30484 32902 30866 31489 32368 31759 32892 32646 32187 31897 32144 32335 32034 31509 32018 32892 32625 32378 31913 31647
6 212 50KHz 31553 31259 30500 27478 2163 0 0 0 6767 14343 24150 28303 29956 32564 30696 31992 32357 31117 32300 32130 32329 32272 32420 32485 32305 31935 32247 32319 32252 32504 32350 31902
7 212 50KHz 31706 31682 31591 30700 24989 0 0 0 0 0 7791 21697 27253 29910 31216 32047 32036 31599 31854 31898 32356 32494 32469 32406 32433 32447 32418 31910 32043 32288 32420 31980
8 213 50KHz 31958 31873 31687 31362 29374 19288 4698 0 0 0 0 4719 21120 28769 30173 31628 32212 31398 32349 32251 32337 32272 32407 32475 32321 32017 32283 32374 32356 32482 32363 32100
9 213 50KHz 32195 31994 31743 31482 30810 27031 14836 0 0 0 0 0 5951 23493 29749 31121 31947 31951 32421 32366 32217 32126 32216 32296 32189 32008 32205 32523 32430 32318 32164 32157
10 213 50KHz 32074 32020 31996 31835 31200 29289 24573 8100 0 0 0 0 0 11909 28275 30705 31576 32036 31980 32105 32223 32290 32270 32255 32283 32348 32319 32207 32206 32183 32229 32116
11 213 50KHz 32255 32047 31838 31542 31507 30367 28436 21557 3221 0 0 0 0 0 23537 29202 31157 32463 32131 32249 32083 32079 32064 32080 32106 32239 32208 32430 32349 32046 31996 32154
12 213 50KHz 32068 32016 32085 31839 31398 30452 30017 27346 20723 5909 0 0 0 0 3764 25871 30074 32288 31506 31854 32079 32291 32134 32035 32225 32643 32344 31968 32041 31889 32086 32065
13 213 50KHz 33279 32038 30355 29439 32698 33065 32740 29402 27663 20865 3953 0 0 0 0 2131 27780 32721 33847 33625 31333 30469 30967 31525 30941 30228 31203 34653 33668 32066 30791 32370
14 213 50KHz 30973 31610 32622 33140 30911 30263 30170 30777 29307 28985 27365 21908 929 0 0 0 4892 27149 28802 29936 31878 32632 32386 32139 32562 33002 32452 30325 30831 31777 32627 31496
15 214 50KHz 31999 31883 31922 31726 31754 31227 31855 31983 31379 30852 30498 28874 25325 3171 0 0 0 12771 25521 29293 30578 31202 31233 31360 31677 32114 31849 31739 31707 31435 31663 31811
16 214 50KHz 32211 32011 31779 31678 32232 32266 32362 32043 32104 31843 31484 30974 29857 27792 7626 0 0 0 0 19363 26558 28837 30084 30931 31215 31227 31558 32224 32040 31786 31694 31952
17 214 50KHz 31269 31852 32634 33278 31567 31517 30981 31444 31139 31789 31951 32454 32350 32415 28467 14831 0 0 0 0 11508 22660 27388 29911 31191 31462 31697 30479 30906 32004 32645 31646
18 214 50KHz 32194 32213 32118 32292 32480 32827 32364 31960 32377 32452 32098 32177 31638 33353 29857 26313 0 0 0 0 0 4786 20975 27551 29944 30532 31472 32121 32088 32300 32197 32149
19 214 50KHz 32130 32200 32216 32405 32311 32563 32166 31984 32236 32362 32157 32288 31981 33128 30717 29781 20778 0 0 0 0 0 3651 22415 28145 30147 31419 31916 31996 32243 32249 32115
20 214 50KHz 32319 32270 32256 32155 32318 32136 32344 32404 32341 32194 32250 32113 32161 31422 32233 30930 27371 13039 0 0 0 0 0 12405 24956 29496 31182 31836 31943 31898 32013 32159
21 215 50KHz 32281 32261 32342 32243 32205 31856 32255 32508 32218 32078 32286 32101 32353 30870 32763 31452 29383 23676 5521 0 0 0 0 0 15154 26957 30530 31440 31706 31697 31960 32105
22 215 50KHz 32368 32290 32251 32133 32334 32105 32411 32500 32363 32186 32286 32096 32204 31163 32627 31476 30472 27974 20973 4567 0 0 0 0 0 18162 28778 31263 31689 31688 31879 32132
23 215 50KHz 32404 32292 32176 32071 32427 32326 32502 32443 32462 32282 32270 32089 32082 31611 32386 31581 31153 30199 27500 22571 12292 0 0 0 0 0 24072 30498 31436 31619 31804 32125
24 215 50KHz 32232 32214 32263 32194 32239 31971 32274 32433 32255 32120 32263 32105 32280 31059 32726 31832 31376 31363 29849 28170 24887 14739 0 0 0 0 568 26743 30083 31027 31636 31926
25 215 50KHz 31881 32078 32467 32521 31918 31431 31855 32370 31846 31896 32290 32251 32680 30609 33025 32217 31424 31635 30444 30196 29666 27221 18445 0 0 0 0 2408 24839 29388 31177 31486
26 215 50KHz 32021 32145 32302 32308 32229 31988 32270 32440 32230 32175 32335 32247 32426 31388 32691 32055 31762 31956 31480 31503 31336 30773 29146 24861 2244 0 0 0 1932 24992 29836 31165
27 215 50KHz 31630 31971 32033 32307 32483 32908 32403 32010 32461 32598 32288 32484 32095 34091 31045 32016 32365 30879 32217 32046 31951 31611 31416 30684 27335 3180 0 0 0 0 23522 29237
28 216 50KHz 30121 31251 31692 32055 32295 32578 32312 32108 32353 32424 32243 32362 32118 33210 31388 31925 32147 31167 32061 32013 31978 31773 31735 31452 30233 24968 287 0 0 0 0 19620
29 216 50KHz 27136 30139 31101 31534 32299 32391 32516 32354 32497 32327 32226 32073 31958 32019 32169 31672 31930 32180 32282 32259 31929 31749 31714 31618 31116 29441 24232 0 0 0 0 0
30 216 50KHz 14960 26781 30018 31125 31994 31857 32332 32450 32306 32102 32225 31989 32141 30932 32818 31825 31792 32778 32111 32204 31998 31981 31862 31788 31671 31237 29589 22542 0 0 0 0
31 216 50KHz 19209 0 17599 27692 30909 31544 31866 31959 31997 32074 32079 32122 32096 32205 31839 31929 31980 31754 32033 32040 32117 32126 32102 32062 31932 31485 30995 28655 18543 0 0 0
0 216 50KHz 0 0 0 19967 29539 31236 31623 31708 31894 32144 32077 32256 32103 33059 31444 32078 32254 31421 32115 32112 32299 32291 32330 32392 32265 31935 31991 31467 30020 27070 15087 15635
1 216 50KHz 0 0 0 0 24850 29712 31280 31682 31829 31973 32027 32061 32062 32029 31957 32046 32083 31937 32148 32162 32264 32281 32286 32284 32250 32161 32133 31845 31206 30147 26915 0
2 216 50KHz 0 0 0 0 2682 26046 30616 31601 31609 31697 31978 31865 32107 30708 32745 32035 31872 32698 32020 32150 32229 32344 32231 32166 32282 32516 32276 31926 31653 31098 30127 18730
3 217 50KHz 20621 0 0 0 0 3470 28000 30802 31344 31478 31851 31592 31904 29954 33170 31891 31809 33277 32219 32349 32181 32255 32120 32076 32225 32575 32294 32198 32030 31535 31219 28195
4 217 50KHz 29682 25194 3091 0 0 0 5466 25356 29515 30955 31306 31598 31510 32612 31460 31966 32326 31774 32475 32361 32337 32249 32364 32435 32301 32027 32258 32426 32297 32297 32058 31124
5 217 50KHz 31207 29628 25587 1348 0 0 0 0 18852 27058 29298 30397 30485 32903 30864 31490 32379 31744 32891 32647 32188 31898 32144 32335 32032 31510 32013 32891 32625 32370 31917 31640
6 217 50KHz 31543 31229 30504 27482 2882 0 0 0 6760 14356 24166 28307 29932 32557 30698 31992 32366 31105 32255 32130 32329 32263 32427 32484 32310 31926 32240 32248 32251 32466 32348 31895
7 217 50KHz 31708 31671 31601 30698 25002 0 0 0 0 0 7876 21701 27272 29830 31256 32035 32034 31587 31840 31923 32354 32493 32468 32409 32443 32447 32417 31907 32047 32280 32419 31980
8 217 50KHz 31960 31877 31697 31352 29355 19239 4712 0 0 0 0 4557 21101 28766 30161 31630 32218 31389 32347 32234 32342 32274 32406 32475 32325 32007 32282 32383 32351 32485 32363 32099
9 217 50KHz 32170 31997 31743 31468 30804 26995 14858 0 0 0 0 0 6025 23495 29770 31112 31951 31968 32421 32369 32216 32128 32221 32297 32188 32009 32207 32524 32427 32310 32158 32153
10 218 50KHz 32074 32025 31999 31834 31199 29286 24567 8116 0 0 0 0 0 11908 28297 30702 31572 32033 32008 32103 32222 32287 32269 32252 32282 32352 32314 32181 32204 32178 32231 32114
11 218 50KHz 32253 32058 31846 31540 31512 30368 28443 21567 3219 0 0 0 0 0 23509 29200 31153 32463 32119 32259 32084 32086 32063 32082 32109 32240 32208 32393 32354 32049 31994 32140
12 218 50KHz 32069 32016 32100 31836 31405 30456 30015 27365 20781 5719 0 0 0 0 3895 25878 30068 32303 31502 31870 32077 32291 32134 32043 32236 32653 32348 31963 32049 31882 32094 32066
13 218 50KHz 33271 32041 30341 29429 32717 33022 32757 29402 27664 20973 3946 0 0 0 0 2146 27804 32704 33867 33643 31334 30465 30959 31526 30931 30202 31177 34675 33679 32075 30779 32375
14 218 50KHz 30976 31619 32630 33144 30900 30238 30147 30770 29307 28882 27360 21931 917 0 0 0 4843 27212 28767 29925 31879 32645 32379 32145 32565 32993 32472 30290 30820 31761 32648 31489
15 218 50KHz 31998 31880 31921 31727 31757 31229 31857 31981 31381 30853 30508 28880 25320 3157 0 0 0 12806 25526 29289 30580 31201 31235 31362 31672 32114 31852 31776 31710 31436 31665 31809
16 218 50KHz 32217 32012 31769 31670 32245 32270 32376 32047 32153 31846 31480 30968 29846 27774 7477 0 0 0 0 19391 26550 28824 30078 30931 31214 31238 31549 32238 32052 31793 31685 31953
17 219 50KHz 31253 31852 32637 33280 31549 31517 30970 31437 31132 31796 31954 32458 32362 32380 28472 14886 0 0 0 0 11575 22670 27378 29906 31190 31487 31720 30462 30894 31998 32656 31638
18 219 50KHz 32232 32213 32116 32295 32483 32835 32344 31971 32383 32449 32099 32176 31654 33334 29845 26542 0 0 0 0 0 4743 20933 27543 29943 30525 31442 32124 32089 32305 32192 32148
19 219 50KHz 32136 32198 32221 32406 32340 32564 32194 32002 32238 32367 32158 32287 31977 33169 30710 29793 20871 0 0 0 0 0 3647 22419 28152 30148 31415 31914 31994 32246 32249 32117
20 219 50KHz 32320 32270 32269 32196 32315 32151 32341 32400 32311 32195 32249 32112 32162 31434 32239 30923 27386 13039 0 0 0 0 0 12400 24962 29519 31183 31830 31947 31900 32015 32159
21 219 50KHz 32277 32262 32340 32244 32207 31856 32256 32505 32186 32075 32288 32109 32354 30748 32820 31463 29407 23678 5098 0 0 0 0 0 15144 26921 30522 31436 31708 31695 31963 32106
22 219 50KHz 32381 32289 32252 32134 32335 32106 32415 32505 32362 32205 32286 32092 32211 31136 32624 31507 30464 27942 21056 4573 0 0 0 0 0 18162 28858 31261 31688 31689 31879 32133
23 219 50KHz 32404 32290 32177 32075 32427 32320 32507 32453 32462 32279 32270 32091 32088 31636 32385 31590 31171 30202 27484 22561 12303 0 0 0 0 0 24073 30482 31434 31619 31802 32122
24 220 50KHz 32232 32213 32262 32193 32243 31971 32274 32454 32244 32120 32264 32102 32277 31091 32726 31833 31376 31372 29843 28167 24888 14797 0 0 0 0 577 26737 30092 31029 31634 31925
25 220 50KHz 31858 32077 32466 32522 31918 31433 31849 32365 31852 31895 32289 32250 32683 30570 33054 32215 31415 31677 30464 30202 29664 27284 18581 0 0 0 0 2356 24831 29392 31180 31468
26 220 50KHz 32028 32146 32302 32307 32228 31986 32247 32441 32230 32183 32334 32249 32427 31394 32672 32057 31756 31964 31471 31503 31334 30774 29148 24765 2318 0 0 0 1934 25003 29843 31168
27 220 50KHz 31630 31968 32037 32303 32484 32910 32404 32052 32463 32599 32287 32483 32092 34102 31036 32032 32380 30871 32213 32051 31951 31594 31413 30691 27304 3148 0 0 0 0 23528 29237
28 220 50KHz 30117 31250 31679 32054 32295 32581 32310 32116 32350 32427 32241 32364 32112 33322 31369 31922 32181 31146 32070 32016 31976 31773 31725 31453 30220 24947 274 0 0 0 0 19620
29 220 50KHz 27117 30133 31106 31532 32297 32375 32515 32361 32490 32324 32226 32071 31963 32001 32140 31674 31932 32216 32280 32261 31928 31754 31702 31626 31113 29449 24238 0 0 0 0 0
30 220 50KHz 14910 26787 30018 31130 31994 31865 32334 32449 32304 32101 32224 31993 32141 30902 32853 31821 31788 32780 32107 32209 32000 31983 31864 31792 31669 31241 29588 22536 0 0 0 0
31 221 50KHz 19209 0 17618 27703 30918 31548 31869 31948 31998 32075 32080 32123 32106 32210 31838 31939 31983 31746 32031 32063 32120 32106 32101 32075 31928 31512 30986 28646 18534 0 0 0
0 221 50KHz 0 0 0 19969 29522 31242 31619 31707 31917 32152 32076 32256 32082 33017 31417 32125 32263 31399 32173 32108 32307 32285 32368 32390 32266 31934 31994 31460 30023 27071 15111 15771
1 221 50KHz 0 0 0 0 24865 29749 31299 31682 31822 31963 32024 32062 32063 32031 31950 32025 32086 31984 32149 32165 32261 32281 32287 32273 32250 32158 32132 31844 31197 30123 26911 0
2 221 50KHz 0 0 0 0 2742 26026 30630 31587 31610 31696 31978 31864 32117 30704 32746 32035 31866 32691 32020 32152 32231 32341 32231 32163 32275 32517 32275 31929 31650 31086 30126 18767
3 221 50KHz 20641 0 0 0 0 3567 27982 30788 31346 31477 31850 31593 31898 30001 33184 31887 31791 33324 32211 32349 32180 32260 32120 32076 32231 32577 32294 32224 32030 31532 31245 28208
4 221 50KHz 29689 25198 3174 0 0 0 5432 25348 29532 30953 31305 31600 31507 32586 31439 31964 32335 31770 32476 32366 32337 32249 32361 32438 32302 32026 32258 32421 32315 32298 32060 31136
5 221 50KHz 31209 29631 25570 1444 0 0 0 0 18862 27063 29301 30393 30484 32889 30772 31497 32388 31730 32897 32646 32190 31899 32142 32322 32036 31508 32016 32896 32615 32376 31913 31642
6 222 50KHz 31551 31228 30506 27361 2813 0 0 0 6750 14345 24141 28310 29926 32566 30673 31988 32371 31066 32252 32155 32322 32275 32426 32482 32306 31931 32244 32248 32270 32480 32349 31896
7 222 50KHz 31705 31681 31602 30703 25059 0 0 0 0 0 7756 21700 27283 29845 31262 32032 32037 31588 31852 31923 32356 32485 32468 32407 32439 32447 32418 31913 32044 32286 32407 31985
8 222 50KHz 31965 31875 31688 31358 29351 19282 4678 0 0 0 0 4650 21102 28775 30162 31632 32223 31384 32351 32251 32343 32272 32395 32475 32324 32003 32281 32377 32355 32481 32361 32096
9 222 50KHz 32172 31996 31741 31481 30806 27008 14821 0 0 0 0 0 5798 23498 29668 31127 31955 31949 32423 32366 32220 32127 32222 32306 32189 32009 32208 32523 32429 32315 32163 32153
10 222 50KHz 32074 32025 32000 31868 31196 29284 24567 8009 0 0 0 0 0 11906 28281 30709 31570 32049 32008 32101 32224 32290 32269 32253 32284 32346 32320 32180 32201 32183 32229 32113
11 222 50KHz 32256 32051 31847 31537 31457 30373 28440 21583 3171 0 0 0 0 0 23524 29203 31153 32465 32116 32260 32084 32103 32061 32080 32110 32239 32207 32434 32354 32047 31985 32153
12 223 50KHz 32067 32019 32086 31834 31397 30421 30016 27353 20790 5923 0 0 0 0 3844 25869 30058 32305 31516 31857 32076 32292 32158 32035 32238 32654 32348 31964 32039 31886 32096 32064
13 223 50KHz 33278 32034 30347 29434 32723 33048 32751 29404 27680 20976 3833 0 0 0 0 2176 27837 32709 33883 33648 31334 30453 30949 31519 30931 30201 31182 34686 33737 32038 30782 32375
14 223 50KHz 30962 31618 32635 33142 30892 30223 30139 30761 29288 28957 27359 21981 939 0 0 0 4841 27178 28752 29911 31879 32644 32387 32154 32572 33024 32465 30278 30783 31787 32634 31488
15 223 50KHz 32006 31884 31922 31732 31777 31235 31856 31981 31379 30855 30496 28889 25316 3238 0 0 0 12858 25525 29292 30582 31194 31236 31363 31674 32115 31847 31749 31707 31445 31657 31809
16 223 50KHz 32223 32014 31768 31665 32250 32282 32377 32045 32161 31851 31485 30965 29831 27772 7722 0 0 0 0 19372 26549 28818 30084 30929 31208 31230 31548 32258 32064 31790 31684 31956
17 223 50KHz 31246 31849 32640 33289 31548 31512 30957 31445 31120 31788 31955 32469 32371 32389 28481 14947 0 0 0 0 11523 22676 27379 29912 31197 31485 31718 30455 30870 32009 32653 31635
18 223 50KHz 32227 32214 32116 32298 32482 32833 32342 31970 32379 32457 32098 32178 31660 33350 29836 26531 0 0 0 0 0 4721 20926 27546 29943 30538 31462 32122 32094 32298 32197 32148
19 224 50KHz 32135 32195 32219 32402 32345 32568 32189 32000 32240 32369 32158 32289 31974 33191 30699 29774 20873 0 0 0 0 0 3674 22409 28153 30150 31417 31917 31992 32245 32260 32114
20 224 50KHz 32320 32270 32258 32193 32312 32109 32344 32404 32312 32194 32250 32111 32161 31430 32240 30928 27373 13058 0 0 0 0 0 12390 24872 29512 31179 31831 31944 31900 32014 32154
21 224 50KHz 32277 32261 32340 32239 32206 31853 32254 32502 32221 32070 32288 32077 32352 30717 32823 31464 29416 23663 5076 0 0 0 0 0 15152 26973 30519 31438 31705 31697 31963 32105
22 224 50KHz 32368 32290 32254 32103 32333 32108 32416 32507 32367 32186 32287 32091 32214 31150 32631 31509 30454 27977 21031 4593 0 0 0 0 0 18138 28796 31259 31684 31689 31879 32144
23 224 50KHz 32408 32292 32179 32118 32438 32330 32505 32452 32453 32297 32270 32092 32089 31641 32391 31586 31171 30203 27478 22562 12530 0 0 0 0 0 24102 30503 31437 31615 31818 32126
24 224 50KHz 32228 32211 32265 32195 32241 31953 32275 32433 32245 32115 32265 32107 32263 31109 32748 31831 31390 31379 29839 28170 24891 14769 0 0 0 0 619 26758 30081 31028 31631 31923
25 224 50KHz 31857 32078 32463 32521 31918 31431 31846 32369 31852 31893 32291 32247 32681 30620 33071 32220 31412 31660 30461 30192 29753 27238 18556 0 0 0 0 2364 24880 29394 31167 31467
26 225 50KHz 32016 32149 32303 32336 32231 31999 32250 32439 32232 32181 32336 32249 32413 31372 32683 32055 31757 31979 31484 31502 31347 30773 29146 24848 2313 0 0 0 1929 24998 29843 31169
27 225 50KHz 31630 31966 32038 32303 32492 32907 32404 32055 32465 32593 32288 32483 32093 34089 31031 32015 32389 30871 32203 32040 31947 31591 31405 30669 27344 3070 0 0 0 0 23526 29231
28 225 50KHz 30115 31249 31693 32053 32296 32582 32312 32110 32349 32415 32242 32363 32121 33322 31328 31926 32153 31146 32071 32041 31978 31775 31725 31449 30219 24953 316 0 0 0 0 19621
29 225 50KHz 27118 30137 31094 31536 32299 32371 32518 32364 32495 32323 32227 32082 31964 31999 32146 31675 31919 32209 32274 32241 31927 31756 31712 31627 31106 29465 24234 0 0 0 0 0
30 225 50KHz 14948 26776 30016 31147 31995 31864 32337 32447 32315 32104 32224 31993 32145 30933 32832 31825 31779 32729 32115 32205 32001 31985 31869 31788 31673 31238 29627 22551 0 0 0 0
31 225 50KHz 19203 0 17599 27694 30924 31549 31869 31951 31999 32074 32081 32123 32089 32218 31829 31929 31984 31745 32061 32040 32122 32106 32102 32080 31934 31515 30986 28631 18524 0 0 0
0 225 50KHz 0 0 0 19955 29517 31246 31615 31708 31920 32152 32076 32258 32103 33024 31415 32116 32266 31404 32173 32112 32307 32292 32370 32390 32261 31937 31992 31457 30030 27024 15100 15730
1 226 50KHz 0 0 0 0 24860 29746 31299 31681 31826 31967 32025 32061 32060 32030 31967 32024 32083 32009 32148 32161 32262 32282 32288 32284 32249 32162 32137 31843 31206 30116 26909 0
2 226 50KHz 0 0 0 0 2743 26035 30609 31589 31611 31693 31977 31864 32117 30692 32770 32027 31861 32698 32033 32152 32229 32341 32231 32172 32280 32517 32276 31926 31652 31097 30125 18774
3 226 50KHz 20624 0 0 0 0 3617 27984 30789 31340 31476 31856 31591 31903 30000 33184 31887 31792 33334 32214 32346 32179 32259 32120 32074 32222 32576 32296 32219 32028 31537 31218 28199
4 226 50KHz 29684 25185 3445 0 0 0 5217 25353 29516 30958 31306 31592 31507 32627 31425 31965 32331 31776 32475 32366 32335 32252 32362 32438 32303 32042 32257 32449 32317 32300 32058 31129
5 226 50KHz 31227 29625 25585 1557 0 0 0 0 18878 27061 29299 30390 30503 32903 30834 31509 32396 31647 32886 32657 32194 31926 32154 32336 32036 31504 32018 32883 32619 32386 31920 31665
6 226 50KHz 31552 31227 30500 27455 2361 0 0 0 6751 14365 24159 28308 29915 32574 30666 31992 32381 30968 32270 32129 32329 32273 32417 32465 32310 31926 32261 32241 32254 32464 32350 31894
7 226 50KHz 31705 31680 31602 30688 24951 0 0 0 0 47 8127 21697 27259 29847 31469 32033 32033 31594 31850 31922 32354 32491 32467 32406 32449 32448 32417 31915 32050 32279 32422 31982
8 227 50KHz 31961 31874 31684 31355 29353 19264 4676 0 0 0 0 4539 21104 28770 30160 31629 32224 31373 32348 32251 32341 32272 32406 32471 32324 31994 32282 32380 32354 32482 32354 32099
9 227 50KHz 32169 31996 31744 31481 30807 27066 14844 0 0 0 0 0 5778 23507 29753 31127 31958 32057 32419 32368 32218 32137 32220 32296 32189 31990 32203 32529 32422 32315 32161 32178
10 227 50KHz 32074 32025 32002 31840 31201 29289 24731 8180 0 0 0 0 0 11909 28294 30699 31572 32147 32017 32103 32224 32293 32262 32247 32284 32360 32322 32215 32200 32167 32227 32115
11 227 50KHz 32269 32041 31845 31532 31513 30365 28507 21593 3248 0 0 0 0 0 23673 29243 31150 32489 32149 32330 32084 32084 32065 32073 32110 32233 32211 32431 32347 32050 31998 32152
12 227 50KHz 32071 32018 32090 31857 31412 30456 30018 27341 20723 6016 0 0 0 0 3855 25906 30050 32320 31506 31858 32077 32290 32131 32035 32239 32647 32348 31995 32044 31883 32063 32069
13 227 50KHz 33290 32032 30324 29429 32738 33023 32771 29399 27664 20891 3829 0 0 0 0 2177 27859 32671 33896 33681 31337 30446 30950 31522 30927 30188 31179 34688 33709 32081 30755 32375
14 227 50KHz 30953 31620 32641 33156 30869 30112 30159 30773 29292 28962 27454 21897 937 0 0 0 4864 27210 28746 29899 31871 32651 32390 32128 32573 33039 32469 30270 30788 31759 32642 31482
15 228 50KHz 32000 31885 31929 31731 31758 31242 31860 31968 31385 30891 30501 28865 25322 3275 0 0 0 12887 25532 29291 30582 31202 31238 31367 31673 32107 31853 31754 31707 31446 31665 31809
16 228 50KHz 32229 32014 31762 31650 32264 32305 32390 32046 32173 31859 31477 30959 29814 27951 7469 0 0 0 0 19378 26547 28814 30070 30927 31203 31212 31543 32258 32067 31791 31678 31956
17 228 50KHz 31240 31849 32648 33298 31536 31453 30948 31435 31111 31795 31954 32460 32382 32402 28510 14896 0 0 0 0 11522 22664 27383 29911 31199 31492 31718 30440 30867 31998 32656 31633
18 228 50KHz 32228 32214 32118 32300 32484 32836 32350 31966 32379 32454 32098 32169 31654 33368 29825 26528 0 0 0 0 0 4646 20929 27555 29947 30530 31462 32125 32092 32296 32197 32149
19 228 50KHz 32134 32197 32215 32396 32340 32567 32191 31997 32237 32363 32158 32293 31980 33169 30700 29778 20877 0 0 0 0 0 3695 22409 28112 30149 31416 31913 31992 32242 32248 32115
20 228 50KHz 32319 32270 32257 32195 32307 32158 32344 32406 32310 32195 32250 32112 32160 31651 32236 30925 27386 13052 0 0 0 0 0 12387 24955 29507 31179 31832 31944 31897 32024 32157
21 228 50KHz 32275 32263 32343 32241 32198 31877 32254 32503 32204 32073 32286 32108 32349 30751 32769 31470 29393 23679 5165 0 0 0 0 0 15155 26955 30512 31435 31704 31700 31962 32110
22 229 50KHz 32367 32289 32255 32130 32335 32101 32424 32510 32359 32182 32285 32092 32208 31149 32637 31509 30456 27971 21030 4571 0 0 0 0 0 18160 28796 31258 31685 31685 31879 32129
23 229 50KHz 32408 32292 32182 32072 32426 32319 32504 32459 32461 32296 32270 32091 32097 31616 32410 31589 31189 30218 27496 22573 12259 0 0 0 0 0 24087 30508 31436 31608 31797 32127
24 229 50KHz 32238 32216 32266 32190 32237 31965 32282 32443 32246 32115 32262 32098 32271 31043 32749 31830 31354 31399 29838 28174 24899 14787 0 0 0 0 631 26816 30105 31024 31628 31930
25 229 50KHz 31862 32088 32475 32522 31893 31407 31847 32386 31841 31873 32277 32234 32674 30473 33052 32316 31368 31677 30419 30175 29651 27218 18483 0 0 0 0 2558 24898 29410 31185 31480
26 229 50KHz 32029 32154 32303 32303 32226 31995 32256 32446 32235 32173 32332 32242 32419 31360 32687 32076 31745 31972 31470 31500 31327 30763 29130 24829 2350 0 0 0 1963 24996 29842 31179
27 229 50KHz 31622 31965 32036 32313 32491 32914 32393 32040 32460 32606 32292 32494 32097 34174 31009 31995 32412 30829 32224 32052 31962 31604 31429 30709 27375 3264 0 0 0 0 23475 29218
28 229 50KHz 30113 31250 31690 32060 32302 32592 32306 32092 32349 32436 32243 32371 32115 33393 31326 31913 32181 31102 32079 32016 31984 31775 31734 31466 30237 24973 339 0 0 0 0 19577
29 230 50KHz 27118 30135 31101 31527 32312 32376 32521 32358 32503 32331 32229 32069 31958 32030 32142 31643 31929 32210 32291 32269 31927 31748 31708 31624 31107 29451 24263 0 0 0 0 0
30 230 50KHz 14961 26801 30023 31118 31999 31848 32344 32462 32311 32098 32227 31981 32141 30854 32875 31807 31763 32832 32107 32210 31992 31975 31850 31771 31660 31243 29584 22509 0 0 0 0
31 230 50KHz 19211 0 17654 27708 30913 31546 31862 31948 31995 32073 32079 32123 32090 32206 31838 31929 31979 31745 32025 32038 32120 32105 32099 32074 31934 31517 30993 28642 18496 0 0 0
