
0 42 50KHz 0 0 1469 23705 29815 29109 30438 32430 31266 38004 32347 27840 43685 52097 3745 33452 29829 32369 29442 33276 32594 31870 36576 31001 32304 30815 30908 34606 31027 30553 28292 10158
1 42 50KHz 0 0 0 0 20772 29305 32852 30418 32779 23737 30698 36841 17664 9067 61464 29774 34153 30845 34824 29900 30805 32211 25647 33013 30696 33343 32337 28417 32056 33305 30560 305
2 42 50KHz 3869 0 0 0 0 22568 29916 31536 31688 31699 31745 31748 31590 31236 32706 32022 32133 32137 32161 32132 32175 32096 32101 32071 32072 31988 32072 31962 31962 31713 30741 22093
3 43 50KHz 26022 2559 0 0 0 999 26700 30728 31442 30439 31502 32325 29496 27637 37369 31768 32519 32084 32613 31916 32085 32116 31318 32237 32017 32174 32265 31494 32111 31897 31060 27700
4 43 50KHz 30528 23982 365 0 0 0 2032 27388 30219 30919 31179 31392 31596 32068 31713 32043 32104 32090 32151 32112 32154 32184 32098 32145 32047 32131 32059 32114 32035 32099 31635 29059
5 43 50KHz 29873 30618 23301 867 0 0 0 4661 25942 28494 30248 31576 29305 28930 35602 31690 32397 31910 32556 31796 31970 32236 31188 32318 31870 32366 32120 31636 32084 32408 31792 28795
6 43 50KHz 30786 33407 30344 27511 3567 0 0 0 8394 27489 30456 31872 28521 26446 38985 31725 32704 32150 32836 31933 32146 32209 31168 32387 32121 32353 32459 31466 32314 32133 31663 31010
7 43 50KHz 32536 31284 31767 31092 28157 6759 0 0 0 14564 28793 30350 32294 33430 30156 32282 32093 32268 32111 32359 32353 32313 32575 32238 32286 32248 32227 32502 32239 32291 32308 31960
8 43 50KHz 31477 33166 31838 31692 30590 27032 9303 0 0 0 5414 27335 28556 28437 36023 31808 32462 32166 32592 32075 32226 32260 31642 32357 32195 32349 32407 31835 32319 32232 31982 31662
9 43 50KHz 36759 26056 31940 30717 31125 28759 27309 11627 0 0 0 8723 35488 41919 17837 32977 30940 32717 30661 33293 32874 32034 35487 31603 32826 31358 31999 33952 32040 31140 31786 34050
10 44 50KHz 32218 31334 31706 31498 31060 30081 30101 27729 1575 0 0 0 16863 29696 30908 31412 31684 31897 31878 32056 32105 32051 32230 32012 32070 31999 32065 32161 32040 31970 31892 31546
11 44 50KHz 28547 36348 31629 32297 31279 31501 31737 29929 26578 7295 0 0 0 11436 43731 29719 32449 31327 33124 31106 31600 32143 29497 32510 31626 32638 32351 30630 32237 32634 31868 29748
12 44 50KHz 43393 18451 31842 29173 31769 28950 27497 32364 27211 36094 14553 0 0 0 5735 31599 28669 33127 28332 34521 33578 31327 39690 30471 33662 29690 31832 35667 31696 28767 30273 37791
13 44 50KHz 36748 2650 30378 20509 32568 24620 15846 35912 21096 35388 25943 0 0 0 0 22208 21084 36477 19995 40254 36976 27847 35267 25451 37613 21975 31771 41409 30389 16670 21470 56152
14 44 50KHz 0 36173 31481 39767 29284 35138 43419 26388 37867 6728 28814 50604 8673 0 0 0 15916 19794 36545 21283 24968 33205 8278 35322 25051 38377 30005 22840 31443 43446 39518 8412
15 44 50KHz 33089 30528 31980 31767 31985 31654 31616 32118 31638 32694 31408 29647 30968 27117 0 0 0 9419 25101 28822 30512 31027 32184 31433 31750 31470 31793 32274 31857 31648 31738 32122
16 44 50KHz 30115 34111 31986 32465 31947 32289 32634 31823 32318 30451 31593 32539 28712 27136 24708 0 0 0 6618 24012 28675 30580 29866 31661 31182 31949 31802 31246 31971 32462 32142 30564
17 45 50KHz 32351 31399 32134 32136 32075 31922 32137 32151 32110 32496 31951 31477 32610 33422 26338 11839 0 0 0 2783 25443 29580 31178 31268 31412 31576 31725 32162 31928 32103 32164 31758
18 45 50KHz 29949 34646 32072 32597 32057 32496 32798 31925 32505 30339 31850 33234 28765 27191 36619 26013 10481 0 0 0 2308 26056 28664 31216 30808 31811 31814 31142 32027 32535 32144 30609
19 45 50KHz 33107 30789 32233 32074 32206 31932 32017 32353 32125 33141 32210 31403 33762 34862 27236 29405 25104 3441 0 0 0 3117 28308 30123 31053 31151 31645 32342 31958 31922 32095 32270
20 45 50KHz 32512 31437 32190 32159 32161 32017 32159 32264 32202 32652 32169 31798 32981 33647 29281 30741 29120 25727 1661 0 0 0 8743 27752 30032 30815 31476 32034 31892 32006 32081 31922
21 45 50KHz 31827 32687 32096 32181 32179 32276 32207 32224 32226 31801 32093 32313 31186 30285 33816 31181 30866 29703 26044 2280 0 0 0 5180 26291 29605 31167 31402 31846 31853 31746 31751
22 45 50KHz 35837 27061 32287 31515 32231 31302 31245 32624 31697 35651 32456 29664 38453 42154 18289 32364 30110 31193 28508 27473 6169 0 0 0 3387 24815 29889 32938 31523 31254 31968 33593
23 45 50KHz 31056 33184 31927 32156 32006 32227 32260 32023 32201 31203 31910 32556 30275 29016 35303 31330 31652 31076 31021 29484 26866 3399 0 0 0 136 24034 29249 30797 31430 31409 30874
24 46 50KHz 32229 31230 32040 32046 31992 31841 32105 32143 32140 32574 32081 31769 33047 33923 29082 31742 31288 31320 30743 30690 29675 25444 2697 0 0 0 522 25376 29028 30770 31279 30739
25 46 50KHz 30767 33689 31852 32126 32001 32316 32257 32045 32221 30876 31901 32763 29505 27516 37311 31378 31999 31437 31774 30775 30533 29228 24348 441 0 0 0 7 20175 28317 30053 29723
26 46 50KHz 31119 32650 32011 32272 31989 32090 32437 32064 32346 31661 32043 32531 31388 31315 32825 31782 31949 31681 31883 31439 31383 31092 29758 24993 1498 0 0 0 0 19584 29023 28796
27 46 50KHz 34253 29364 32065 31588 32192 31711 31438 32516 31813 34015 32317 30694 35146 36238 26161 32433 31428 32245 31203 32342 32096 31442 32903 29627 25842 338 0 0 0 0 24523 30206
28 46 50KHz 31151 32369 31860 32077 31923 32009 32246 32053 32220 31703 31990 32343 31378 31077 32965 31818 32037 31842 32028 31746 31771 31742 31287 30921 29070 20314 0 0 0 0 1883 24944
29 46 50KHz 30500 33710 31568 31824 31965 32353 31992 32111 32080 30725 31876 32705 28873 25827 39550 31587 32495 32007 32542 31695 31873 31733 30924 31541 30759 28509 19068 0 0 0 0 12612
30 46 50KHz 28881 31576 30649 31014 31523 31768 31527 32153 31845 31348 31849 32010 29973 27460 37306 31703 32275 32107 32231 31899 31989 31679 31573 31595 31309 30317 29159 24444 3844 0 0 0
31 47 50KHz 19424 2802 20967 26925 28459 28095 30646 31679 31428 34105 31581 29520 37049 42138 17897 32177 30591 31691 30466 32147 31857 31702 33633 30938 30746 29738 28506 29852 24687 10752 0 0
0 65 50KHz 0 0 1772 24011 29618 29289 30829 32206 31472 36326 32500 28683 40892 47397 11358 33041 30507 32161 30138 32887 32536 31726 35260 31357 32061 31157 31007 33924 31250 30671 28396 10631
1 65 50KHz 0 0 0 0 21150 28971 32282 30713 32532 25710 30415 35969 21008 15249 53179 30331 33402 31164 34059 30411 30853 32515 27237 32635 31020 32913 32240 29188 31806 33101 30280 323
2 66 50KHz 3396 0 0 0 0 22551 29869 31462 31659 31456 31650 31810 31187 30666 33404 31961 32166 32097 32205 32060 32123 32081 31940 32063 32022 31984 32053 31847 31919 31686 30611 21967
3 66 50KHz 25975 2479 0 0 0 1041 26690 30664 31385 30282 31327 32353 29238 27373 37717 31743 32491 32069 32610 31875 32016 32152 31251 32205 31992 32153 32244 31424 32041 31907 30923 27396
4 66 50KHz 30302 23924 544 0 0 0 2361 27467 30159 30720 31006 31292 31374 31803 31986 32005 32100 32061 32147 32072 32116 32172 32035 32128 32012 32099 32031 32050 31996 32043 31460 28588
5 66 50KHz 29935 30190 23417 1072 0 0 0 4993 26062 28303 29955 31527 29008 28601 35963 31651 32354 31882 32541 31754 31882 32294 31122 32281 31839 32317 32098 31557 32020 32399 31613 28326
6 66 50KHz 31088 32886 30350 27548 4097 0 0 0 8945 27582 30351 31848 28351 26374 39098 31721 32655 32145 32808 31914 32085 32256 31167 32350 32118 32323 32443 31443 32249 32161 31593 30807
7 66 50KHz 32397 31416 31719 31047 28253 7186 0 0 0 15080 28978 30328 32183 33327 30212 32264 32098 32251 32108 32340 32351 32282 32558 32237 32270 32240 32217 32487 32244 32258 32275 31882
8 66 50KHz 31656 32895 31835 31658 30556 27169 9969 0 0 0 6208 27408 28280 28309 36121 31779 32420 32144 32565 32049 32179 32284 31626 32332 32187 32335 32402 31816 32283 32259 31959 31568
9 67 50KHz 35716 27427 31719 30572 30945 28579 27412 12474 0 0 0 8878 35301 41859 17680 32929 31062 32668 30695 33245 33012 31786 35448 31663 32774 31410 31952 33995 32126 30981 31784 33906
10 67 50KHz 32421 30953 31637 31328 30887 29757 29973 27918 1829 0 0 0 17724 30856 29306 31477 31545 31881 31683 32097 32139 31985 32507 31949 32082 31921 31997 32336 32015 31878 31880 31587
11 67 50KHz 29106 35574 31705 32331 31179 31441 31689 29875 26602 6815 0 0 0 10147 45486 29592 32388 31231 33137 30947 31367 32300 29204 32458 31587 32607 32407 30374 32135 32779 31767 29479
12 67 50KHz 41143 21629 31338 28847 31479 28574 27201 32224 26776 35850 15567 0 0 0 6052 31765 29021 33120 28374 34501 34078 30585 39802 30567 33612 29785 31656 35931 31904 28272 30198 37799
13 67 50KHz 35989 4116 28939 19630 31681 23683 15242 35692 20518 35403 28831 0 0 0 0 22828 22260 36548 20154 40301 38814 25298 35318 25778 37432 22484 31162 42407 30969 15364 21666 55908
14 67 50KHz 1500 35168 32546 40476 29936 35673 43803 26419 38038 6654 26035 53672 9063 0 0 0 15231 19535 35949 20828 23261 35079 7643 34926 25085 37876 30304 22142 30899 44505 39337 8532
15 67 50KHz 32771 30970 31939 31754 31952 31632 31617 32098 31613 32616 31475 29595 31082 27382 0 0 0 9550 24775 28327 30322 30825 32060 31384 31688 31464 31776 32279 31883 31621 31738 32080
16 68 50KHz 30770 33273 32043 32462 31974 32258 32594 31840 32275 30605 31463 32490 29035 27701 24337 0 0 0 6313 23274 28107 30550 29841 31498 31126 31827 31790 31275 31917 32472 32109 30626
17 68 50KHz 32167 31607 32108 32124 32054 31901 32135 32132 32086 32436 31922 31415 32576 33387 26317 11964 0 0 0 2635 25122 29306 30951 31128 31285 31492 31679 32126 31921 32073 32126 31681
18 68 50KHz 30680 33739 32132 32621 32083 32494 32785 31926 32478 30362 31673 33257 28778 27284 36372 25698 9505 0 0 0 2735 26378 28527 31038 30717 31683 31819 31083 31954 32573 32091 30556
19 68 50KHz 32770 31182 32176 32033 32168 31890 31987 32334 32095 33126 32232 31265 33791 34930 26900 28944 24399 3251 0 0 0 3782 28343 30052 30946 31080 31581 32351 31966 31865 32061 32210
20 68 50KHz 32660 31093 32157 32046 32123 31842 32028 32292 32120 33118 32233 31368 33942 35264 26969 30561 28484 25250 1727 0 0 0 9630 27825 30011 30682 31360 32269 31866 31901 32089 32047
21 68 50KHz 31512 33160 32067 32262 32157 32411 32311 32141 32269 31176 31947 32693 29954 28315 36309 30908 30800 29379 26293 2720 0 0 0 5571 26291 29590 31184 31043 31802 31913 31620 31374
22 68 50KHz 34942 28230 32104 31425 32143 31242 31220 32600 31685 35607 32608 29521 38503 42196 18086 32238 30068 30946 28345 27533 7403 0 0 0 3748 25008 29804 32971 31601 31107 31941 33542
23 69 50KHz 31384 32753 31943 32144 32003 32200 32228 32026 32179 31268 31864 32503 30363 29204 35037 31276 31474 30928 30825 29407 27050 3966 0 0 0 363 24300 29254 30719 31377 31278 30702
24 69 50KHz 31996 31444 31994 32026 31960 31817 32100 32126 32130 32511 32067 31762 32978 33809 29172 31670 31214 31179 30633 30564 29675 25611 2940 0 0 0 819 25610 29058 30679 31066 30392
25 69 50KHz 31216 33055 31874 32118 31988 32273 32232 32039 32205 30939 31843 32717 29598 27765 37009 31367 31862 31349 31632 30692 30388 29309 24495 618 0 0 0 237 20532 28352 29785 29280
26 69 50KHz 31173 32505 32010 32280 31978 32103 32453 32047 32346 31528 31982 32614 31153 30914 33329 31745 31934 31632 31883 31370 31251 31174 29654 25221 1810 0 0 0 0 19493 28703 28264
27 69 50KHz 33609 30077 31941 31518 32124 31636 31398 32507 31803 34088 32407 30557 35328 36613 25684 32444 31462 32208 31155 32340 32334 31112 32913 29645 26089 670 0 0 0 0 24259 29861
28 69 50KHz 31372 31992 31842 32020 31907 31955 32179 32069 32180 31834 31977 32228 31611 31405 32519 31850 31976 31843 31949 31760 31737 31747 31364 30844 29104 20670 0 0 0 0 1747 24512
29 69 50KHz 30813 33186 31561 31855 31923 32354 32030 32067 32105 30523 31786 32852 28446 25292 40306 31545 32493 31974 32580 31618 31725 31842 30753 31487 30678 28564 19053 0 0 0 0 12015
30 70 50KHz 28920 30922 30532 30920 31385 31607 31451 32116 31818 31355 31815 31930 29966 27649 37107 31706 32220 32070 32159 31859 31958 31614 31556 31460 31110 30043 28816 24155 3758 0 0 0
31 70 50KHz 19274 2938 20879 26586 27983 27544 30330 31576 31268 34008 31563 29219 37133 42209 17634 32148 30618 31599 30361 32071 31997 31304 33589 30761 30368 29238 27840 29345 24160 9791 0 0
