
0 623 50KHz 0 0 35558 42911 36319 34374 33565 33144 33012 32961 33004 32971 33086 33306 33286 33283 33264 33109 33011 32927 32694 32804 32897 32961 32975 33128 33260 33552 32963 38268 34286 58935
1 623 50KHz 0 0 0 35851 40788 35585 34205 33372 32731 32652 32967 33149 32581 32999 32857 33239 33679 33134 32869 32600 33068 32684 32649 32950 32815 32773 33004 32559 33547 34462 37751 35928
2 623 50KHz 35581 0 0 0 35183 39578 34688 33271 33298 33219 33140 33221 33627 33371 33353 33273 32931 32758 32720 32581 32861 32978 33006 32787 32898 32869 32889 32795 32810 33624 34477 42450
3 624 50KHz 42969 35874 0 0 0 35037 38600 34770 34251 33836 33511 33433 33916 33631 33638 33414 32996 32915 32933 32955 32656 32952 33064 32769 32853 32994 32992 32829 32975 33412 33716 37174
4 624 50KHz 36446 41019 35202 0 0 0 34814 38521 36017 34612 33987 33691 33601 33602 33510 33411 33394 33228 33099 33034 32722 32774 32950 32980 32894 32977 33029 32809 32814 33035 33424 34891
5 624 50KHz 34624 35840 39915 35054 0 0 0 34872 33844 38272 35805 34806 34366 34231 33775 33568 33530 33276 33157 33091 32750 32848 32964 32919 32995 33001 33011 32812 32805 33127 33353 34048
6 624 50KHz 33713 34432 34901 38555 34782 0 0 0 39423 34330 39792 36882 35476 34814 34151 33716 33438 33289 33228 33276 32525 32869 33030 32981 32882 32998 33035 33243 32810 33034 33145 33560
7 624 50KHz 33317 33547 33610 34952 38559 34835 0 0 0 37669 33750 38491 36067 34874 34234 33605 33223 33197 33114 33235 32332 32791 32967 32784 32814 32894 32914 33256 32795 32954 32922 33232
8 624 50KHz 33222 32974 33515 34393 36100 33843 39362 0 0 0 35610 33743 37860 35623 34301 33640 33584 33349 33169 33159 32471 32652 32769 32866 32709 32773 32906 32805 32794 32721 33015 33318
9 624 50KHz 33141 32837 33428 33992 34663 38431 34349 37668 0 0 0 36218 33729 37703 34965 33919 33667 33272 33042 32972 32671 32641 32761 32854 32812 32790 32904 32777 32792 32763 33058 33209
10 625 50KHz 33054 33006 33256 33507 33973 35730 39678 33754 35586 0 0 0 35294 33519 36242 34269 33580 33079 32954 32784 32668 32761 32784 32773 32784 32827 32811 32787 32797 32833 32980 33030
11 625 50KHz 32778 32899 33220 33297 33503 34667 36648 38399 33761 36247 0 0 0 34901 39875 35042 33654 32696 32479 32124 32961 32725 32688 32598 32678 32659 32536 32728 32768 32767 32920 32715
12 625 50KHz 32992 32523 33645 33782 33370 34104 35296 35981 37782 33734 35346 0 0 0 34687 38480 35320 33413 32935 32445 33256 32716 32644 32875 32910 32765 32713 32084 32775 32756 33171 33028
13 625 50KHz 33305 32981 33351 33567 33518 34040 34697 34738 35470 37569 33517 34912 0 0 0 35449 41036 34841 33814 33337 33241 33066 33126 33095 33076 33044 33064 32930 32822 33051 33336 33355
14 625 50KHz 33237 32754 33516 33563 33393 33702 34025 33985 34103 34841 36336 40111 34724 0 0 0 34665 36834 34591 33834 33464 33155 33280 33287 33236 33181 33216 33039 33169 33055 33415 33426
15 625 50KHz 33154 33252 33272 33262 33260 33384 33472 33247 33442 33765 34204 35201 38783 35467 0 0 0 34581 39782 36043 35100 34263 34028 33684 33564 33449 33245 33002 33040 33236 33330 33348
16 625 50KHz 33314 33600 33053 32982 33300 33356 33250 33024 33367 33553 33644 33860 35429 41091 34658 0 0 0 34910 33556 38123 35938 35302 34373 34103 33938 33512 33632 33120 33495 33355 33316
17 626 50KHz 33348 33292 33024 32998 33252 33304 33321 33134 33263 33258 33198 32946 33650 34912 36946 34600 0 0 0 35263 33742 38147 36413 34880 34249 33923 33671 34027 32798 33368 33267 33349
18 626 50KHz 33091 33056 32936 33023 33137 33185 33225 33108 33160 33072 33036 32762 33138 33922 34716 39972 34877 0 0 0 36055 33713 38886 35947 34650 34194 33661 32898 32789 33169 33174 33282
19 626 50KHz 33198 32898 33004 33179 33252 33359 33471 33312 33271 33177 33038 32501 32782 33602 34124 36418 33546 35133 0 0 0 35512 33745 37887 35469 34574 33941 32955 32768 33113 33182 33518
20 626 50KHz 32342 32758 32662 32319 32358 32268 32135 31936 32071 32243 32341 32870 33165 33024 33230 34977 38151 33773 36152 0 0 0 35640 33549 36906 34857 32998 32687 33113 32841 32825 32273
21 626 50KHz 32796 32576 32930 32783 32587 32621 32598 32519 32363 32480 32635 32781 32804 32996 33165 34276 36009 38118 33731 35521 0 0 0 35004 33506 36798 33826 32744 33222 33002 33059 32762
22 626 50KHz 32884 32647 33012 32929 32773 32786 32843 32774 32594 32556 32749 32800 32804 33096 33260 34140 35302 36341 38821 33730 35700 0 0 0 35346 33697 35339 32869 33450 33168 33258 33040
23 626 50KHz 32998 32923 32902 32778 32857 32862 32811 32663 32717 32745 32763 32777 33004 33150 33308 33852 34460 34902 35928 37661 33616 35015 0 0 0 35949 39163 33020 33999 33659 33359 33184
24 627 50KHz 32888 32810 32828 32754 32770 32790 32726 32584 32623 32658 32707 32779 32962 33126 33224 33579 34020 34090 34514 35222 37275 33527 35350 0 0 0 34461 33318 35389 34347 33681 33200
25 627 50KHz 33010 32805 32915 32871 32873 32842 32794 32681 32578 32669 32746 32846 32900 33118 33262 33618 33945 33836 33979 34273 35275 36978 33710 35949 0 0 0 35316 41444 36356 34750 33799
26 627 50KHz 33215 33056 32989 32984 32961 32958 32991 32852 32886 32844 32844 32730 32898 33189 33372 33371 33556 33559 33520 33598 33360 33990 35478 39332 34463 0 0 0 51178 41402 36588 34710
27 627 50KHz 34165 32848 33318 33749 33462 33520 33885 33824 33413 33222 33219 32442 32282 33378 33566 33713 34314 34514 34298 34571 32680 33275 34194 35720 39017 35298 0 0 0 35643 42610 37435
28 627 50KHz 34293 33277 32805 32513 32390 32292 32132 31973 31994 32198 32377 32686 32915 32751 32802 32825 32722 32414 32348 32060 33127 33098 33314 33686 35253 41452 35481 0 0 0 35759 33654
29 627 50KHz 38154 34283 33611 33267 32855 32748 32771 32655 32460 32490 32682 32824 32738 32945 32954 33262 33443 33076 32865 32712 33071 32955 33175 33560 34310 36322 41370 35602 0 0 0 36452
30 627 50KHz 34240 37489 34381 33416 33178 32987 32846 32620 32685 32722 32748 32829 33074 33129 33206 33297 33152 32900 32903 32755 32957 32992 33185 33178 33539 34686 36329 41955 35737 0 0 0
31 628 50KHz 59139 35878 42432 37117 34756 34023 33469 33028 33144 33093 33002 32800 33162 33404 33454 33564 33368 33250 33152 33120 32648 32874 33185 33146 33261 33860 34596 36822 33674 36322 0 0
0 628 50KHz 0 0 35553 42888 36314 34395 33550 33126 33031 32971 33004 32960 33041 33248 33282 33254 33249 33049 33011 32915 32743 32809 32953 32973 32944 33130 33297 33584 32952 38248 34282 58921
1 628 50KHz 0 0 0 35851 40772 35587 34203 33416 32760 32678 32996 33179 32666 33017 32865 33230 33683 33127 32890 32643 33044 32606 32633 32987 32887 32800 32986 32401 33694 34436 37774 35928
2 628 50KHz 35590 0 0 0 35169 39642 34724 33277 33235 33239 33162 33198 33583 33316 33332 33315 32955 32748 32727 32587 32878 32959 32981 32795 32876 32929 32877 32784 32822 33656 34515 42447
3 628 50KHz 42935 35869 0 0 0 35044 38627 34734 34242 33809 33517 33379 33938 33635 33618 33381 32986 32855 32926 32907 32717 32928 33013 32834 32839 32961 32988 32828 32914 33401 33696 37149
4 628 50KHz 36491 40988 35205 0 0 0 34802 38526 36039 34572 33998 33719 33610 33658 33468 33392 33385 33158 33075 33071 32809 32802 32902 32931 32946 32928 32992 32816 32797 33140 33424 34901
5 629 50KHz 34603 35835 39903 35055 0 0 0 34879 33846 38358 35805 34883 34345 34285 33820 33579 33469 33301 33164 33104 32740 32853 32959 32973 32953 33011 33025 32821 32794 33083 33340 34055
6 629 50KHz 33758 34363 34969 38606 34792 0 0 0 39414 34334 39728 36861 35466 34752 34132 33688 33408 33343 33238 33296 32568 32880 33007 32924 32977 32975 33074 33388 32770 33050 33140 33588
7 629 50KHz 33325 33560 33553 34859 38555 34836 0 0 0 37677 33751 38452 36142 34900 34126 33613 33241 33193 33129 33201 32352 32757 32971 32789 32815 32892 32962 33421 32762 32896 32979 33247
8 629 50KHz 33195 32940 33594 34423 36139 33851 39365 0 0 0 35607 33739 37824 35632 34298 33656 33612 33296 33151 33123 32503 32673 32758 32839 32831 32770 32880 32819 32767 32753 33031 33349
9 629 50KHz 33147 32827 33454 33919 34654 38401 34343 37666 0 0 0 36222 33727 37684 35014 33891 33734 33225 33071 32913 32672 32691 32769 32835 32850 32774 32842 32810 32782 32794 33023 33244
10 629 50KHz 33077 32989 33282 33514 33950 35760 39697 33747 35597 0 0 0 35295 33509 36217 34175 33555 33037 32898 32733 32706 32747 32837 32789 32794 32784 32762 32781 32724 32877 32983 33018
11 629 50KHz 32915 32955 33215 33279 33524 34687 36679 38373 33757 36249 0 0 0 34901 39747 34986 33682 32721 32479 32188 32886 32734 32671 32672 32717 32680 32519 32708 32795 32766 32894 32690
12 630 50KHz 32989 32519 33614 33746 33392 34115 35298 35948 37710 33729 35340 0 0 0 34691 38428 35304 33406 32876 32461 33226 32724 32715 32879 32834 32800 32724 31793 33075 32707 33174 33024
13 630 50KHz 33292 32963 33366 33511 33493 34052 34684 34779 35552 37594 33517 34916 0 0 0 35447 40992 34799 33791 33345 33272 33036 33131 33095 33096 33061 33086 32929 32815 33053 33320 33348
14 630 50KHz 33310 32814 33472 33551 33322 33692 34054 33982 34157 34874 36265 40079 34720 0 0 0 34655 36813 34627 33780 33540 33192 33283 33311 33243 33193 33233 33050 33105 33052 33358 33397
15 630 50KHz 33085 33244 33310 33301 33242 33397 33486 33274 33383 33745 34162 35198 38739 35460 0 0 0 34581 39737 36077 35083 34176 34005 33642 33528 33478 33190 32990 33077 33238 33361 33335
16 630 50KHz 33240 33625 32988 32954 33298 33377 33289 33057 33374 33566 33544 33870 35467 41088 34667 0 0 0 34912 33553 38100 35901 35315 34352 34064 33906 33524 33689 33080 33574 33359 33302
17 630 50KHz 33209 33288 32981 32965 33184 33305 33293 33072 33266 33301 33203 32974 33654 34944 36942 34588 0 0 0 35256 33747 38043 36380 34879 34248 33989 33664 34018 32798 33313 33260 33316
18 630 50KHz 33183 33053 32964 33008 33093 33182 33277 33114 33169 33163 33011 32784 33143 33910 34768 39931 34882 0 0 0 36049 33705 38874 35921 34645 34111 33685 32893 32795 33180 33188 33269
19 631 50KHz 33215 32905 32997 33188 33217 33314 33429 33340 33258 33153 33050 32525 32788 33603 34179 36426 33564 35135 0 0 0 35503 33742 37858 35515 34521 33910 32947 32773 33061 33192 33514
20 631 50KHz 32329 32754 32607 32306 32402 32303 32045 31987 32102 32266 32482 32874 33169 33050 33288 35002 38133 33771 36147 0 0 0 35640 33549 36942 34995 33037 32692 33024 32880 32789 32309
21 631 50KHz 32682 32542 32921 32790 32586 32544 32604 32525 32377 32508 32595 32856 32773 33000 33152 34233 36023 38086 33724 35487 0 0 0 35005 33495 36837 33849 32762 33189 32965 33039 32781
22 631 50KHz 32787 32691 33028 32984 32771 32764 32841 32762 32569 32567 32729 32820 32799 33119 33261 34091 35315 36298 38802 33718 35691 0 0 0 35332 33697 35353 32873 33490 33185 33242 33080
23 631 50KHz 32986 32932 32924 32786 32822 32857 32845 32706 32743 32749 32799 32749 33014 33149 33384 33813 34429 34860 35808 37574 33603 35007 0 0 0 35939 39230 33023 33978 33649 33431 33152
24 631 50KHz 32891 32794 32934 32773 32768 32762 32766 32655 32600 32654 32748 32852 32896 33078 33225 33641 34059 34064 34473 35185 37251 33533 35350 0 0 0 34459 33320 35365 34363 33705 33224
25 631 50KHz 33187 32818 32978 32863 32822 32822 32784 32641 32609 32621 32737 32847 32922 33098 33202 33578 33917 33774 33951 34202 35374 37069 33731 36004 0 0 0 35301 41488 36343 34781 33748
26 632 50KHz 33230 33082 33000 32976 32971 32993 33004 32862 32841 32869 32865 32725 32915 33161 33359 33433 33558 33550 33540 33629 33411 33967 35585 39423 34460 0 0 0 51185 41382 36627 34656
27 632 50KHz 34180 32900 33442 33773 33313 33537 33939 33903 33454 33177 33195 32398 32299 33326 33600 33658 34307 34485 34314 34594 32666 33262 34160 35742 39025 35281 0 0 0 35643 42726 37497
28 632 50KHz 34314 33265 32897 32467 32401 32322 32195 31981 32043 32215 32390 32744 32929 32761 32811 32863 32721 32487 32347 32081 33059 32998 33251 33702 35136 41484 35482 0 0 0 35758 33655
29 632 50KHz 38268 34346 33672 33229 32847 32771 32753 32649 32503 32502 32702 32799 32706 32942 32911 33227 33375 33025 32886 32679 33029 33016 33177 33539 34320 36381 41417 35628 0 0 0 36448
30 632 50KHz 34299 37602 34390 33448 33168 33019 32811 32583 32673 32733 32784 32835 33111 33120 33216 33276 33216 32983 32891 32765 32918 32975 33166 33198 33540 34720 36374 42037 35779 0 0 0
31 632 50KHz 59118 35876 42444 37129 34729 34011 33499 33040 33107 33064 32998 32810 33162 33346 33549 33511 33395 33294 33200 33225 32697 32903 33122 33125 33235 33821 34571 36842 33676 36321 0 0
0 633 50KHz 0 0 35569 42916 36368 34446 33602 33130 32987 32999 33010 32969 33105 33276 33300 33279 33276 33063 33000 32957 32741 32816 32915 32914 32993 33114 33291 33549 32958 38278 34275 58908
1 633 50KHz 0 0 0 35854 40760 35591 34192 33345 32745 32679 32967 33141 32599 32964 32815 33230 33678 33128 32898 32554 33005 32660 32708 32914 32870 32877 32975 32455 33632 34493 37826 35930
2 633 50KHz 35599 0 0 0 35166 39623 34721 33268 33275 33246 33141 33209 33583 33348 33326 33258 32951 32775 32731 32646 32823 32968 32997 32823 32899 32959 32895 32783 32817 33648 34547 42435
3 633 50KHz 42974 35867 0 0 0 35048 38677 34794 34319 33880 33507 33390 33887 33660 33650 33392 32983 32890 32977 32977 32706 32969 33070 32809 32832 32965 33007 32836 32875 33387 33721 37181
4 633 50KHz 36456 41054 35213 0 0 0 34800 38480 35982 34532 33973 33665 33593 33623 33475 33411 33363 33138 33017 32898 32760 32775 32887 32903 32891 32973 32991 32806 32800 33114 33431 34855
5 633 50KHz 34666 35839 39927 35050 0 0 0 34879 33850 38371 35798 34863 34336 34257 33800 33568 33465 33248 33147 33085 32742 32801 32985 32941 32947 32987 33030 32823 32792 33052 33377 34059
6 633 50KHz 33756 34421 34924 38663 34788 0 0 0 39411 34337 39754 36825 35493 34803 34167 33671 33488 33304 33249 33266 32559 32879 33015 32979 32927 32984 33007 33493 32778 33114 33183 33599
7 634 50KHz 33235 33535 33517 34887 38498 34824 0 0 0 37682 33761 38476 36075 34917 34171 33558 33208 33149 33103 33177 32379 32754 32956 32805 32761 32807 32972 33496 32765 33014 32980 33250
8 634 50KHz 33235 32957 33564 34425 36091 33832 39361 0 0 0 35599 33746 37883 35591 34311 33648 33551 33305 33143 33115 32501 32608 32763 32805 32769 32743 32938 32822 32767 32745 33027 33318
9 634 50KHz 33167 32814 33500 33971 34698 38373 34345 37664 0 0 0 36215 33725 37712 34999 33898 33669 33222 33026 32960 32720 32703 32746 32892 32782 32751 32903 32833 32776 32767 33014 33222
10 634 50KHz 32972 33005 33264 33476 33918 35709 39652 33758 35594 0 0 0 35299 33513 36274 34222 33561 33056 32876 32744 32721 32690 32794 32803 32819 32835 32790 32780 32705 32820 32935 33039
11 634 50KHz 32870 32943 33201 33262 33497 34698 36711 38382 33755 36257 0 0 0 34894 39839 35023 33733 32700 32508 32184 32911 32738 32702 32682 32668 32733 32501 32702 32791 32764 32893 32709
12 634 50KHz 32979 32488 33635 33741 33343 34180 35264 35927 37818 33732 35339 0 0 0 34685 38427 35327 33402 32946 32443 33218 32764 32726 32952 32879 32857 32714 31834 33035 32716 33178 32995
13 634 50KHz 33185 32985 33363 33531 33516 34079 34683 34722 35528 37603 33524 34910 0 0 0 35456 41081 34824 33800 33357 33262 33043 33097 33127 33095 33130 33134 32914 32817 33143 33330 33301
14 635 50KHz 33190 32787 33420 33559 33356 33591 33971 33966 34124 34836 36226 40072 34736 0 0 0 34672 36858 34582 33810 33544 33194 33230 33279 33163 33193 33253 33052 33150 33112 33344 33371
15 635 50KHz 33172 33211 33375 33269 33267 33413 33486 33277 33375 33718 34166 35163 38765 35458 0 0 0 34592 39773 36111 35020 34205 33967 33721 33598 33552 33257 32999 33059 33231 33388 33371
16 635 50KHz 33333 33617 33087 32977 33294 33413 33319 33018 33386 33594 33683 33856 35459 41085 34675 0 0 0 34913 33558 38113 35940 35267 34381 34026 33972 33550 33689 33133 33462 33393 33299
17 635 50KHz 33236 33290 33001 32994 33213 33335 33320 33132 33251 33298 33221 33002 33709 34938 36981 34583 0 0 0 35264 33755 38119 36389 34962 34242 33964 33700 34030 32804 33342 33244 33376
18 635 50KHz 33164 33020 32987 33028 33086 33173 33288 33078 33134 33111 32998 32740 33221 33861 34722 39974 34876 0 0 0 36045 33712 38933 35948 34707 34164 33596 32892 32803 33241 33185 33328
19 635 50KHz 33317 32935 33030 33197 33141 33282 33522 33338 33271 33158 33052 32501 32864 33660 34099 36387 33566 35165 0 0 0 35490 33732 37845 35457 34467 33823 32927 32801 33088 33191 33510
20 635 50KHz 32385 32739 32642 32279 32431 32370 32112 31973 32122 32312 32411 32891 33172 33018 33318 34931 38155 33782 36143 0 0 0 35634 33551 36880 34997 33085 32716 32843 32862 32774 32276
21 636 50KHz 32652 32576 32887 32767 32652 32558 32613 32452 32432 32501 32645 32804 32770 32999 33162 34272 35987 38063 33723 35480 0 0 0 35004 33494 36862 33847 32884 33163 32967 33081 32763
22 636 50KHz 32860 32684 33031 32930 32788 32753 32844 32751 32582 32591 32760 32842 32847 33077 33272 34084 35335 36345 38809 33717 35682 0 0 0 35330 33702 35392 32877 33405 33190 33275 33039
23 636 50KHz 32981 32935 32907 32798 32841 32871 32846 32673 32710 32765 32773 32783 33032 33143 33362 33838 34425 34915 35881 37629 33609 35007 0 0 0 35950 39299 33024 33994 33690 33398 33192
24 636 50KHz 33026 32825 32928 32777 32778 32807 32789 32582 32561 32645 32722 32804 32967 33092 33216 33607 34046 34078 34553 35209 37358 33542 35358 0 0 0 34469 33328 35356 34351 33656 33181
25 636 50KHz 33144 32789 32969 32875 32795 32769 32755 32634 32537 32614 32749 32858 32957 33034 33215 33603 33895 33790 33915 34185 35348 37080 33742 36013 0 0 0 35315 41371 36297 34718 33759
26 636 50KHz 33198 33046 32977 33003 32928 32925 32992 32804 32834 32865 32866 32742 32969 33180 33315 33398 33588 33553 33562 33603 33496 34005 35579 39431 34471 0 0 0 51114 41388 36546 34619
27 637 50KHz 33993 32842 33340 33644 33218 33301 33704 33555 33262 33034 33064 32537 32385 33271 33431 33552 34103 34212 34033 34162 32864 33314 34128 35692 39002 35315 0 0 0 35612 42515 37220
28 637 50KHz 34556 33400 32974 32742 32674 32615 32515 32361 32401 32524 32580 32733 32916 32988 33134 33020 33027 32857 32803 32606 32982 33046 33334 33801 35267 41456 35454 0 0 0 35778 33694
29 637 50KHz 38255 34315 33532 33240 32862 32775 32756 32666 32491 32511 32705 32845 32746 32996 32981 33249 33377 33110 32914 32707 33075 32973 33185 33544 34347 36325 41323 35601 0 0 0 36434
30 637 50KHz 34255 37471 34389 33412 33163 33010 32830 32669 32690 32673 32844 32837 33116 33074 33207 33297 33136 32962 32906 32756 32919 33010 33210 33219 33546 34658 36388 42020 35754 0 0 0
31 637 50KHz 59148 35876 42477 37137 34775 33986 33484 32992 33121 33097 33021 32849 33154 33409 33495 33506 33311 33219 33125 33132 32699 32955 33190 33117 33258 33820 34612 36727 33693 36319 0 0
0 637 50KHz 0 0 35557 42871 36284 34426 33568 33146 32989 32988 33019 32983 33056 33278 33289 33299 33310 33083 33005 32847 32747 32834 32910 32950 32996 33088 33265 33547 32962 38272 34286 58923
1 637 50KHz 0 0 0 35858 40727 35555 34125 33358 32764 32655 32964 33071 32639 32957 32808 33242 33680 33158 32889 32600 33043 32664 32671 32927 32947 32852 32980 32530 33583 34474 37747 35926
2 638 50KHz 35588 0 0 0 35182 39543 34706 33299 33275 33270 33099 33223 33649 33315 33345 33329 32974 32799 32779 32633 32890 32986 32989 32829 32850 32959 32888 32792 32814 33630 34487 42420
3 638 50KHz 42986 35873 0 0 0 35046 38620 34739 34297 33845 33502 33339 33900 33671 33637 33402 32986 32839 32949 32961 32648 32970 33059 32802 32824 32930 33012 32831 32997 33373 33723 37110
4 638 50KHz 36421 40977 35221 0 0 0 34806 38455 35978 34568 33926 33679 33575 33589 33451 33361 33334 33099 33009 32935 32794 32763 32912 32899 32898 32919 32993 32800 32805 33058 33438 34798
5 638 50KHz 34468 35798 39821 35041 0 0 0 34891 33845 38365 35804 34862 34324 34204 33803 33559 33474 33253 33168 33112 32741 32834 32901 32969 32913 32971 33018 32816 32807 33028 33348 34156
6 638 50KHz 33765 34395 34879 38593 34785 0 0 0 39413 34338 39771 36838 35537 34793 34148 33712 33385 33291 33217 33259 32579 32830 33005 32939 32901 32978 33050 33306 32797 33030 33124 33564
7 638 50KHz 33232 33571 33590 34921 38519 34828 0 0 0 37696 33762 38490 36132 34929 34231 33618 33255 33166 33069 33183 32403 32813 33007 32827 32755 32811 32940 33295 32788 32935 32973 33242
8 638 50KHz 33165 32975 33567 34367 36063 33838 39364 0 0 0 35601 33743 37858 35614 34320 33646 33564 33311 33111 33089 32531 32600 32775 32882 32761 32768 32908 32809 32788 32742 33020 33276
9 639 50KHz 33073 32800 33473 33917 34675 38439 34352 37678 0 0 0 36223 33730 37719 34976 33935 33719 33245 33061 32946 32709 32696 32764 32873 32831 32783 32893 32780 32794 32770 33029 33206
10 639 50KHz 32977 33033 33244 33430 33983 35735 39681 33756 35591 0 0 0 35299 33518 36238 34152 33551 33011 32834 32736 32684 32737 32798 32812 32780 32812 32827 32783 32807 32847 32960 33059
11 639 50KHz 32936 32978 33181 33280 33471 34734 36694 38440 33761 36264 0 0 0 34893 39854 35034 33662 32700 32503 32191 32906 32699 32703 32641 32717 32736 32530 32733 32775 32830 32893 32756
12 639 50KHz 32947 32505 33587 33767 33449 34104 35272 35978 37807 33740 35331 0 0 0 34692 38537 35309 33452 32945 32385 33222 32726 32682 32866 32856 32827 32739 32117 32864 32718 33154 33031
13 639 50KHz 33301 32972 33499 33557 33520 34065 34663 34765 35564 37611 33521 34919 0 0 0 35445 41097 34842 33811 33313 33251 33054 33168 33066 33077 33099 33142 32953 32820 33080 33343 33381
14 639 50KHz 33311 32807 33514 33582 33389 33647 34037 34012 34159 34876 36210 40084 34716 0 0 0 34662 36876 34571 33827 33491 33221 33265 33284 33196 33148 33262 33009 33251 33097 33355 33405
15 639 50KHz 33095 33245 33325 33291 33252 33393 33449 33256 33411 33755 34164 35184 38759 35463 0 0 0 34585 39775 36090 35035 34221 34039 33613 33568 33469 33245 33059 33108 33238 33421 33362
16 640 50KHz 33259 33632 33077 32966 33287 33381 33262 33025 33365 33581 33568 33897 35483 41019 34663 0 0 0 34911 33561 38139 35975 35305 34385 33975 33946 33504 33605 33258 33501 33332 33236
17 640 50KHz 33144 33285 32967 32921 33175 33294 33292 33150 33270 33295 33176 32990 33655 34930 36959 34579 0 0 0 35264 33755 38115 36402 34977 34258 33993 33652 33808 32832 33293 33283 33301
18 640 50KHz 33147 33039 32964 32953 33060 33221 33248 33055 33089 33069 33003 32761 33153 33904 34708 40008 34885 0 0 0 36042 33707 38865 35928 34687 34070 33630 32878 32825 33164 33216 33293
19 640 50KHz 33307 32981 33068 33143 33171 33298 33528 33326 33299 33163 33040 32541 32796 33607 34064 36399 33563 35165 0 0 0 35493 33735 37820 35359 34504 33803 32903 32825 33135 33209 33531
20 640 50KHz 32374 32720 32557 32326 32379 32306 32111 31992 32049 32306 32384 32874 33168 33032 33307 34952 38172 33773 36138 0 0 0 35636 33548 36924 34958 33106 32738 32699 32872 32767 32313
21 640 50KHz 32760 32540 32950 32767 32629 32560 32598 32540 32354 32501 32652 32855 32795 33011 33161 34216 35990 38138 33724 35500 0 0 0 34994 33505 36843 33862 32964 33051 33013 33078 32760
22 641 50KHz 32978 32629 33023 32963 32777 32809 32833 32760 32595 32668 32760 32881 32832 33160 33316 34125 35387 36381 38813 33729 35697 0 0 0 35353 33704 35438 32884 33388 33209 33291 33094
23 641 50KHz 32899 32902 32967 32812 32818 32854 32850 32713 32681 32772 32792 32755 33010 33182 33345 33819 34485 34851 35870 37628 33602 35001 0 0 0 35967 39325 33030 33984 33650 33375 33149
24 641 50KHz 33005 32830 32936 32752 32829 32730 32721 32545 32524 32625 32677 32801 33019 33049 33215 33602 33975 34090 34517 35185 37362 33528 35366 0 0 0 34470 33322 35341 34346 33679 33168
25 641 50KHz 33097 32862 32931 32856 32817 32776 32774 32683 32594 32650 32721 32844 32904 33087 33191 33555 33871 33796 33965 34191 35334 36988 33737 35990 0 0 0 35300 41463 36323 34758 33756
26 641 50KHz 33371 33059 33060 32979 32966 32964 32962 32838 32832 32845 32877 32802 32992 33181 33364 33438 33556 33544 33517 33565 33484 34134 35582 39433 34508 0 0 0 51125 41391 36581 34634
27 641 50KHz 34258 32896 33544 33760 33438 33543 34008 33946 33544 33261 33245 32483 32331 33390 33641 33725 34336 34560 34364 34662 32599 33294 34271 35817 39000 35272 0 0 0 35646 42742 37625
28 641 50KHz 34142 33256 32759 32523 32414 32357 32183 32004 32030 32254 32396 32730 32919 32829 32814 32893 32743 32478 32426 32193 33043 33025 33270 33653 35252 41468 35462 0 0 0 35752 33657
29 642 50KHz 38163 34306 33617 33244 32843 32747 32763 32672 32403 32478 32706 32842 32732 32911 32942 33257 33492 33068 32936 32660 33088 32995 33187 33537 34298 36340 41227 35608 0 0 0 36438
30 642 50KHz 34257 37492 34370 33509 33123 33034 32823 32614 32668 32753 32809 32812 33104 33130 33172 33275 33204 32960 32861 32789 32857 32989 33193 33244 33561 34702 36405 42040 35748 0 0 0
31 642 50KHz 59126 35874 42481 37130 34804 33961 33463 33045 33148 33107 33054 32779 33147 33369 33540 33589 33332 33252 33171 33214 32687 32995 33209 33106 33258 33817 34572 36880 33678 36311 0 0
0 642 50KHz 0 0 35560 42880 36359 34434 33587 33100 33025 32976 32978 32944 33111 33272 33299 33241 33295 33103 33029 32910 32758 32807 32960 32920 32948 33135 33264 33596 32954 38280 34275 58912
1 642 50KHz 0 0 0 35880 40762 35595 34113 33329 32743 32623 32912 33146 32642 33010 32818 33188 33665 33126 32880 32621 33048 32665 32650 32930 32874 32813 32990 32462 33619 34435 37772 35934
2 642 50KHz 35591 0 0 0 35182 39597 34698 33286 33283 33260 33145 33215 33587 33304 33383 33291 32950 32787 32766 32663 32847 32958 32983 32817 32835 32973 32947 32796 32815 33628 34553 42405
3 642 50KHz 42934 35899 0 0 0 35030 38452 34598 34099 33735 33432 33392 33912 33530 33528 33346 32867 32744 32757 32688 32776 32979 33038 32785 32841 32914 32863 32810 32958 33404 33687 37053
4 643 50KHz 36471 40962 35215 0 0 0 34815 38600 36076 34625 34068 33693 33580 33728 33553 33441 33450 33258 33165 33035 32853 32780 32942 32984 32965 32966 33052 32818 32810 33087 33496 34955
5 643 50KHz 34608 35836 39918 35050 0 0 0 34877 33845 38323 35780 34863 34321 34263 33809 33562 33547 33282 33176 33061 32888 32869 32962 32988 32946 32985 33002 32824 32798 33078 33391 34093
6 643 50KHz 33726 34421 34896 38556 34789 0 0 0 39417 34336 39787 36792 35457 34776 34156 33742 33383 33299 33232 33152 32767 32854 33038 32932 32999 32990 32986 33507 32777 33016 33152 33593
7 643 50KHz 33258 33509 33551 34817 38623 34830 0 0 0 37690 33761 38489 36098 34891 34155 33579 33206 33143 33082 32930 32720 32756 33011 32828 32753 32831 32953 33504 32760 32923 32985 33253
8 643 50KHz 33158 32957 33642 34380 36090 33848 39364 0 0 0 35604 33744 37871 35605 34307 33701 33557 33311 33156 32984 32747 32655 32762 32821 32769 32805 32893 32830 32770 32738 33018 33260
9 643 50KHz 33159 32824 33441 33900 34657 38411 34339 37671 0 0 0 36223 33725 37655 34991 33943 33682 33207 33051 32897 32776 32690 32727 32857 32819 32782 32855 32847 32782 32816 33012 33211
10 643 50KHz 32983 33008 33220 33432 33917 35741 39687 33759 35594 0 0 0 35291 33516 36248 34235 33590 33009 32815 32769 32721 32687 32851 32823 32736 32793 32806 32781 32763 32798 33000 33008
11 644 50KHz 32854 32938 33066 33297 33489 34737 36663 38384 33761 36255 0 0 0 34890 39868 35024 33709 32727 32491 32462 32746 32752 32716 32593 32678 32714 32593 32722 32779 32790 32893 32760
12 644 50KHz 33030 32492 33577 33781 33386 34095 35287 35960 37767 33734 35338 0 0 0 34687 38499 35294 33439 32964 32542 33179 32723 32713 32892 32916 32811 32760 32061 32828 32730 33172 33028
13 644 50KHz 33178 32942 33388 33516 33545 34047 34649 34743 35496 37534 33520 34907 0 0 0 35458 41111 34816 33777 33318 33248 33059 33123 33118 33030 33095 33136 32945 32823 33113 33292 33331
14 644 50KHz 33202 32815 33466 33558 33327 33708 34005 33990 34108 34904 36250 40105 34727 0 0 0 34673 36819 34587 33863 33488 33220 33257 33319 33231 33187 33235 33008 33238 33046 33348 33403
15 644 50KHz 33279 33249 33423 33307 33280 33360 33469 33286 33398 33766 34107 35180 38758 35458 0 0 0 34581 39736 36092 35060 34180 34033 33697 33504 33548 33288 33101 33131 33282 33423 33385
16 644 50KHz 33269 33629 33012 32962 33296 33388 33321 33057 33361 33606 33592 33812 35500 41045 34657 0 0 0 34912 33557 38154 35940 35292 34406 34041 33905 33477 33656 33284 33501 33360 33268
17 644 50KHz 33208 33279 32981 32934 33243 33332 33243 33104 33269 33304 33202 32990 33719 34938 36960 34584 0 0 0 35264 33755 38154 36399 34940 34211 33947 33613 33771 32838 33300 33262 33360
18 645 50KHz 33096 33045 33006 32910 33143 33205 33283 33056 33152 33100 33034 32742 33153 33907 34764 39975 34872 0 0 0 36046 33714 38818 35895 34686 34130 33578 32868 32831 33172 33247 33304
19 645 50KHz 33321 32931 33076 33060 33270 33337 33484 33370 33286 33167 33023 32547 32829 33626 34085 36443 33563 35175 0 0 0 35486 33741 37886 35418 34551 33796 32898 32846 33100 33252 33515
20 645 50KHz 32504 32701 32646 32421 32350 32280 32119 31962 32075 32272 32412 32869 33128 33026 33302 34953 38162 33789 36150 0 0 0 35642 33563 36961 35064 33150 32755 32631 32891 32763 32266
21 645 50KHz 32726 32539 32967 32867 32636 32605 32597 32515 32381 32490 32634 32864 32815 33038 33180 34286 36065 38141 33732 35487 0 0 0 35018 33512 36932 33905 33000 33042 32998 33104 32809
22 645 50KHz 32993 32640 33040 32995 32799 32773 32859 32781 32629 32638 32769 32896 32813 33145 33268 34143 35352 36421 38892 33734 35700 0 0 0 35368 33718 35429 32883 33423 33234 33260 33123
23 645 50KHz 33000 32952 32903 32847 32925 32897 32879 32717 32753 32789 32826 32731 33002 33207 33355 33844 34534 34944 35963 37733 33617 35006 0 0 0 35995 39375 33031 34038 33667 33410 33178
24 646 50KHz 32838 32815 32812 32766 32759 32738 32737 32542 32528 32609 32721 32762 33006 33100 33184 33560 33996 34094 34532 35179 37384 33528 35358 0 0 0 34495 33338 35211 34322 33699 33123
25 646 50KHz 33108 32819 32939 32857 32756 32838 32738 32657 32568 32638 32753 32922 32958 33101 33174 33606 33860 33803 33938 34243 35392 37161 33741 36033 0 0 0 35330 41328 36314 34754 33704
26 646 50KHz 33391 33053 33075 33003 32962 32958 32908 32767 32788 32832 32869 32792 32921 33182 33310 33381 33534 33540 33465 33524 33562 34179 35629 39537 34528 0 0 0 51051 41377 36561 34587
27 646 50KHz 34014 32886 33498 33520 33301 33386 33760 33703 33317 33105 33134 32527 32407 33306 33492 33621 34196 34361 34085 34295 32822 33363 34159 35803 39105 35302 0 0 0 35636 42644 37372
28 646 50KHz 34520 33400 32911 32711 32623 32581 32452 32305 32336 32477 32537 32699 32934 32934 33067 32988 32984 32870 32773 32621 32989 33054 33398 33808 35286 41507 35471 0 0 0 35780 33688
29 646 50KHz 38212 34351 33676 33246 32840 32717 32749 32632 32408 32529 32727 32794 32740 32911 32970 33273 33402 33045 32907 32665 33057 32996 33181 33559 34292 36350 41389 35647 0 0 0 36438
30 646 50KHz 34262 37501 34406 33479 33202 33015 32869 32633 32668 32759 32781 32829 33112 33146 33213 33294 33246 32967 32915 32807 32897 33076 33232 33228 33538 34707 36403 42053 35757 0 0 0
31 647 50KHz 59120 35879 42422 37081 34815 34027 33481 33060 33136 33069 32989 32808 33191 33321 33448 33496 33363 33263 33214 33028 32933 32940 33170 33101 33256 33807 34575 36846 33688 36315 0 0
0 647 50KHz 0 0 35555 42922 36298 34432 33551 33090 33002 32945 32981 32908 33057 33241 33318 33311 33306 33102 33027 32887 32792 32822 32911 32923 33009 33157 33236 33571 32956 38251 34282 58935
1 647 50KHz 0 0 0 35862 40740 35569 34186 33348 32804 32682 32923 33124 32683 33013 32900 33229 33653 33135 32874 32745 32936 32680 32661 32946 32882 32785 33000 32517 33607 34459 37741 35930
2 647 50KHz 35596 0 0 0 35179 39624 34778 33360 33309 33256 33195 33216 33562 33363 33382 33274 33004 32753 32778 32780 32819 32916 33011 32798 32859 32975 32962 32801 32815 33641 34531 42453
3 647 50KHz 42944 35887 0 0 0 35046 38477 34695 34157 33778 33457 33418 33901 33585 33548 33329 32903 32737 32776 32792 32788 32947 32990 32779 32831 32939 32901 32807 32949 33367 33714 37091
4 647 50KHz 36525 40977 35218 0 0 0 34812 38618 36075 34640 34020 33672 33558 33678 33534 33404 33390 33181 33089 32968 32887 32790 32964 32971 32934 32975 33018 32819 32803 33071 33419 34920
5 647 50KHz 34582 35871 39824 35049 0 0 0 34885 33847 38332 35828 34912 34348 34222 33861 33554 33522 33256 33139 33085 32767 32789 32986 32972 32938 32999 33017 32822 32797 33054 33393 34063
6 648 50KHz 33741 34357 34900 38524 34795 0 0 0 39413 34332 39710 36837 35476 34734 34160 33703 33368 33289 33244 33290 32561 32820 33040 32996 32901 32973 33019 33382 32785 33081 33135 33626
7 648 50KHz 33313 33527 33638 34815 38507 34840 0 0 0 37685 33750 38454 36069 34895 34170 33608 33204 33141 33094 33229 32390 32788 32985 32771 32797 32864 32931 33388 32773 32912 32995 33272
8 648 50KHz 33226 32947 33630 34359 36136 33845 39362 0 0 0 35612 33739 37837 35679 34313 33646 33574 33329 33092 33117 32572 32644 32784 32866 32805 32727 32928 32818 32781 32747 33015 33297
9 648 50KHz 33182 32858 33478 33880 34712 38428 34347 37673 0 0 0 36225 33728 37752 34988 33925 33705 33313 33078 32964 32704 32666 32819 32893 32843 32794 32886 32768 32783 32791 33025 33226
10 648 50KHz 33111 33049 33274 33506 33924 35796 39708 33743 35598 0 0 0 35295 33511 36182 34242 33570 33033 32875 32742 32718 32742 32822 32787 32777 32819 32792 32781 32748 32838 32953 33067
11 648 50KHz 32890 32928 33169 33340 33497 34663 36670 38344 33749 36256 0 0 0 34897 39724 35020 33696 32713 32470 32152 32930 32763 32709 32648 32731 32736 32600 32717 32783 32800 32914 32694
12 648 50KHz 33016 32460 33619 33841 33346 34190 35306 35934 37784 33732 35326 0 0 0 34697 38460 35378 33395 32923 32503 33213 32756 32723 32948 32847 32829 32749 31970 32940 32730 33160 33039
13 649 50KHz 33134 32889 33435 33554 33535 34049 34676 34740 35484 37571 33517 34910 0 0 0 35455 41129 34804 33814 33232 33263 33080 33130 33136 33117 33073 33090 32922 32820 33064 33336 33374
14 649 50KHz 33210 32767 33451 33545 33356 33699 34016 33954 34123 34840 36157 40100 34727 0 0 0 34667 36804 34607 33812 33514 33199 33245 33292 33149 33151 33287 33023 33164 33046 33349 33365
15 649 50KHz 33139 33233 33309 33300 33285 33388 33481 33259 33413 33770 34094 35157 38716 35462 0 0 0 34584 39752 36096 35000 34253 34038 33731 33603 33557 33283 33052 33046 33253 33379 33340
16 649 50KHz 33193 33578 33055 32916 33303 33407 33281 33051 33396 33577 33544 33803 35464 41063 34661 0 0 0 34912 33558 38144 35922 35298 34395 34031 33925 33524 33654 33201 33535 33379 33297
17 649 50KHz 33189 33274 33049 32944 33301 33339 33326 33059 33278 33270 33173 32979 33732 34929 36971 34590 0 0 0 35262 33749 38155 36413 34949 34261 33997 33608 34183 32804 33361 33274 33336
18 649 50KHz 33097 33044 33010 32924 33172 33240 33272 33105 33118 33103 33019 32752 33184 33929 34733 40002 34875 0 0 0 36036 33711 38836 35965 34601 34098 33585 32903 32794 33148 33208 33285
19 649 50KHz 33116 32926 33034 33013 33216 33254 33410 33257 33220 33125 33025 32562 32870 33590 34083 36435 33560 35145 0 0 0 35485 33731 37849 35403 34497 33747 32942 32779 33124 33218 33450
20 650 50KHz 32357 32766 32577 32459 32324 32323 32146 32026 32157 32291 32498 32874 33122 33049 33317 34941 38173 33767 36126 0 0 0 35628 33552 36861 35055 33198 32696 33042 32878 32759 32395
21 650 50KHz 32610 32564 32837 32901 32643 32597 32621 32522 32396 32505 32678 32812 32795 33023 33166 34256 35962 38041 33722 35466 0 0 0 34998 33505 36864 33845 32793 33207 32981 33023 32797
22 650 50KHz 32889 32669 33022 32975 32770 32782 32850 32800 32623 32588 32772 32848 32788 33139 33285 34099 35346 36309 38791 33718 35678 0 0 0 35335 33709 35404 32879 33477 33196 33249 33097
23 650 50KHz 33061 32906 32906 32777 32851 32883 32831 32738 32744 32764 32796 32793 33000 33137 33367 33790 34429 34872 35880 37612 33610 35013 0 0 0 35967 39386 33027 33927 33663 33446 33162
24 650 50KHz 32900 32824 32809 32782 32775 32771 32720 32546 32539 32618 32736 32801 32930 33076 33177 33597 33991 34038 34432 35171 37386 33534 35359 0 0 0 34492 33312 35398 34327 33675 33189
25 650 50KHz 33158 32787 32916 32888 32808 32808 32735 32593 32565 32632 32795 32898 32944 33089 33155 33582 33923 33748 33930 34189 35366 37138 33738 36020 0 0 0 35280 41430 36268 34766 33745
26 650 50KHz 33294 33063 33058 32976 32901 32976 32915 32796 32783 32845 32792 32799 32936 33193 33288 33397 33589 33442 33494 33520 33583 34162 35600 39524 34505 0 0 0 51072 41211 36521 34575
27 651 50KHz 34262 32937 33548 33539 33622 33620 34001 33950 33523 33299 33171 32453 32339 33426 33650 33780 34362 34634 34384 34677 32689 33356 34274 35866 38969 35269 0 0 0 35634 42683 37602
28 651 50KHz 34379 33280 32876 32642 32444 32339 32255 32016 32112 32284 32445 32781 32912 32849 32863 32902 32798 32569 32523 32157 33057 33079 33299 33748 35271 41535 35473 0 0 0 35760 33664
29 651 50KHz 38327 34322 33570 33254 32855 32757 32763 32669 32414 32480 32702 32849 32688 32956 32981 33236 33445 33079 32915 32793 33025 33014 33161 33534 34308 36344 41300 35616 0 0 0 36440
30 651 50KHz 34303 37584 34377 33536 33160 33050 32850 32595 32715 32751 32793 32828 33055 33113 33221 33286 33167 32947 32929 32825 32914 33008 33171 33218 33532 34666 36344 42020 35781 0 0 0
31 651 50KHz 59127 35878 42416 37072 34827 33992 33536 33016 33114 33106 33048 32784 33152 33339 33513 33520 33345 33190 33162 33014 32910 32947 33217 33078 33233 33815 34586 36844 33686 36304 0 0
0 651 50KHz 0 0 35552 42896 36313 34413 33541 33150 33051 32990 33010 32970 33045 33221 33299 33256 33296 33146 32997 32860 32843 32828 32958 32912 32963 33083 33228 33585 32959 38248 34280 58914
1 652 50KHz 0 0 0 35868 40773 35660 34201 33411 32760 32705 32967 33098 32616 33020 32794 33240 33691 33168 32918 32781 32933 32664 32661 32924 32909 32850 33050 32472 33668 34414 37784 35926
2 652 50KHz 35571 0 0 0 35199 39610 34708 33292 33302 33263 33183 33209 33643 33374 33395 33305 32973 32773 32770 32691 32799 32883 33011 32793 32908 32918 32970 32794 32814 33679 34518 42452
3 652 50KHz 42868 35888 0 0 0 35043 38506 34657 34195 33775 33448 33431 33952 33572 33593 33362 32901 32790 32826 32778 32745 32978 33040 32805 32855 32943 32905 32812 32975 33307 33686 37063
4 652 50KHz 36505 40982 35220 0 0 0 34810 38566 36030 34577 33974 33693 33608 33666 33514 33432 33433 33262 33119 33078 32727 32833 32868 32912 32961 32978 33016 32821 32803 33093 33456 34869
5 652 50KHz 34609 35836 39903 35054 0 0 0 34881 33849 38370 35836 34880 34332 34202 33837 33622 33499 33271 33159 33063 32763 32826 32982 32938 32961 33012 33036 32825 32797 33064 33337 34076
6 652 50KHz 33745 34414 34925 38542 34785 0 0 0 39414 34329 39738 36836 35487 34774 34147 33729 33344 33305 33245 33249 32599 32865 33017 32924 32962 32927 33026 33441 32786 33073 33110 33600
7 652 50KHz 33243 33556 33558 34798 38583 34827 0 0 0 37692 33761 38480 36143 34968 34201 33580 33240 33159 33146 33220 32471 32733 32969 32802 32711 32831 32911 33439 32773 32917 32951 33207
8 653 50KHz 33193 33004 33565 34334 36081 33840 39357 0 0 0 35606 33743 37829 35652 34325 33695 33613 33321 33084 33054 32536 32649 32774 32892 32755 32782 32894 32826 32779 32755 32972 33254
9 653 50KHz 33130 32873 33497 33935 34744 38407 34348 37676 0 0 0 36218 33731 37712 34939 33953 33715 33265 33093 32934 32625 32680 32747 32874 32801 32768 32893 32821 32788 32756 33045 33241
10 653 50KHz 33101 33023 33256 33508 33950 35762 39626 33747 35602 0 0 0 35296 33507 36175 34201 33553 33020 32876 32772 32734 32782 32784 32785 32790 32783 32852 32780 32753 32797 32983 33004
11 653 50KHz 32753 32956 33181 33330 33510 34636 36650 38374 33761 36251 0 0 0 34899 39920 35040 33695 32676 32508 32131 32905 32695 32672 32637 32704 32724 32605 32707 32790 32788 32906 32707
12 653 50KHz 32927 32520 33534 33794 33396 34111 35316 35920 37823 33735 35326 0 0 0 34694 38499 35289 33448 32907 32494 33220 32746 32643 32915 32858 32801 32755 31915 33005 32730 33148 33058
13 653 50KHz 33244 32960 33429 33551 33521 34056 34623 34737 35564 37600 33525 34910 0 0 0 35443 41067 34804 33790 33321 33249 32988 33136 33135 33125 33064 33104 32914 32821 33078 33316 33337
14 653 50KHz 33199 32774 33405 33550 33414 33661 34010 33925 34119 34802 36229 40025 34721 0 0 0 34676 36858 34624 33856 33524 33207 33261 33266 33234 33186 33263 33051 33236 33041 33378 33441
15 654 50KHz 33212 33238 33352 33263 33261 33383 33500 33277 33453 33777 34202 35198 38693 35459 0 0 0 34585 39847 36184 35090 34250 34021 33724 33518 33510 33297 33045 33101 33274 33326 33395
16 654 50KHz 33311 33634 33027 32950 33336 33433 33324 33019 33445 33569 33600 33824 35440 41104 34660 0 0 0 34909 33559 38126 35936 35320 34389 34015 33911 33555 33710 33166 33535 33337 33292
17 654 50KHz 33300 33275 33072 32987 33227 33312 33361 33091 33268 33277 33206 32990 33685 34922 36922 34586 0 0 0 35261 33749 38122 36392 34924 34302 33931 33612 34012 32816 33313 33299 33349
18 654 50KHz 33240 33074 32991 33003 33145 33214 33291 33116 33140 33086 33059 32781 33175 33918 34686 39876 34900 0 0 0 36043 33704 38844 35923 34677 34084 33564 32891 32800 33192 33193 33270
19 654 50KHz 33132 32932 32969 33099 33202 33311 33488 33351 33240 33137 32959 32554 32832 33568 34075 36444 33551 35130 0 0 0 35495 33738 37849 35456 34479 33787 32935 32792 33141 33206 33545
20 654 50KHz 32505 32738 32649 32373 32383 32324 32135 31967 32040 32238 32480 32871 33165 33099 33269 34926 38151 33770 36166 0 0 0 35616 33550 36868 35013 33193 32708 32929 32805 32773 32296
21 654 50KHz 32736 32559 32935 32803 32636 32601 32588 32535 32386 32490 32646 32809 32782 33019 33171 34235 35985 38084 33727 35481 0 0 0 35004 33505 36898 33894 32848 33158 32991 33038 32778
22 655 50KHz 32857 32622 33029 32936 32780 32752 32845 32798 32617 32590 32713 32777 32807 33125 33294 34110 35366 36322 38854 33713 35669 0 0 0 35344 33704 35425 32883 33469 33204 33276 33116
23 655 50KHz 33029 32950 32828 32778 32864 32875 32867 32694 32712 32766 32787 32779 32963 33219 33366 33860 34520 34846 35898 37618 33601 35015 0 0 0 35962 39381 33027 33982 33659 33399 33169
24 655 50KHz 32814 32795 32817 32747 32740 32756 32748 32625 32589 32666 32705 32795 32930 33066 33212 33571 33995 34057 34525 35194 37326 33529 35348 0 0 0 34489 33314 35325 34309 33659 33158
25 655 50KHz 33003 32802 32886 32777 32768 32745 32730 32572 32538 32637 32733 32892 32965 33063 33122 33540 33867 33789 33916 34237 35385 37108 33726 35981 0 0 0 35301 41458 36279 34729 33700
26 655 50KHz 33338 33031 33007 32952 32943 32982 32954 32822 32796 32840 32861 32815 32927 33160 33334 33478 33521 33515 33480 33537 33545 34105 35587 39429 34512 0 0 0 51054 41295 36552 34652
27 655 50KHz 34121 32881 33529 33626 33308 33490 33788 33766 33336 33193 33169 32475 32413 33264 33472 33539 34041 34159 33984 34074 32893 33397 34212 35698 39088 35299 0 0 0 35603 42515 37176
28 655 50KHz 34593 33360 33047 32839 32767 32759 32744 32499 32598 32594 32670 32712 32918 33058 33182 33135 33183 33064 32969 32883 32965 33071 33433 33926 35325 41445 35436 0 0 0 35779 33715
29 656 50KHz 38208 34316 33569 33271 32863 32807 32765 32634 32418 32484 32664 32854 32770 32944 32953 33214 33381 33024 32885 32689 33053 32933 33194 33521 34329 36344 41306 35592 0 0 0 36438
30 656 50KHz 34266 37455 34438 33501 33166 33020 32866 32614 32717 32807 32788 32855 33075 33158 33206 33310 33208 32954 32871 32744 32905 32997 33178 33247 33577 34687 36395 42000 35754 0 0 0
31 656 50KHz 59128 35878 42395 37078 34803 34004 33524 33033 33095 33112 33010 32815 33156 33390 33446 33550 33312 33260 33210 33217 32720 32958 33145 33038 33236 33839 34579 36731 33702 36300 0 0
0 718 50KHz 0 0 35536 42760 36383 34454 33575 33132 33037 33016 32991 32933 33132 33311 33276 33310 33384 33159 32991 32895 33104 32530 32988 32781 32607 33446 33354 33605 32976 38385 34280 58934
1 718 50KHz 0 0 0 35870 40825 35713 34243 33384 32758 32640 32973 33167 32655 32999 32883 33224 33707 33142 32902 32680 34778 30729 32741 34649 32447 31296 32948 32679 33523 34550 37843 35876
2 718 50KHz 35550 0 0 0 35165 39727 34712 33268 33291 33237 33165 33227 33637 33290 33325 33332 32987 32749 32755 32738 32647 32951 33002 32302 32513 33261 32890 32806 32802 33656 34559 42212
3 719 50KHz 42829 35915 0 0 0 35041 38510 34637 34105 33753 33455 33485 33934 33561 33524 33392 32885 32752 32792 32769 32155 33464 33026 31927 32562 33712 32982 32816 33052 33394 33723 37078
4 719 50KHz 36433 41089 35215 0 0 0 34815 38608 36105 34653 33988 33699 33599 33716 33606 33468 33473 33294 33195 33033 32711 32910 33006 32759 32693 33056 33137 32806 32825 33130 33548 34954
5 719 50KHz 34459 35882 39929 35054 0 0 0 34880 33840 38280 35802 34882 34330 34193 33793 33558 33491 33275 33127 33022 32827 32750 33009 32792 32703 33059 33049 32801 32823 33091 33444 34086
6 719 50KHz 33730 34427 34886 38573 34801 0 0 0 39393 34340 39780 36843 35500 34819 34177 33750 33406 33271 33242 33147 31758 33745 33049 31896 32767 33824 33114 33129 32820 33040 33226 33595
7 719 50KHz 33214 33536 33570 34816 38606 34813 0 0 0 37666 33762 38516 36121 34951 34210 33602 33248 33153 33103 33007 31368 33931 33023 31500 32717 33872 33005 33063 32814 32980 33005 33255
8 719 50KHz 33160 32916 33539 34311 36143 33831 39346 0 0 0 35609 33746 37855 35598 34296 33678 33625 33385 33145 32928 32538 32775 32857 32717 32703 32784 32920 32793 32808 32746 33034 33296
9 720 50KHz 33191 32881 33454 33903 34707 38365 34346 37647 0 0 0 36220 33728 37667 34973 33917 33727 33244 33045 32872 33047 32347 32778 33132 32647 32455 32914 32735 32808 32766 33042 33233
10 720 50KHz 33017 33022 33216 33436 33912 35729 39729 33760 35610 0 0 0 35287 33515 36215 34220 33548 33029 32803 32719 32988 32389 32769 32743 32538 32759 32783 32781 32755 32794 32960 33054
11 720 50KHz 32801 32976 33138 33329 33467 34661 36635 38431 33758 36251 0 0 0 34901 39933 34987 33724 32713 32514 32398 33885 31482 32714 33241 32276 32283 32472 32754 32763 32809 32911 32736
12 720 50KHz 33039 32560 33598 33841 33380 34118 35306 35955 37840 33733 35331 0 0 0 34696 38592 35334 33409 32936 32654 35279 30354 32698 34684 32333 31234 32700 32317 32724 32779 33198 33069
13 720 50KHz 33161 32949 33379 33538 33501 34012 34623 34718 35520 37622 33531 34919 0 0 0 35442 41054 34805 33775 33303 34160 31917 33087 33277 32504 32937 33070 32902 32827 33143 33387 33395
14 720 50KHz 33268 32799 33413 33505 33402 33669 33996 34019 34074 34838 36281 40159 34735 0 0 0 34664 36842 34654 33758 34819 31780 33316 33447 32565 32946 33268 32992 33285 33114 33415 33476
15 720 50KHz 33400 33273 33363 33282 33288 33400 33503 33246 33386 33747 34210 35144 38764 35456 0 0 0 34583 39815 36071 37326 31801 34047 32647 32520 34923 33232 33053 33198 33225 33435 33412
16 721 50KHz 33191 33649 33014 32920 33310 33416 33304 33078 33399 33589 33574 33808 35523 41063 34650 0 0 0 34909 33543 41911 32122 35429 31049 32649 38024 33524 33527 33350 33471 33402 33346
17 721 50KHz 33336 33280 32964 32934 33270 33339 33342 33117 33258 33288 33153 32970 33678 34952 36890 34603 0 0 0 35190 34321 31627 37137 30163 32745 39928 33625 33660 32855 33324 33325 33354
18 721 50KHz 33052 33044 32969 32936 33125 33129 33209 33056 33059 33044 33027 32725 33232 33914 34672 40008 34870 0 0 0 37300 32504 40704 27752 32701 44513 33409 32846 32838 33157 33223 33280
19 721 50KHz 33043 32842 32919 32917 33020 33047 33156 33015 32917 32901 32898 32698 32901 33506 33948 36382 33547 35141 0 0 0 32435 34294 20178 32509 47581 33065 32829 32831 33039 33144 33215
20 721 50KHz 32090 34014 31713 31079 31716 31824 30642 30219 31459 32124 32148 33369 34824 33531 34074 36716 41404 34379 37614 0 0 0 29857 8567 30405 65535 45648 33191 33270 34534 33013 31740
21 721 50KHz 33422 31442 33778 34286 33579 33443 34493 34728 33474 32996 33094 32210 30982 32567 32502 32499 33037 32272 32540 32415 0 0 0 53375 32955 0 22239 29003 32540 31447 32915 33840
22 721 50KHz 33038 32745 33045 33032 32857 32871 32879 32823 32663 32672 32862 32799 32821 33144 33270 34141 35510 37077 40711 34303 29992 0 0 0 32758 31936 35448 32893 33470 33196 33251 33115
23 722 50KHz 32265 34204 31828 31261 32088 32205 31175 30783 32049 32495 32323 32985 34486 32892 33006 32286 30365 29282 27137 19484 8597 53950 0 0 0 56287 41126 33030 32630 33745 32499 31623
24 722 50KHz 32660 32604 32574 32629 32622 32645 32650 32643 32650 32642 32590 32506 32501 32565 32518 32519 32588 32613 32545 32517 30974 32914 32768 0 0 0 32782 32776 32661 32518 32583 32631
25 722 50KHz 33068 31687 33772 34207 33432 33437 34244 34382 33218 32827 33115 32699 31553 33273 33515 35466 38702 40331 44539 47368 65535 0 32024 55958 0 0 0 35818 44646 37347 36134 35706
26 722 50KHz 33388 33093 33026 33005 33050 33025 33033 32941 32944 32921 32892 32722 32925 33142 33403 33479 33589 33541 33318 33056 46516 21238 35600 41761 32785 0 0 0 50712 40935 36395 34701
27 722 50KHz 33613 32671 33235 33185 32877 32825 33054 32953 32699 32676 32784 32691 32472 33014 33143 33222 33708 33641 33380 33253 38247 28231 33960 36235 32666 35789 0 0 0 35472 41917 36618
28 722 50KHz 34872 33540 33104 33043 33126 33072 33062 32905 32912 32906 32871 32692 32906 33225 33354 33317 33415 33428 33266 33217 34284 31698 33592 33262 32719 44116 35344 0 0 0 35684 33703
29 723 50KHz 38180 34328 33564 33308 32829 32800 32758 32662 32483 32516 32710 32864 32775 32958 32980 33195 33371 33037 32870 32703 35270 30584 33100 34070 32440 36911 40899 35491 0 0 0 36268
30 723 50KHz 34257 37544 34357 33570 33191 33095 32941 32734 32754 32798 32827 32892 33156 33213 33261 33352 33262 33011 32994 32873 33725 32081 33183 32798 32491 35540 36232 41723 35678 0 0 0
31 723 50KHz 59164 35851 42218 37038 34835 34010 33509 33087 33104 33080 33031 32864 33162 33429 33518 33583 33359 33279 33223 33115 32612 33080 33234 32214 32662 35140 34614 36589 33705 36275 0 0
0 723 50KHz 0 0 35540 42743 36368 34448 33551 33060 33016 32955 33006 32984 33074 33271 33296 33311 33345 33107 33015 32951 33083 32532 32996 32784 32617 33506 33353 33613 32978 38418 34286 58927
1 723 50KHz 0 0 0 35876 40749 35724 34241 33398 32832 32709 32978 33078 32639 33007 32869 33302 33704 33125 32949 32621 34749 30739 32734 34668 32482 31242 32972 32767 33540 34530 37832 35876
2 723 50KHz 35537 0 0 0 35187 39716 34647 33260 33266 33204 33171 33231 33656 33292 33360 33303 32981 32742 32749 32666 32667 32907 33010 32358 32521 33275 32905 32809 32801 33650 34564 42208
3 723 50KHz 42731 35904 0 0 0 35054 38504 34644 34165 33728 33445 33455 33935 33551 33531 33338 32900 32768 32767 32765 32223 33394 33038 31982 32558 33644 32903 32821 33013 33454 33752 37009
4 724 50KHz 36462 41039 35211 0 0 0 34816 38619 36106 34653 34020 33677 33587 33671 33545 33486 33500 33378 33206 33110 32695 32899 33001 32759 32738 33116 33115 32808 32823 33114 33522 34923
5 724 50KHz 34504 35897 39909 35053 0 0 0 34876 33835 38297 35818 34861 34317 34216 33828 33592 33512 33254 33134 33013 32755 32682 32997 32757 32709 33018 33034 32803 32823 33133 33411 34078
6 724 50KHz 33709 34450 34875 38561 34801 0 0 0 39395 34338 39796 36842 35493 34798 34158 33765 33381 33282 33217 33141 31784 33713 33106 31947 32769 33786 33131 33115 32825 33066 33146 33594
7 724 50KHz 33258 33544 33606 34813 38597 34821 0 0 0 37653 33755 38547 36096 34923 34184 33654 33266 33185 33096 33020 31456 34007 32990 31619 32749 33902 32998 33060 32815 32944 33007 33238
8 724 50KHz 33196 32937 33585 34348 36117 33837 39346 0 0 0 35616 33747 37850 35619 34336 33670 33582 33283 33112 32934 32480 32732 32801 32717 32709 32831 32938 32789 32812 32758 33015 33300
9 724 50KHz 33135 32861 33462 33948 34670 38374 34338 37629 0 0 0 36217 33729 37677 34939 33926 33698 33266 33029 32885 33100 32309 32777 33097 32661 32467 32821 32712 32807 32787 33052 33189
10 724 50KHz 33027 32988 33264 33464 33928 35689 39669 33759 35611 0 0 0 35284 33514 36213 34254 33566 33013 32837 32784 32937 32454 32801 32747 32563 32723 32792 32783 32838 32860 33025 33011
11 725 50KHz 32900 32943 33185 33283 33468 34674 36611 38427 33754 36253 0 0 0 34898 39829 35020 33713 32717 32538 32447 33799 31538 32700 33190 32294 32252 32513 32754 32762 32830 32920 32729
12 725 50KHz 32980 32535 33658 33823 33343 34168 35259 35920 37815 33740 35321 0 0 0 34697 38550 35378 33419 32910 32693 35264 30374 32723 34592 32398 31265 32679 32317 32737 32757 33170 33080
13 725 50KHz 33223 32963 33416 33532 33526 34032 34590 34714 35538 37629 33515 34920 0 0 0 35448 41075 34814 33824 33331 34247 31930 33125 33296 32485 32953 33101 32961 32824 33123 33352 33373
14 725 50KHz 33162 32756 33453 33470 33370 33635 34017 33953 34159 34817 36192 40115 34735 0 0 0 34671 36792 34586 33755 34809 31783 33293 33544 32565 32995 33223 32982 33310 33090 33421 33490
15 725 50KHz 33244 33294 33328 33300 33300 33419 33502 33274 33487 33755 34138 35170 38770 35464 0 0 0 34588 39833 36171 37351 31810 34068 32659 32495 34920 33288 33049 33171 33227 33447 33440
16 725 50KHz 33375 33649 33108 32972 33326 33395 33272 33027 33375 33588 33589 33871 35469 41053 34668 0 0 0 34898 33535 42026 32116 35464 31124 32639 38011 33501 33575 33319 33530 33357 33333
17 725 50KHz 33178 33309 32943 32891 33300 33296 33301 33164 33277 33349 33182 33014 33698 34941 36954 34574 0 0 0 35193 34322 31629 37154 30124 32713 39846 33596 33619 32849 33300 33296 33423
18 726 50KHz 33190 33059 33012 32923 33175 33156 33228 33016 33067 33055 33012 32770 33227 33851 34678 39980 34880 0 0 0 37313 32501 40748 27813 32677 44528 33393 32844 32843 33162 33254 33292
19 726 50KHz 33151 32894 32986 33008 33184 33150 33274 33190 33080 33046 32960 32601 32872 33536 33987 36398 33543 35115 0 0 0 32489 34308 19646 32588 48102 33251 32846 32845 33033 33206 33331
20 726 50KHz 32001 33967 31713 31131 31508 31742 30529 30106 31359 31991 32099 33434 34890 33522 34028 36657 41391 34389 37651 0 0 0 29850 8567 30410 65535 45649 33178 33209 34492 33000 31631
21 726 50KHz 33129 31412 33736 34215 33582 33371 34422 34685 33434 32972 33087 32192 30954 32584 32516 32532 33062 32267 32541 32417 0 0 0 53399 32957 0 22090 28982 32551 31359 32953 33807
22 726 50KHz 32915 32707 33015 33005 32848 32834 32905 32842 32720 32740 32824 32873 32790 33115 33336 34050 35470 36998 40647 34293 29972 0 0 0 32763 31937 35476 32892 33517 33194 33240 33103
23 726 50KHz 32241 34189 31861 31313 32063 32163 31178 30811 32057 32523 32339 33007 34451 32886 33032 32286 30329 29328 27134 19379 8587 53942 0 0 0 56274 41195 33029 32577 33730 32516 31658
24 726 50KHz 32698 32590 32600 32635 32644 32612 32655 32687 32637 32628 32585 32512 32497 32563 32557 32522 32594 32644 32554 32411 30898 32909 32768 0 0 0 32777 32782 32680 32601 32559 32614
25 727 50KHz 33052 31754 33773 34225 33522 33464 34224 34344 33179 32842 33101 32655 31562 33326 33468 35423 38702 40325 44588 47396 65535 0 32024 55960 0 0 0 35819 44678 37358 36120 35761
26 727 50KHz 33390 33077 33059 32943 33030 33011 33042 32913 32901 32895 32845 32756 32889 33178 33333 33465 33576 33527 33343 33060 46537 21254 35611 41816 32783 0 0 0 50720 40912 36383 34684
27 727 50KHz 33586 32681 33182 33188 32869 32835 33145 33003 32694 32681 32760 32672 32514 33023 33184 33268 33676 33578 33396 33344 38160 28279 33976 36205 32659 35792 0 0 0 35468 41916 36626
28 727 50KHz 34819 33545 33153 33009 33072 33080 33166 32941 32936 32889 32878 32644 32944 33259 33409 33297 33388 33423 33342 33318 34207 31737 33621 33291 32747 44105 35357 0 0 0 35683 33697
29 727 50KHz 38102 34302 33581 33261 32853 32772 32766 32621 32441 32511 32723 32854 32750 33009 33017 33213 33402 33005 32869 32683 35296 30635 33147 34125 32408 36911 40905 35488 0 0 0 36261
30 727 50KHz 34241 37585 34347 33566 33205 33068 32868 32642 32704 32811 32821 32880 33097 33190 33262 33302 33236 32978 32988 32837 33730 32080 33181 32897 32513 35511 36277 41703 35677 0 0 0
31 727 50KHz 59177 35857 42180 37029 34847 34046 33457 33024 33108 33090 33043 32903 33182 33428 33534 33610 33390 33282 33210 33163 32591 33009 33257 32171 32662 35168 34634 36571 33703 36270 0 0
0 728 50KHz 0 0 35538 42780 36370 34475 33556 33114 33023 32962 33003 32954 33093 33286 33277 33374 33310 33082 33001 32920 33012 32538 33011 32797 32610 33482 33302 33598 32971 38386 34283 58954
1 728 50KHz 0 0 0 35866 40759 35641 34223 33347 32766 32662 32972 33145 32637 32999 32905 33224 33669 33150 32884 32635 34788 30774 32687 34592 32460 31238 32976 32696 33512 34564 37861 35867
2 728 50KHz 35554 0 0 0 35169 39711 34683 33269 33253 33237 33126 33171 33575 33327 33347 33288 32912 32747 32738 32666 32646 32944 32995 32387 32518 33290 32909 32808 32804 33659 34552 42196
3 728 50KHz 42691 35909 0 0 0 35047 38550 34663 34121 33777 33444 33493 33930 33580 33549 33360 32876 32767 32769 32744 32170 33414 33030 31939 32644 33680 32878 32819 33007 33421 33754 37009
4 728 50KHz 36379 41028 35197 0 0 0 34826 38543 36139 34723 34032 33647 33568 33686 33534 33497 33528 33337 33246 33152 32556 32952 32997 32711 32723 33157 33138 32810 32830 33151 33519 35001
5 728 50KHz 34624 35900 40012 35069 0 0 0 34866 33837 38287 35795 34875 34328 34173 33759 33577 33479 33277 33226 33036 32844 32736 32990 32850 32662 33047 33030 32802 32823 33051 33474 34109
6 729 50KHz 33738 34410 34875 38524 34790 0 0 0 39394 34335 39773 36847 35469 34778 34156 33698 33347 33271 33232 33181 31753 33725 33045 31929 32699 33804 33129 33146 32825 33050 33179 33607
7 729 50KHz 33267 33554 33599 34812 38623 34816 0 0 0 37666 33763 38491 36124 34903 34155 33607 33212 33175 33107 33070 31268 33981 33013 31640 32767 33913 33016 33065 32813 32993 32999 33253
8 729 50KHz 33206 32991 33539 34327 36189 33824 39350 0 0 0 35611 33749 37868 35630 34280 33667 33611 33287 33104 33028 32416 32784 32847 32729 32708 32789 32982 32796 32815 32790 32991 33291
9 729 50KHz 33132 32893 33375 33922 34681 38377 34340 37645 0 0 0 36221 33727 37748 35002 33946 33710 33251 33018 32896 32946 32327 32783 33061 32633 32432 32795 32705 32806 32763 33045 33220
10 729 50KHz 32958 32995 33214 33436 33932 35737 39674 33763 35610 0 0 0 35290 33511 36278 34128 33552 33016 32852 32689 32996 32444 32812 32753 32530 32772 32767 32783 32787 32849 32948 33031
11 729 50KHz 32827 32978 33105 33355 33400 34654 36645 38367 33762 36237 0 0 0 34893 39937 34982 33721 32710 32516 32256 33899 31506 32714 33241 32389 32227 32495 32756 32761 32779 32938 32737
12 729 50KHz 32875 32525 33594 33816 33340 34100 35292 35912 37745 33737 35327 0 0 0 34702 38509 35326 33371 32885 32521 35343 30388 32712 34615 32303 31270 32659 32291 32738 32748 33146 33061
13 730 50KHz 33344 32972 33441 33540 33534 34045 34695 34751 35549 37629 33520 34930 0 0 0 35443 41078 34787 33788 33284 34288 31996 33179 33267 32515 32930 33103 32946 32826 33118 33393 33391
14 730 50KHz 33293 32791 33460 33534 33384 33657 34039 33949 34169 34875 36243 40039 34717 0 0 0 34658 36803 34566 33786 34748 31756 33288 33479 32527 33056 33242 32992 33340 33116 33412 33410
15 730 50KHz 33130 33261 33309 33338 33323 33386 33432 33235 33404 33785 34141 35243 38735 35449 0 0 0 34590 39833 36153 37266 31790 34029 32647 32532 34897 33246 33092 33152 33251 33439 33452
16 730 50KHz 33419 33650 33071 32970 33394 33378 33297 33050 33376 33592 33602 33884 35449 41081 34672 0 0 0 34895 33535 42040 32136 35419 31141 32638 38023 33485 33555 33340 33487 33418 33327
17 730 50KHz 33357 33348 33014 32905 33357 33293 33363 33099 33240 33281 33159 33006 33666 34930 36941 34593 0 0 0 35195 34313 31609 37184 30180 32710 39854 33547 33680 32855 33316 33335 33375
18 730 50KHz 33027 33043 32920 32874 33192 33203 33259 33034 33095 33091 32980 32788 33151 33910 34664 39998 34866 0 0 0 37322 32504 40707 27712 32696 44494 33417 32843 32838 33140 33172 33263
19 730 50KHz 33147 32889 32944 32990 33208 33197 33340 33204 33147 33031 32940 32638 32858 33543 34026 36451 33539 35103 0 0 0 32487 34307 19571 32714 48103 33230 32854 32848 33043 33186 33407
20 731 50KHz 31919 33949 31679 31122 31380 31658 30429 29991 31244 31938 32097 33370 34894 33450 33951 36637 41398 34384 37678 0 0 0 29832 8570 30185 65535 45451 33166 32979 34482 32908 31512
21 731 50KHz 33208 31406 33773 34178 33630 33351 34471 34687 33434 32990 33047 32199 30964 32574 32462 32526 32983 32262 32543 32463 0 0 0 53398 32969 0 22152 29081 32538 31433 32859 33867
22 731 50KHz 32984 32684 33083 33008 32861 32802 32880 32804 32700 32694 32807 32875 32846 33152 33290 34072 35474 37011 40609 34300 29973 0 0 0 32749 31939 35437 32891 33413 33154 33251 33187
23 731 50KHz 32284 34212 31826 31332 32073 32198 31228 30792 32061 32515 32341 32963 34412 32890 33024 32248 30330 29324 27103 18772 8624 53956 0 0 0 56294 41168 33029 32618 33777 32519 31628
24 731 50KHz 32746 32606 32641 32634 32644 32640 32628 32695 32659 32620 32570 32544 32516 32557 32561 32540 32570 32620 32572 32528 30731 32910 32759 0 0 0 32775 32777 32665 32547 32548 32591
25 731 50KHz 33014 31791 33756 34166 33516 33405 34246 34392 33199 32864 33102 32720 31526 33354 33507 35500 38731 40360 44585 47697 65535 0 32024 56001 0 0 0 35838 44784 37430 36120 35784
26 731 50KHz 33447 33097 33078 32974 33078 33007 33105 32924 32942 32863 32874 32753 32892 33219 33348 33449 33653 33540 33357 33057 46509 21309 35578 41793 32779 0 0 0 50695 41009 36418 34672
27 732 50KHz 33636 32678 33200 33210 32939 32869 33095 33013 32714 32643 32803 32636 32462 33025 33121 33231 33745 33618 33440 33282 38093 28240 33954 36205 32668 35796 0 0 0 35473 41919 36633
28 732 50KHz 34934 33509 33068 33061 33106 33103 33128 32930 32898 32941 32898 32694 32884 33250 33391 33323 33467 33468 33352 33266 34066 31787 33623 33266 32748 44156 35358 0 0 0 35683 33699
29 732 50KHz 38144 34323 33612 33314 32827 32803 32769 32671 32435 32503 32729 32855 32749 32966 32999 33209 33423 33036 32894 32724 35353 30507 33054 34136 32409 36945 40883 35499 0 0 0 36259
30 732 50KHz 34256 37525 34379 33561 33239 33114 32937 32665 32717 32780 32829 32886 33091 33185 33277 33321 33244 33008 32963 32788 33762 32069 33211 32834 32500 35516 36203 41686 35673 0 0 0
31 732 50KHz 59153 35848 42175 37017 34854 34029 33534 33042 33118 33058 33016 32791 33201 33426 33510 33641 33364 33311 33219 33096 32682 33041 33279 32100 32660 35174 34720 36607 33710 36266 0 0
0 732 50KHz 0 0 35536 42774 36361 34443 33546 33137 33023 32944 32976 32970 33045 33277 33344 33360 33322 33091 33029 32899 33086 32531 32973 32692 32624 33408 33329 33554 32976 38374 34283 58940
1 733 50KHz 0 0 0 35871 40734 35696 34249 33368 32788 32698 33026 33184 32627 33043 32870 33281 33731 33167 32957 32682 34805 30755 32714 34562 32499 31290 32980 32712 33588 34517 37832 35871
2 733 50KHz 35539 0 0 0 35174 39731 34715 33264 33303 33252 33205 33222 33641 33304 33308 33270 32963 32761 32792 32672 32724 32938 32994 32387 32485 33246 32878 32811 32801 33652 34493 42232
3 733 50KHz 42810 35919 0 0 0 35045 38472 34599 34109 33725 33392 33451 33915 33542 33544 33348 32881 32770 32779 32768 32177 33379 33010 31956 32579 33612 32871 32818 33007 33480 33709 37083
4 733 50KHz 36422 41031 35211 0 0 0 34827 38627 36110 34677 33995 33702 33605 33701 33589 33524 33516 33351 33215 33152 32545 32988 33012 32720 32751 33137 33148 32815 32834 33099 33540 34964
5 733 50KHz 34577 35921 39941 35056 0 0 0 34871 33839 38311 35782 34894 34363 34228 33769 33543 33527 33273 33173 33016 32856 32727 33019 32824 32637 33024 33079 32805 32827 33101 33399 34113
6 733 50KHz 33778 34386 34875 38516 34798 0 0 0 39386 34327 39709 36824 35464 34720 34165 33719 33357 33295 33205 33188 31635 33727 33079 31883 32760 33841 33056 33109 32822 33064 33160 33607
7 733 50KHz 33281 33527 33531 34747 38475 34827 0 0 0 37669 33754 38456 36040 34884 34158 33562 33232 33125 33100 33071 31238 33978 32956 31549 32763 33906 33035 33045 32817 32978 32976 33244
8 734 50KHz 33218 32925 33550 34345 36162 33831 39343 0 0 0 35615 33738 37827 35620 34298 33632 33587 33312 33137 33035 32411 32803 32850 32727 32710 32809 32940 32786 32813 32746 33050 33312
9 734 50KHz 33162 32885 33497 33861 34691 38400 34343 37654 0 0 0 36217 33725 37747 34976 33995 33717 33248 33019 32897 33064 32309 32781 33103 32579 32483 32895 32750 32811 32797 33055 33254
10 734 50KHz 33123 33015 33254 33493 33901 35713 39633 33756 35609 0 0 0 35290 33509 36141 34211 33572 33001 32812 32707 32933 32422 32796 32742 32531 32756 32772 32779 32767 32844 32945 33015
11 734 50KHz 32922 32963 33189 33364 33428 34719 36723 38397 33757 36243 0 0 0 34903 39881 35044 33705 32788 32530 32293 33885 31510 32727 33261 32362 32242 32544 32761 32765 32855 32899 32765
12 734 50KHz 33111 32512 33633 33797 33339 34158 35268 35890 37741 33730 35331 0 0 0 34690 38410 35331 33425 32996 32526 35327 30309 32691 34630 32375 31240 32690 32284 32731 32770 33163 33068
13 734 50KHz 33205 32937 33386 33518 33521 34041 34632 34711 35485 37617 33529 34917 0 0 0 35446 41037 34766 33762 33297 34224 31983 33141 33245 32467 32944 33042 32953 32829 33117 33362 33383
14 734 50KHz 33370 32809 33449 33527 33394 33679 34005 33933 34061 34840 36217 40134 34732 0 0 0 34657 36832 34567 33780 34826 31767 33326 33560 32563 33025 33266 32997 33375 33133 33378 33442
15 735 50KHz 33155 33249 33288 33325 33306 33469 33529 33320 33501 33704 34198 35152 38787 35451 0 0 0 34591 39789 36126 37336 31753 34033 32657 32528 34923 33279 33063 33132 33196 33399 33460
16 735 50KHz 33214 33652 33030 32910 33364 33353 33254 33054 33404 33568 33603 33845 35460 41050 34663 0 0 0 34902 33540 41872 32116 35450 31031 32684 38069 33557 33568 33305 33439 33378 33392
17 735 50KHz 33189 33294 32941 32884 33350 33319 33354 33099 33283 33306 33198 33019 33734 34867 36888 34583 0 0 0 35192 34332 31653 37136 30096 32774 39858 33627 33559 32857 33301 33350 33403
18 735 50KHz 33048 33029 32857 32922 33132 33158 33198 33034 33052 33058 33022 32808 33198 33889 34671 39937 34870 0 0 0 37317 32501 40725 27820 32649 44505 33443 32848 32840 33130 33240 33269
19 735 50KHz 33059 32865 32930 32945 33174 33083 33265 33114 33067 33017 32912 32624 32870 33535 33984 36396 33540 35109 0 0 0 32475 34303 19736 32598 47934 33190 32840 32847 33083 33215 33290
20 735 50KHz 32064 33935 31675 31152 31463 31684 30458 30082 31348 31995 32137 33315 34873 33453 34011 36685 41399 34379 37666 0 0 0 29844 8577 30423 65535 45610 33174 33096 34485 32941 31560
21 735 50KHz 33309 31437 33734 34162 33586 33413 34443 34692 33415 32953 33050 32222 30976 32558 32510 32497 33036 32302 32538 32449 0 0 0 53383 32955 0 22189 29002 32615 31414 32841 33856
22 736 50KHz 32970 32727 33013 33035 32852 32836 32856 32808 32689 32689 32800 32842 32791 33159 33319 34096 35477 37030 40681 34304 29970 0 0 0 32760 31938 35441 32890 33515 33227 33230 33132
23 736 50KHz 32303 34164 31856 31388 32098 32190 31165 30801 32033 32513 32337 32948 34421 32900 33082 32272 30334 29319 27124 19023 8620 53962 0 0 0 56269 41089 33032 32583 33786 32565 31654
24 736 50KHz 32697 32608 32602 32622 32666 32623 32668 32707 32673 32616 32605 32535 32524 32535 32536 32557 32570 32596 32533 32503 31001 32904 32766 0 0 0 32777 32778 32695 32589 32539 32616
25 736 50KHz 33046 31785 33794 34166 33487 33421 34249 34403 33199 32844 33118 32692 31518 33329 33512 35504 38764 40317 44635 47538 65535 0 32014 55976 0 0 0 35818 44688 37321 36146 35766
26 736 50KHz 33350 33077 33012 32975 33050 32975 33052 32889 32830 32891 32822 32736 32854 33162 33314 33420 33600 33577 33353 33056 46608 21124 35585 41793 32784 0 0 0 50729 40910 36378 34691
27 736 50KHz 33552 32665 33150 33200 32930 32856 33087 32970 32674 32615 32768 32708 32495 33015 33106 33269 33787 33596 33403 33273 38221 28326 33998 36162 32662 35790 0 0 0 35466 41889 36617
28 736 50KHz 34920 33551 33132 33053 33138 33108 33139 32872 32911 32975 32904 32720 32869 33242 33365 33298 33405 33432 33306 33267 34207 31780 33650 33296 32726 44075 35344 0 0 0 35688 33705
29 737 50KHz 38164 34267 33576 33271 32827 32796 32758 32633 32394 32485 32720 32822 32727 32963 32994 33170 33329 33035 32862 32725 35330 30552 33138 34144 32411 36891 40800 35485 0 0 0 36259
30 737 50KHz 34257 37533 34419 33625 33210 33171 32961 32688 32718 32765 32850 32860 33119 33211 33257 33336 33230 33016 32923 32856 33797 32037 33190 32879 32509 35543 36226 41733 35676 0 0 0
31 737 50KHz 59146 35843 42198 37027 34842 34006 33479 33058 33145 33126 33009 32803 33206 33368 33533 33624 33476 33339 33208 33143 32587 33028 33195 32195 32645 35131 34652 36661 33713 36273 0 0
0 737 50KHz 0 0 35530 42806 36240 34423 33552 33077 33018 32977 32997 32992 33066 33281 33299 33354 33381 33143 33046 32910 33012 32541 32982 32720 32603 33408 33337 33651 32972 38384 34290 58961
1 737 50KHz 0 0 0 35875 40814 35722 34230 33433 32772 32660 32990 33146 32693 33011 32827 33237 33740 33197 32896 32631 34739 30789 32707 34593 32502 31294 32975 32722 33537 34533 37864 35876
2 737 50KHz 35531 0 0 0 35172 39665 34687 33281 33299 33251 33171 33205 33609 33304 33343 33324 32947 32743 32750 32724 32678 32941 33044 32362 32516 33267 32884 32809 32798 33688 34522 42194
3 738 50KHz 42762 35916 0 0 0 35040 38450 34592 34076 33700 33450 33457 33935 33567 33536 33377 32886 32767 32729 32747 32242 33301 32990 31978 32552 33607 32918 32822 32983 33415 33786 37026
4 738 50KHz 36469 41019 35205 0 0 0 34822 38632 36101 34685 34008 33686 33622 33664 33587 33526 33536 33340 33231 33168 32542 32974 32997 32696 32744 33113 33132 32815 32834 33174 33529 34995
5 738 50KHz 34551 35911 39891 35061 0 0 0 34876 33838 38327 35774 34847 34352 34236 33819 33565 33519 33233 33138 33004 32894 32698 33000 32866 32642 33133 33060 32801 32825 33042 33414 34130
6 738 50KHz 33715 34446 34859 38561 34792 0 0 0 39400 34336 39757 36876 35455 34772 34135 33728 33403 33309 33260 33187 31759 33703 33062 31997 32772 33791 33089 33106 32828 33050 33199 33579
7 738 50KHz 33264 33577 33631 34760 38637 34819 0 0 0 37672 33760 38540 36064 34926 34184 33628 33226 33187 33058 33040 31227 33976 33050 31630 32747 33926 33007 33060 32816 32939 32961 33270
8 738 50KHz 33177 32973 33487 34297 36151 33843 39339 0 0 0 35607 33744 37872 35610 34286 33665 33614 33335 33090 32990 32403 32740 32825 32763 32683 32770 32943 32790 32814 32759 33103 33327
9 738 50KHz 33164 32873 33427 33833 34720 38410 34345 37663 0 0 0 36219 33728 37671 34958 33884 33690 33209 33041 32898 32982 32342 32751 33132 32604 32467 32954 32720 32811 32793 33022 33215
10 739 50KHz 32975 33037 33218 33456 33900 35655 39680 33759 35612 0 0 0 35281 33508 36233 34229 33542 32889 32787 32721 33024 32346 32756 32763 32533 32742 32760 32782 32764 32871 32962 33064
11 739 50KHz 32936 32937 33182 33351 33506 34704 36687 38446 33755 36238 0 0 0 34895 39903 35040 33726 32755 32567 32345 33866 31589 32727 33232 32349 32307 32622 32762 32763 32851 32923 32755
12 739 50KHz 32985 32528 33649 33831 33354 34133 35289 35940 37837 33731 35319 0 0 0 34693 38508 35355 33409 32942 32618 35382 30407 32712 34677 32395 31256 32646 32343 32693 32776 33180 33110
13 739 50KHz 33257 32997 33429 33527 33551 34025 34661 34731 35488 37608 33514 34919 0 0 0 35442 41064 34804 33788 33316 34255 31953 33161 33251 32483 32954 33119 32926 32827 33134 33330 33374
14 739 50KHz 33263 32824 33533 33533 33385 33695 34045 33990 34130 34897 36268 40110 34735 0 0 0 34661 36866 34569 33770 34833 31781 33275 33519 32569 33009 33239 32997 33294 33148 33417 33447
15 739 50KHz 33319 33254 33397 33316 33337 33442 33509 33312 33490 33772 34095 35252 38746 35453 0 0 0 34589 39829 36174 37333 31765 34059 32596 32510 34918 33264 33080 33163 33242 33376 33419
16 739 50KHz 33234 33653 33061 32939 33416 33426 33272 33035 33364 33610 33577 33929 35515 41054 34653 0 0 0 34902 33542 41941 32136 35434 30980 32619 38028 33539 33548 33287 33459 33425 33335
17 740 50KHz 33359 33308 32987 32890 33325 33293 33328 33096 33288 33305 33115 33026 33713 34959 36925 34608 0 0 0 35187 34319 31598 37122 30115 32674 39905 33623 33615 32855 33312 33322 33405
18 740 50KHz 33024 33066 32926 32911 33219 33155 33218 33050 33098 33089 32995 32800 33199 33892 34672 40010 34867 0 0 0 37304 32509 40731 27752 32727 44535 33405 32844 32844 33160 33206 33264
19 740 50KHz 33093 32887 33001 32992 33178 33109 33257 33062 33043 32957 32813 32703 32891 33532 33991 36416 33538 35115 0 0 0 32469 34300 19863 32591 47830 33133 32838 32839 33039 33200 33350
20 740 50KHz 32033 33952 31759 31169 31461 31735 30485 30100 31347 31989 32240 33240 34847 33491 34001 36644 41380 34384 37655 0 0 0 29841 8564 30445 65535 45563 33177 33071 34524 32976 31648
21 740 50KHz 33476 31395 33800 34220 33667 33501 34493 34728 33502 33012 32971 32329 30956 32608 32524 32522 33062 32286 32540 32446 0 0 0 53371 32959 0 22170 29015 32599 31363 32902 33870
22 740 50KHz 32907 32662 33019 32993 32857 32861 32875 32832 32655 32680 32842 32826 32851 33137 33288 34094 35478 37074 40683 34303 29968 0 0 0 32762 31939 35513 32895 33531 33218 33249 33176
23 741 50KHz 32253 34218 31952 31444 32077 32193 31210 30773 32042 32508 32397 32926 34438 32910 33050 32339 30359 29305 27128 19191 8616 53965 0 0 0 56268 41141 33029 32595 33785 32580 31642
24 741 50KHz 32736 32589 32655 32648 32643 32643 32666 32695 32653 32652 32547 32486 32485 32538 32517 32527 32561 32647 32593 32445 30959 32905 32768 0 0 0 32775 32779 32658 32559 32529 32587
25 741 50KHz 33049 31820 33726 34097 33530 33423 34261 34468 33194 32857 33023 32744 31524 33331 33490 35482 38668 40326 44647 47489 65535 0 32026 55954 0 0 0 35812 44678 37330 36136 35783
26 741 50KHz 33290 33088 32975 32935 33050 32981 33048 32904 32879 32876 32817 32762 32892 33196 33345 33384 33553 33561 33360 33023 46508 21130 35593 41823 32782 0 0 0 50646 40890 36383 34677
27 741 50KHz 33574 32700 33161 33178 32927 32875 33052 32960 32713 32680 32773 32693 32489 33033 33125 33235 33759 33648 33456 33315 38220 28266 33947 36160 32631 35784 0 0 0 35464 41933 36670
28 741 50KHz 34923 33549 33162 33062 33178 33099 33152 32972 32897 32964 32892 32728 32886 33241 33427 33312 33427 33459 33375 33296 34141 31851 33596 33267 32740 44075 35324 0 0 0 35687 33705
29 741 50KHz 38121 34337 33572 33279 32850 32763 32742 32630 32451 32510 32724 32854 32745 32984 33005 33213 33364 33027 32851 32719 35358 30555 33136 34076 32461 36927 40816 35489 0 0 0 36260
30 742 50KHz 34259 37450 34388 33551 33207 33071 32901 32653 32735 32782 32831 32858 33128 33178 33278 33280 33191 33040 32962 32887 33790 32080 33172 32799 32517 35511 36234 41725 35675 0 0 0
31 742 50KHz 59151 35851 42260 37087 34841 34026 33523 33049 33092 33065 33010 32875 33196 33401 33544 33636 33422 33296 33257 33109 32610 33006 33188 32143 32626 35170 34678 36594 33708 36272 0 0
0 742 50KHz 0 0 35530 42792 36268 34456 33553 33096 32991 32995 33003 33006 33095 33283 33268 33279 33380 33149 33027 32859 32960 32541 32974 32811 32614 33476 33294 33547 32973 38382 34283 58948
1 742 50KHz 0 0 0 35874 40824 35705 34252 33400 32772 32693 32993 33111 32612 33022 32847 33264 33756 33155 32935 32703 34782 30776 32713 34662 32469 31300 33012 32677 33541 34477 37836 35876
2 742 50KHz 35552 0 0 0 35177 39675 34682 33285 33278 33228 33206 33218 33649 33353 33330 33300 32977 32729 32748 32707 32701 32926 32957 32344 32548 33251 32870 32806 32801 33694 34530 42170
3 742 50KHz 42649 35920 0 0 0 35036 38511 34627 34086 33731 33432 33439 33920 33549 33518 33396 32923 32754 32777 32776 32196 33375 32993 31865 32625 33639 32946 32820 33005 33404 33736 36982
4 742 50KHz 36469 41093 35225 0 0 0 34817 38634 36107 34676 34033 33676 33503 33686 33565 33525 33524 33358 33219 33184 32485 33014 32977 32712 32769 33108 33097 32810 32833 33161 33564 34983
5 743 50KHz 34602 35896 40045 35065 0 0 0 34878 33843 38263 35832 34865 34321 34186 33806 33541 33540 33311 33154 33044 32765 32748 32991 32845 32667 33070 33065 32803 32825 33063 33385 34074
6 743 50KHz 33701 34433 34942 38636 34802 0 0 0 39395 34335 39772 36867 35465 34776 34153 33712 33385 33315 33238 33248 31658 33699 33032 31932 32726 33794 33078 33062 32827 33064 33195 33635
7 743 50KHz 33317 33574 33611 34782 38618 34825 0 0 0 37656 33755 38534 36133 34888 34137 33637 33210 33161 33070 33073 31166 33960 33028 31514 32720 33903 33000 33118 32819 32934 32987 33246
8 743 50KHz 33204 32978 33547 34338 36158 33840 39337 0 0 0 35609 33749 37840 35689 34304 33694 33555 33318 33095 33016 32463 32755 32807 32703 32708 32770 32928 32792 32819 32803 33044 33261
9 743 50KHz 33129 32861 33454 33916 34704 38380 34336 37638 0 0 0 36214 33729 37684 34987 33868 33702 33277 33011 32899 33047 32320 32779 33211 32596 32438 32848 32734 32804 32775 33088 33195
10 743 50KHz 33022 33035 33257 33496 33938 35752 39679 33760 35613 0 0 0 35281 33513 36186 34171 33535 32919 32762 32669 33138 32306 32827 32887 32528 32693 32759 32779 32762 32863 32994 32997
11 743 50KHz 32947 32933 33220 33390 33476 34698 36718 38420 33758 36240 0 0 0 34905 39881 35031 33711 32761 32592 32321 33856 31618 32755 33149 32381 32285 32542 32757 32764 32838 32921 32792
12 744 50KHz 33002 32535 33627 33895 33292 34186 35254 35937 37758 33735 35310 0 0 0 34697 38499 35336 33468 32957 32547 35341 30350 32684 34661 32346 31246 32712 32282 32700 32741 33172 33068
13 744 50KHz 33297 33010 33395 33519 33542 34046 34593 34757 35480 37586 33515 34918 0 0 0 35438 41072 34789 33748 33295 34273 31942 33163 33286 32514 32933 33041 32920 32826 33130 33333 33405
14 744 50KHz 33172 32769 33385 33532 33385 33615 34020 34031 34163 34840 36191 40140 34723 0 0 0 34665 36808 34565 33780 34769 31775 33288 33450 32606 33025 33233 32952 33298 33059 33439 33429
15 744 50KHz 33295 33272 33340 33348 33337 33390 33542 33261 33481 33762 34136 35260 38756 35451 0 0 0 34587 39767 36158 37328 31796 34016 32623 32516 34968 33237 33107 33212 33203 33438 33489
16 744 50KHz 33427 33678 33088 32977 33350 33357 33261 33062 33383 33576 33573 33874 35493 41008 34659 0 0 0 34897 33534 41966 32106 35435 31191 32597 37981 33536 33576 33302 33477 33374 33392
17 744 50KHz 33162 33342 32961 32849 33326 33310 33396 33063 33269 33325 33164 33033 33683 34920 36908 34579 0 0 0 35195 34318 31593 37159 30057 32749 39899 33592 33610 32852 33294 33328 33440
18 745 50KHz 33088 33036 32896 32902 33193 33138 33222 33062 33106 33047 32923 32805 33178 33861 34687 39967 34873 0 0 0 37313 32502 40745 27755 32698 44505 33391 32844 32843 33190 33236 33297
19 745 50KHz 33169 32874 32938 32985 33233 33157 33280 33173 33073 32993 32891 32707 32850 33533 34006 36471 33541 35117 0 0 0 32479 34303 19757 32618 47950 33213 32840 32845 33052 33230 33376
20 745 50KHz 31951 33944 31762 31216 31473 31709 30448 30062 31346 31954 32190 33306 34841 33463 33975 36618 41350 34392 37683 0 0 0 29841 8579 30349 65535 45552 33170 33021 34496 33006 31610
21 745 50KHz 33432 31475 33821 34182 33667 33441 34442 34612 33495 33020 33026 32253 30955 32606 32516 32515 33059 32279 32542 32459 0 0 0 53365 32956 0 22205 29042 32649 31450 32847 33841
22 745 50KHz 32940 32694 33057 33013 32854 32845 32918 32830 32680 32679 32776 32838 32797 33154 33325 34093 35504 37005 40693 34303 29966 0 0 0 32762 31938 35481 32890 33473 33222 33210 33159
23 745 50KHz 32275 34131 31854 31366 32026 32170 31206 30783 31998 32463 32376 32959 34423 32891 33040 32229 30324 29289 27158 19015 8628 53928 0 0 0 56262 41154 33027 32586 33733 32518 31655
24 745 50KHz 32672 32590 32606 32646 32623 32628 32636 32700 32652 32629 32591 32539 32502 32587 32529 32524 32615 32634 32545 32511 30893 32905 32770 0 0 0 32782 32781 32669 32586 32556 32571
25 746 50KHz 33043 31803 33713 34159 33467 33442 34258 34419 33215 32869 33093 32734 31613 33312 33516 35487 38702 40360 44622 47745 65535 0 32018 55938 0 0 0 35823 44706 37395 36111 35778
26 746 50KHz 33392 33075 33057 32999 33028 33001 33023 32919 32831 32882 32836 32746 32873 33215 33365 33506 33576 33540 33333 33079 46517 21202 35571 41864 32780 0 0 0 50659 40938 36382 34649
27 746 50KHz 33545 32682 33158 33189 32933 32855 33090 32991 32712 32670 32803 32716 32480 33018 33148 33226 33730 33614 33413 33302 38271 28248 33976 36197 32648 35794 0 0 0 35471 41957 36628
28 746 50KHz 34926 33553 33208 33051 33163 33083 33105 32928 32959 32935 32884 32688 32864 33230 33425 33271 33429 33506 33340 33314 34171 31776 33611 33242 32706 44128 35342 0 0 0 35687 33701
29 746 50KHz 38147 34300 33538 33269 32798 32728 32757 32654 32469 32509 32717 32816 32708 32964 32981 33191 33388 33036 32898 32697 35347 30602 33103 34099 32454 36920 40872 35496 0 0 0 36256
30 746 50KHz 34255 37520 34349 33574 33215 33057 32924 32691 32744 32787 32866 32901 33148 33213 33261 33303 33224 33018 33011 32846 33720 32041 33175 32907 32491 35525 36270 41743 35676 0 0 0
31 746 50KHz 59190 35852 42203 37004 34824 34042 33485 33093 33156 33156 33009 32811 33201 33409 33526 33637 33440 33249 33261 33191 32592 33032 33232 32138 32625 35109 34672 36609 33704 36261 0 0
0 747 50KHz 0 0 35530 42755 36299 34379 33564 33110 32981 32948 32993 32909 33088 33249 33285 33300 33351 33121 32989 32873 32982 32519 32977 32758 32579 33425 33285 33569 32975 38393 34287 58944
1 747 50KHz 0 0 0 35873 40833 35646 34170 33324 32753 32702 32979 33114 32622 32964 32827 33257 33747 33147 32947 32641 34742 30775 32724 34630 32512 31280 32963 32707 33518 34555 37831 35870
2 747 50KHz 35536 0 0 0 35177 39676 34679 33257 33256 33230 33181 33190 33623 33292 33335 33295 32948 32749 32790 32656 32682 32916 33010 32304 32544 33237 32918 32811 32804 33682 34540 42214
3 747 50KHz 42689 35926 0 0 0 35036 38479 34599 34065 33755 33415 33450 33902 33526 33507 33358 32916 32763 32807 32735 32253 33343 32999 31956 32559 33651 32899 32818 33003 33408 33763 37027
4 747 50KHz 36480 41012 35211 0 0 0 34819 38673 36139 34757 34045 33675 33550 33719 33620 33541 33538 33332 33219 33152 32553 32957 33038 32738 32730 33140 33136 32814 32835 33124 33558 35004
5 747 50KHz 34631 35943 39975 35056 0 0 0 34875 33843 38318 35788 34852 34307 34147 33785 33596 33544 33265 33154 33144 32749 32743 32985 32826 32656 33035 33025 32803 32824 33053 33447 34153
6 747 50KHz 33765 34400 34877 38530 34803 0 0 0 39389 34330 39738 36848 35480 34750 34130 33691 33381 33382 33242 33265 31633 33752 33076 31910 32748 33827 33060 33121 32824 33050 33164 33616
7 748 50KHz 33309 33541 33583 34784 38521 34828 0 0 0 37651 33757 38500 36087 34906 34129 33610 33261 33189 33128 33121 31184 33971 33004 31509 32730 33912 32991 33123 32816 32915 33035 33256
8 748 50KHz 33157 32966 33610 34342 36204 33837 39343 0 0 0 35610 33741 37829 35609 34286 33718 33586 33281 33062 33034 32373 32817 32849 32734 32731 32849 32972 32792 32816 32767 33028 33304
9 748 50KHz 33188 32842 33485 33963 34748 38378 34341 37639 0 0 0 36218 33727 37708 34942 33924 33748 33245 33064 32932 32906 32371 32775 33093 32636 32506 32916 32696 32807 32783 33071 33228
10 748 50KHz 33074 33006 33234 33458 33934 35714 39716 33752 35613 0 0 0 35274 33499 36131 34161 33515 32976 32828 32669 32991 32324 32780 32811 32526 32716 32770 32776 32761 32831 32999 32982
11 748 50KHz 32784 32942 33152 33385 33508 34743 36681 38403 33760 36232 0 0 0 34908 39989 35049 33742 32751 32572 32230 33889 31656 32674 33191 32347 32308 32525 32761 32764 32799 32926 32805
12 748 50KHz 33080 32531 33628 33846 33324 34148 35317 35935 37758 33728 35327 0 0 0 34688 38505 35334 33437 32927 32478 35421 30420 32728 34657 32353 31291 32668 32301 32722 32752 33150 33063
13 748 50KHz 33199 32934 33353 33521 33516 34070 34600 34723 35481 37591 33525 34911 0 0 0 35443 41084 34821 33775 33324 34252 31921 33148 33256 32528 32959 33129 32931 32826 33148 33389 33326
14 749 50KHz 33186 32811 33445 33474 33378 33670 34011 33973 34168 34822 36260 40118 34725 0 0 0 34668 36735 34567 33794 34767 31779 33272 33441 32534 33031 33259 33042 33356 33146 33461 33448
15 749 50KHz 33325 33266 33377 33310 33326 33413 33528 33305 33422 33790 34162 35185 38800 35464 0 0 0 34584 39827 36139 37281 31783 34015 32636 32529 34902 33267 33071 33224 33216 33405 33516
16 749 50KHz 33401 33691 33053 32967 33341 33385 33289 33081 33406 33611 33639 33862 35458 40977 34658 0 0 0 34900 33533 41903 32127 35532 31058 32594 38037 33551 33537 33359 33507 33411 33359
17 749 50KHz 33189 33267 32996 32914 33352 33342 33340 33086 33269 33351 33184 33032 33624 34966 36918 34586 0 0 0 35199 34325 31581 37098 30100 32719 39876 33639 33658 32854 33322 33288 33417
18 749 50KHz 33189 33064 32948 32913 33166 33214 33243 33057 33062 33056 32967 32822 33185 33913 34701 40006 34879 0 0 0 37345 32504 40722 27772 32656 44540 33372 32846 32844 33181 33228 33280
19 749 50KHz 33365 32969 33016 33081 33459 33354 33572 33383 33285 33142 33009 32582 32801 33597 34054 36478 33536 35074 0 0 0 32547 34324 19095 32745 48575 33494 32860 32875 33141 33281 33594
20 750 50KHz 31819 33892 31603 31075 31157 31443 30161 29747 31018 31746 32142 33281 34922 33431 33846 36585 41358 34393 37742 0 0 0 29806 8587 30118 65535 45251 33150 32812 34356 32855 31331
21 750 50KHz 33490 31366 33828 34153 33692 33448 34464 34690 33475 32993 33033 32273 30962 32598 32522 32502 33054 32245 32540 32525 0 0 0 53389 32973 0 22110 29058 32574 31408 32847 33827
22 750 50KHz 33030 32726 33091 33016 32842 32852 32891 32806 32670 32698 32824 32842 32841 33123 33302 34066 35487 37077 40695 34311 29976 0 0 0 32750 31934 35499 32889 33513 33167 33230 33132
23 750 50KHz 32233 34186 31913 31438 32107 32216 31211 30816 32037 32528 32381 32930 34445 32883 33062 32318 30360 29290 27129 18234 8659 53965 0 0 0 56280 41220 33015 32592 33727 32525 31653
24 750 50KHz 32730 32658 32604 32598 32643 32613 32670 32662 32641 32639 32572 32526 32506 32573 32560 32548 32570 32633 32547 32553 30913 32897 32759 0 0 0 32773 32781 32654 32564 32580 32604
25 750 50KHz 33032 31769 33755 34155 33497 33453 34236 34373 33182 32834 33049 32725 31502 33373 33506 35464 38720 40330 44508 48075 65535 0 32026 55952 0 0 0 35837 44746 37367 36092 35756
26 750 50KHz 33331 33078 33030 32958 32976 32962 32971 32815 32827 32856 32815 32753 32908 33181 33344 33417 33530 33431 33270 33013 46718 20990 35519 41876 32772 0 0 0 50604 40952 36377 34617
27 751 50KHz 33716 32757 33235 33241 33018 32995 33199 33102 32781 32740 32792 32643 32493 33056 33197 33314 33788 33733 33569 33519 37740 28491 33988 36085 32719 35787 0 0 0 35467 41945 36734
28 751 50KHz 34924 33527 33174 33020 33142 33076 33157 32915 32938 32943 32855 32757 32884 33238 33376 33313 33403 33474 33348 33449 33887 31831 33570 33310 32732 44183 35341 0 0 0 35681 33696
29 751 50KHz 38099 34291 33573 33298 32831 32763 32743 32651 32447 32536 32727 32828 32757 32949 33001 33157 33381 33023 32878 32543 35356 30592 33092 34107 32410 36896 40922 35491 0 0 0 36254
30 751 50KHz 34258 37547 34411 33632 33246 33105 32880 32673 32749 32768 32880 32851 33091 33222 33293 33321 33206 33029 32939 32804 33746 32064 33180 32825 32486 35581 36241 41746 35678 0 0 0
31 751 50KHz 59139 35844 42202 37051 34832 34037 33505 33035 33154 33166 32997 32854 33204 33352 33555 33592 33451 33282 33213 33295 32465 32982 33238 32197 32611 35157 34596 36650 33707 36266 0 0
0 751 50KHz 0 0 35533 42781 36350 34428 33560 33137 32990 32958 33021 32964 33100 33273 33295 33406 33325 33136 33019 32881 32962 32513 33005 32752 32601 33411 33276 33593 32975 38406 34289 58943
1 751 50KHz 0 0 0 35873 40755 35629 34209 33342 32804 32708 32951 33130 32653 32960 32842 33243 33698 33140 32932 32517 34813 30811 32746 34645 32461 31310 33008 32638 33540 34524 37867 35863
2 752 50KHz 35533 0 0 0 35179 39641 34670 33270 33263 33219 33170 33246 33598 33288 33291 33292 32954 32750 32775 32589 32709 32962 32952 32335 32533 33225 32884 32805 32800 33635 34509 42170
3 752 50KHz 42813 35930 0 0 0 35036 38478 34618 34108 33742 33481 33402 33933 33545 33560 33392 32894 32731 32789 32713 32192 33399 33039 31953 32624 33641 32870 32817 32980 33387 33787 36953
4 752 50KHz 36384 41054 35193 0 0 0 34830 38637 36135 34671 34020 33694 33545 33665 33575 33527 33551 33409 33209 33279 32387 32975 32993 32753 32747 33128 33119 32816 32832 33176 33522 34963
5 752 50KHz 34600 35871 39990 35055 0 0 0 34869 33842 38362 35760 34851 34324 34168 33817 33571 33495 33245 33206 33153 32706 32720 32951 32827 32649 33083 33046 32805 32822 33052 33367 34066
6 752 50KHz 33738 34439 34840 38588 34788 0 0 0 39401 34336 39791 36855 35483 34767 34167 33691 33391 33288 33210 33368 31457 33725 33078 31896 32760 33828 33115 33129 32825 33069 33137 33606
7 752 50KHz 33346 33543 33600 34775 38612 34836 0 0 0 37660 33756 38530 36100 34918 34185 33661 33261 33175 33075 33309 30922 33973 33015 31550 32733 33945 32979 33123 32816 32979 33007 33255
8 753 50KHz 33198 33024 33581 34332 36188 33838 39340 0 0 0 35615 33738 37834 35646 34298 33696 33560 33285 33095 33188 32233 32769 32838 32731 32713 32841 32953 32796 32814 32782 33105 33316
9 753 50KHz 33187 32842 33466 33921 34699 38394 34343 37643 0 0 0 36212 33729 37674 34972 33951 33744 33282 33025 32968 32851 32300 32767 33078 32611 32455 32864 32732 32808 32767 33124 33199
10 753 50KHz 32889 33010 33227 33512 33905 35669 39653 33760 35619 0 0 0 35270 33508 36193 34120 33535 32922 32801 32624 33047 32292 32767 32778 32540 32704 32775 32782 32816 32852 32951 32964
11 753 50KHz 32907 32928 33174 33342 33493 34699 36657 38366 33754 36243 0 0 0 34896 39914 35044 33730 32760 32581 32129 33964 31638 32668 33224 32331 32313 32632 32755 32766 32844 32934 32764
12 753 50KHz 32977 32506 33626 33832 33342 34151 35271 35942 37852 33737 35319 0 0 0 34697 38514 35341 33399 32936 32290 35547 30373 32706 34589 32315 31244 32745 32260 32701 32753 33184 33116
13 753 50KHz 33354 32921 33419 33473 33542 34075 34625 34797 35499 37577 33519 34930 0 0 0 35438 41060 34775 33790 33327 34279 31947 33188 33295 32499 32949 33118 32945 32826 33140 33355 33394
14 753 50KHz 33126 32790 33396 33498 33374 33662 34019 33949 34148 34881 36193 40131 34719 0 0 0 34665 36848 34570 33792 34721 31761 33289 33429 32495 33041 33242 33002 33282 33097 33442 33420
15 754 50KHz 33261 33221 33338 33284 33336 33433 33474 33228 33419 33776 34178 35237 38747 35461 0 0 0 34587 39812 36092 37308 31795 34037 32663 32537 34934 33283 33066 33202 33245 33383 33505
16 754 50KHz 33322 33687 33078 32975 33394 33390 33279 33022 33418 33598 33589 33926 35445 41073 34664 0 0 0 34900 33535 42021 32086 35450 31169 32660 37988 33533 33565 33314 33469 33406 33326
17 754 50KHz 33181 33303 32938 32896 33340 33292 33338 33077 33269 33305 33141 33012 33662 35001 36941 34583 0 0 0 35196 34316 31605 37106 30044 32699 39867 33546 33686 32850 33325 33296 33416
18 754 50KHz 33059 33038 32894 32897 33199 33162 33215 33030 33105 33060 32954 32782 33190 33891 34677 39945 34864 0 0 0 37361 32501 40697 27782 32626 44514 33358 32848 32839 33159 33240 33264
19 754 50KHz 33369 32912 33094 33153 33542 33495 33714 33533 33377 33263 33012 32599 32734 33584 34117 36482 33531 35052 0 0 0 32585 34336 18834 32762 48839 33409 32888 32883 33149 33309 33666
20 754 50KHz 31813 33864 31544 31002 31041 31320 29984 29615 30922 31679 32100 33335 34966 33317 33820 36513 41320 34390 37780 0 0 0 29798 8616 30188 65535 45554 33092 32637 34399 32767 31166
21 754 50KHz 33437 31469 33811 34143 33637 33420 34430 34718 33433 32922 32996 32275 30951 32607 32515 32529 33046 32281 32538 32562 0 0 0 53384 32952 0 22027 29290 32598 31408 32866 33801
22 755 50KHz 33006 32719 33077 33009 32836 32823 32915 32863 32673 32684 32793 32808 32820 33115 33347 34115 35487 37050 40683 34315 29954 0 0 0 32756 31934 35433 32890 33475 33174 33242 33157
23 755 50KHz 32261 34213 31886 31387 32096 32215 31168 30760 32067 32496 32395 32897 34455 32936 33048 32277 30339 29320 27168 17830 8685 53953 0 0 0 56270 41247 33006 32602 33763 32529 31654
24 755 50KHz 32723 32631 32633 32658 32622 32645 32644 32652 32663 32626 32583 32508 32521 32551 32579 32529 32618 32604 32533 32605 30872 32906 32764 0 0 0 32772 32783 32630 32547 32527 32622
25 755 50KHz 33033 31790 33723 34150 33549 33460 34280 34420 33231 32818 33129 32736 31527 33360 33530 35503 38743 40354 44576 48389 65535 0 32022 55948 0 0 0 35834 44719 37406 36109 35809
26 755 50KHz 33347 33111 33092 32988 32966 32924 32932 32799 32778 32793 32809 32752 32920 33138 33274 33390 33534 33475 33256 33064 46706 20942 35554 41941 32776 0 0 0 50604 40919 36416 34599
27 755 50KHz 33704 32729 33242 33201 33014 32968 33239 33154 32789 32735 32866 32674 32501 33060 33180 33340 33806 33777 33558 33615 37777 28595 34006 36048 32671 35784 0 0 0 35474 41964 36731
28 755 50KHz 34822 33558 33113 33032 33173 33065 33142 32901 32940 32909 32876 32766 32865 33233 33367 33294 33405 33536 33342 33511 33922 31798 33589 33249 32704 44068 35350 0 0 0 35683 33702
29 756 50KHz 38153 34307 33568 33271 32861 32757 32748 32623 32477 32492 32709 32892 32760 32936 33014 33155 33382 33010 32928 32594 35249 30631 33178 34089 32386 36938 40921 35489 0 0 0 36255
30 756 50KHz 34260 37513 34415 33553 33246 33140 32947 32666 32754 32776 32824 32897 33122 33174 33278 33322 33216 33008 32915 32811 33746 32074 33168 32812 32454 35566 36176 41711 35672 0 0 0
31 756 50KHz 59187 35844 42214 37050 34833 34024 33540 33049 33129 33130 33021 32900 33233 33408 33513 33593 33373 33302 33190 33255 32384 33018 33217 32163 32620 35210 34654 36689 33709 36260 0 0
0 756 50KHz 0 0 35523 42778 36312 34483 33542 33128 33031 32944 33012 32997 33099 33266 33296 33392 33345 33086 32983 32904 32906 32502 33007 32652 32634 33448 33308 33611 32980 38407 34295 58934
1 756 50KHz 0 0 0 35882 40792 35722 34212 33378 32813 32690 32983 33114 32648 32988 32859 33263 33713 33104 32915 32523 34801 30763 32699 34574 32499 31302 32982 32686 33530 34504 37869 35873
2 756 50KHz 35549 0 0 0 35168 39770 34693 33276 33278 33234 33147 33246 33624 33344 33355 33307 32947 32725 32732 32596 32756 32902 32989 32423 32539 33236 32885 32803 32800 33645 34470 42164
3 757 50KHz 42744 35908 0 0 0 35048 38443 34617 34059 33736 33455 33495 33942 33543 33531 33314 32885 32739 32774 32711 32253 33346 33001 31908 32592 33598 32906 32818 33004 33400 33769 37012
4 757 50KHz 36407 41026 35198 0 0 0 34834 38650 36129 34698 34003 33724 33597 33734 33543 33499 33510 33307 33235 33301 32373 32971 33022 32684 32745 33141 33105 32822 32832 33160 33535 34919
5 757 50KHz 34548 35887 39954 35062 0 0 0 34873 33845 38291 35731 34893 34364 34187 33803 33576 33537 33281 33114 33153 32661 32749 33017 32846 32636 33048 33042 32808 32827 33066 33378 34078
6 757 50KHz 33727 34433 34907 38608 34797 0 0 0 39395 34336 39757 36885 35437 34792 34163 33678 33387 33304 33243 33415 31446 33736 33061 31919 32797 33824 33034 33141 32824 33031 33201 33595
7 757 50KHz 33275 33551 33468 34772 38617 34825 0 0 0 37650 33758 38546 36108 34920 34197 33596 33231 33150 33096 33227 31020 34015 33014 31538 32714 33927 32996 33080 32817 32970 32986 33262
8 757 50KHz 33215 32952 33590 34299 36142 33841 39336 0 0 0 35612 33748 37853 35665 34299 33670 33634 33286 33143 33045 32301 32778 32790 32710 32740 32820 32924 32794 32810 32775 33082 33283
9 757 50KHz 33174 32852 33451 33909 34694 38360 34344 37648 0 0 0 36220 33732 37669 35001 33943 33709 33255 33074 32925 32973 32324 32780 33200 32585 32475 32865 32765 32806 32792 33017 33208
10 758 50KHz 32929 33035 33178 33492 33890 35671 39612 33760 35621 0 0 0 35277 33506 36146 34123 33509 32907 32801 32630 33088 32315 32808 32819 32597 32658 32746 32783 32793 32815 32977 32998
11 758 50KHz 32875 32962 33160 33358 33489 34673 36677 38420 33760 36231 0 0 0 34904 39983 35043 33733 32748 32543 32265 33946 31592 32742 33170 32398 32268 32557 32762 32764 32813 32975 32789
12 758 50KHz 33016 32527 33627 33833 33324 34187 35245 35940 37799 33730 35323 0 0 0 34691 38554 35360 33442 32970 32515 35479 30364 32696 34689 32353 31238 32739 32275 32727 32726 33218 33065
13 758 50KHz 33338 32933 33452 33528 33497 34039 34672 34759 35547 37599 33519 34923 0 0 0 35439 41053 34788 33756 33294 34163 31933 33136 33264 32506 32922 33112 32930 32824 33128 33387 33389
14 758 50KHz 33350 32840 33475 33532 33370 33583 34051 33987 34123 34918 36257 40077 34725 0 0 0 34653 36817 34575 33753 34774 31791 33297 33491 32544 33058 33265 33010 33306 33120 33425 33402
15 758 50KHz 33326 33289 33309 33347 33359 33466 33530 33337 33453 33769 34206 35216 38669 35453 0 0 0 34587 39837 36227 37330 31800 34026 32656 32526 34963 33259 33088 33117 33234 33477 33502
16 758 50KHz 33241 33667 33006 32916 33380 33388 33294 33031 33432 33629 33580 33861 35445 41093 34653 0 0 0 34908 33537 41902 32163 35423 31002 32681 38007 33488 33583 33360 33457 33424 33359
17 759 50KHz 33352 33316 33016 32939 33353 33350 33353 33147 33287 33292 33171 33017 33677 34966 36912 34616 0 0 0 35190 34319 31640 37106 30066 32752 39874 33555 33703 32851 33328 33287 33386
18 759 50KHz 33235 33032 32988 32917 33181 33197 33240 33024 33066 33118 32970 32781 33214 33854 34685 39960 34898 0 0 0 37333 32500 40715 27850 32713 44501 33362 32853 32842 33151 33256 33273
19 759 50KHz 33287 32900 33016 33022 33320 33274 33393 33285 33175 33060 32981 32633 32863 33534 34017 36406 33540 35102 0 0 0 32513 34304 19407 32666 48277 33204 32862 32861 33117 33262 33472
20 759 50KHz 31914 33912 31686 31144 31348 31573 30306 29917 31224 31906 32179 33266 34891 33454 33938 36581 41327 34388 37701 0 0 0 29825 8583 30291 65535 45759 33123 32933 34370 32972 31476
21 759 50KHz 33209 31453 33742 34177 33600 33433 34400 34707 33450 32942 33010 32287 30959 32610 32480 32516 33007 32279 32538 32480 0 0 0 53384 32949 0 21936 29184 32538 31485 32874 33820
22 759 50KHz 32885 32691 33019 33014 32832 32823 32880 32820 32659 32680 32786 32839 32854 33195 33311 34075 35464 36986 40681 34302 29961 0 0 0 32756 31940 35490 32890 33474 33255 33258 33163
23 759 50KHz 32248 34202 31887 31416 32089 32251 31208 30802 32063 32507 32347 32967 34451 32879 33038 32280 30322 29288 27171 18632 8645 53962 0 0 0 56252 41229 33009 32628 33707 32549 31679
24 760 50KHz 32746 32599 32643 32675 32650 32662 32629 32685 32667 32629 32562 32527 32488 32562 32549 32546 32568 32606 32567 32535 30943 32905 32765 0 0 0 32775 32781 32603 32584 32542 32629
25 760 50KHz 33026 31810 33759 34134 33562 33436 34270 34403 33243 32830 33136 32688 31604 33350 33516 35483 38731 40319 44514 48089 65535 0 32022 55975 0 0 0 35834 44695 37424 36120 35779
26 760 50KHz 33425 33046 33049 32976 32979 32942 32953 32855 32817 32924 32880 32746 32888 33119 33298 33432 33546 33434 33261 33026 46886 20955 35574 41961 32777 0 0 0 50594 40945 36372 34628
27 760 50KHz 33712 32749 33177 33236 33028 32996 33213 33085 32762 32746 32845 32676 32483 33036 33167 33309 33775 33730 33585 33496 37870 28543 34011 36093 32740 35794 0 0 0 35476 41944 36749
28 760 50KHz 34800 33530 33112 33032 33159 33051 33099 32869 32907 32928 32864 32716 32894 33234 33396 33303 33398 33420 33323 33328 34138 31739 33576 33271 32722 44169 35358 0 0 0 35683 33697
29 760 50KHz 38177 34302 33557 33254 32792 32805 32765 32657 32470 32550 32776 32872 32754 33025 33052 33238 33401 33034 32932 32759 35236 30656 33133 34040 32415 36985 40958 35494 0 0 0 36253
30 760 50KHz 34248 37572 34409 33533 33226 33065 32917 32643 32730 32803 32852 32876 33104 33201 33250 33316 33183 33021 32988 32842 33810 32020 33200 32837 32493 35512 36213 41726 35676 0 0 0
31 761 50KHz 59164 35852 42218 37034 34845 34047 33488 33026 33064 33132 33032 32835 33168 33392 33517 33580 33380 33284 33145 33027 32679 32976 33185 32128 32626 35134 34642 36613 33702 36255 0 0
