0 8876 50KHz 0 0 28026 29925 11008 24048 12850 24458 23537 28136 26813 25392 26668 29442 23673 30592 25693 26976 26569 29109 29047 24668 27734 26586 28122 26812 26578 23654 22086 19402 27566 7825
1 8879 50KHz 0 0 0 27856 30164 22152 20493 25384 25802 27336 27304 27198 27459 28151 27455 28225 27959 28075 28164 28111 27745 27816 27938 27834 27081 26253 25452 25436 23765 17507 29638 28267
2 8882 50KHz 28574 0 0 0 27048 31096 10654 23498 23408 27970 26950 25726 27048 30186 24427 31102 26506 27563 27146 29803 31038 25000 28681 27251 29840 28682 29743 26123 27398 26359 23314 22155
3 8886 50KHz 30929 28915 0 0 0 28076 29147 18572 20381 27137 26182 24614 26314 29407 22684 33286 24899 27541 26817 30606 28074 26934 28741 27436 29482 29799 29397 26520 26885 29391 24444 20591
4 8889 50KHz 12057 30610 27598 0 0 0 27637 30894 23229 25324 26960 28120 28635 28607 30541 26779 30781 29493 30039 28457 30802 29047 29489 29790 29133 28085 28787 29628 29658 25019 27527 29344
5 8892 50KHz 28356 25999 22355 28561 0 0 0 26800 30192 21649 23298 23012 25635 29173 23267 31614 26129 27730 27295 30358 30215 26222 29161 27824 30228 29717 30419 27343 28537 29745 28198 24676
6 8895 50KHz 19095 23044 15670 29279 27011 0 0 0 29551 18803 26162 29230 29341 27589 33160 26594 31941 30763 31549 28576 28656 32904 30126 31512 28762 29035 28317 31961 30516 27142 29136 34293
7 8898 50KHz 26603 26734 24920 18824 30630 25270 0 0 0 28223 30890 20591 23920 26486 25122 29185 26873 28022 28121 29123 28155 28736 28955 28772 28992 29174 28972 28805 28725 28947 28172 28280
8 8902 50KHz 25719 26946 24664 20676 21752 29811 28688 0 0 0 29032 15298 23540 25894 26617 27493 28229 28475 28884 28741 29146 29053 29221 29358 29117 28911 29071 29564 29523 28242 29221 30359
9 8905 50KHz 29887 28558 29359 28456 24724 22076 31107 28138 0 0 0 27041 30479 21243 18098 28894 23316 25955 26082 29078 28237 26328 28445 27504 29312 29205 29566 27489 28294 29657 28303 25931
10 8908 50KHz 29036 28836 28647 27732 26992 24317 25357 31143 29328 0 0 0 28031 30881 17685 27054 24450 26592 27135 29003 28876 27553 29048 28572 29606 29403 29785 28762 29300 29464 29340 28388
11 8911 50KHz 27618 28575 27232 25675 28012 23294 28442 21745 16262 27057 0 0 0 28243 30749 24233 24974 26945 27998 28620 28455 29227 29362 29539 29349 29403 29386 29954 29822 29145 29679 30750
12 8914 50KHz 28535 28706 28313 27276 28465 25977 28546 24853 24211 30656 27438 0 0 0 27726 31255 20263 24573 26243 28165 27754 28037 28886 28764 29238 29299 29397 29215 29376 29376 29360 29480
13 8918 50KHz 30761 29439 31118 30329 28643 29900 27047 27712 27027 23794 31003 28245 0 0 0 28604 30110 19101 22396 27443 24350 27118 27950 27392 28658 29612 29004 27930 27962 30726 27638 26013
14 8921 50KHz 26170 28669 25766 23224 30589 23082 32894 25748 27138 19286 16902 30542 27224 0 0 0 29145 19842 27039 27195 27379 31467 29737 30993 28968 29429 28797 31793 30608 28772 30263 34308
15 8924 50KHz 31565 29318 31802 34059 26630 32136 25893 29932 28124 30269 28050 25452 20845 28764 0 0 0 26233 29921 21364 22834 19039 25710 23955 28797 28167 29840 25178 27554 29362 28427 22988
16 8927 50KHz 28132 29459 28084 26152 31038 26794 31798 27998 29111 25198 25231 25403 21427 30169 29015 0 0 0 29201 20165 22787 29060 28659 29722 28731 29604 28860 31002 30116 29810 29717 32454
17 8931 50KHz 28642 29114 28536 28172 29377 27852 30276 28544 28839 26896 26701 26817 24842 19005 31271 25354 0 0 0 28625 30699 21317 25859 26467 28046 28303 28857 28683 29217 28967 29467 29663
18 8934 50KHz 28092 29034 27952 27205 29839 27137 31120 28456 29079 26694 26944 27586 26073 21829 25527 29647 28058 0 0 0 28132 17015 24272 25997 27450 28087 28449 29150 29344 28820 29535 30744
19 8937 50KHz 30024 28915 30427 31055 28101 30479 27723 29429 28882 29603 28993 28436 28277 27745 26377 22006 31175 28208 0 0 0 27566 30832 19015 25362 26629 27748 25596 27297 29173 27887 25335
20 8940 50KHz 30167 28649 31743 28473 30403 30667 27149 28437 29215 29092 29086 28262 28047 24595 26697 24207 21412 30768 28357 0 0 0 28705 15091 21292 27466 24712 27342 25297 31962 23983 25516
21 8943 50KHz 26970 28942 25911 27272 28930 25788 32881 28992 29251 26770 27316 28918 27890 26941 30891 18889 28003 20944 16641 27401 0 0 0 27987 31437 23188 27817 26830 29999 26143 31886 31969
22 8947 50KHz 28796 28664 29202 28967 29083 28991 29357 29098 29224 28778 28832 28975 28722 27877 29083 25963 27597 25578 24241 30860 28083 0 0 0 29688 20214 24057 24846 26571 28478 27690 27267
23 8950 50KHz 27241 28189 27287 26971 29258 26890 31080 28585 29150 27325 27873 28837 28154 26571 30250 22741 28342 25209 24843 17084 30537 26144 0 0 0 28839 31069 21090 25676 26558 28020 28754
24 8953 50KHz 28232 27250 29807 29101 28224 29698 27307 28660 28673 29144 28968 28538 28628 28107 27955 28682 27287 27361 26857 25216 19822 31096 29238 0 0 0 28228 30419 19583 26962 23414 22640
25 8956 50KHz 27528 26887 28951 29828 27299 29344 27946 29133 28708 29296 28986 28851 28945 29532 28655 28371 28650 27975 27857 26946 27428 22005 20342 29060 0 0 0 26663 30584 23247 23255 21236
26 8960 50KHz 27526 26664 30043 29439 28398 30246 27461 29134 29105 29811 29600 29074 29278 29032 28413 30269 28153 28890 28567 28471 25276 27679 25065 31392 28832 0 0 0 28611 21725 19731 20156
27 8963 50KHz 25199 26722 26549 26225 29481 26701 31859 28899 29657 27654 28432 29604 28968 27518 31473 24753 30387 28356 28961 25447 27427 25976 24703 21506 30509 25985 0 0 0 29290 31223 23463
28 8966 50KHz 22499 24224 27081 25731 28938 27493 29587 28272 29115 27939 28534 28993 28664 26954 29862 26838 28934 28520 28730 26785 24576 29159 25956 25466 19513 30330 27347 0 0 0 28503 13267
29 8969 50KHz 18413 30930 25832 28302 23516 28767 25636 28615 27766 29370 28721 28353 28763 30495 27839 29238 28797 28429 28380 29042 32020 25350 28410 26923 27867 23810 21311 29044 0 0 0 26461
30 8972 50KHz 28568 30161 23119 23023 26913 27443 28243 28097 29118 28409 28967 29167 29033 27177 29736 28438 28794 29200 29299 28054 24158 31543 27805 28344 24509 23848 19015 31111 28543 0 0 0
31 8976 50KHz 18928 28779 22032 18469 29123 22425 35336 27856 30384 25323 27555 30315 28919 24283 34516 20739 32088 28950 30330 24037 24906 31175 26410 28024 21815 19336 16573 19654 8535 24393 0 0