0 6503 50KHz 0 0 29081 30751 7959 26202 15446 25355 24117 28901 27369 25630 26974 30343 23382 32158 25817 27287 26797 30234 30220 25235 28662 27230 29907 29204 29658 25619 25945 23141 29141 8926
1 6506 50KHz 0 0 0 28013 30983 23090 27182 27137 28356 27344 28180 28993 28549 27247 30483 26436 29652 28997 29412 27330 26761 30205 28135 28886 26389 25982 24860 27309 25001 14204 30444 29739
2 6509 50KHz 29421 0 0 0 27255 31114 13233 23951 24152 27837 27132 26237 27245 29627 25357 30372 27087 27787 27611 29496 30200 26278 28776 27862 29559 28781 29516 27214 28060 27225 25855 21901
3 6512 50KHz 31386 28847 0 0 0 28091 29231 18719 20685 26928 26160 24745 26258 28910 23106 32595 25213 27498 27037 30282 27416 27663 28758 27894 29258 29836 29184 27450 27496 30048 26092 23974
4 6516 50KHz 14623 31209 27715 0 0 0 27628 30882 23269 25285 26969 28172 28642 28406 30639 26420 30689 29412 29963 28097 30279 29021 29211 29613 28581 27433 28006 29336 29152 23178 26482 30888
5 6519 50KHz 29564 25544 22175 28504 0 0 0 26788 30188 21505 23191 22959 25454 28970 23215 31260 26132 27471 27235 30086 29912 26282 29070 27919 30095 29621 30307 27716 28892 30058 29304 26142
6 6522 50KHz 19757 27978 17312 29336 26976 0 0 0 29555 19089 26324 29297 29486 27695 33051 26741 31733 30794 31421 28528 28381 32652 29915 31224 28388 28564 27706 31382 29758 25395 27210 34440
7 6525 50KHz 27064 27689 25220 18838 30613 25259 0 0 0 28222 30897 20589 23886 26494 24996 29147 26780 27862 28000 28996 27930 28579 28822 28677 28817 28982 28737 28761 28647 28622 28130 29025
8 6528 50KHz 25913 28698 25285 20892 21718 29810 28698 0 0 0 29044 15292 23570 25990 26540 27586 28145 28413 28797 28697 28966 28905 29102 29228 28938 28695 28789 29356 29252 27589 28591 30517
9 6532 50KHz 30348 27879 28995 28077 24634 21901 31130 28129 0 0 0 27055 30477 21293 18013 28835 23309 25711 25953 28915 28014 26177 28303 27417 29178 29072 29436 27564 28425 29831 28986 26853
10 6535 50KHz 29277 29012 28640 27578 26943 24222 25514 31148 29331 0 0 0 28036 30895 17630 27112 24441 26443 27039 28928 28718 27403 28929 28456 29477 29253 29616 28677 29240 29313 29426 28799
11 6538 50KHz 27571 29697 27620 25758 28000 23251 28494 21753 16407 27077 0 0 0 28267 30751 24416 24962 26915 27960 28654 28353 29117 29278 29418 29230 29258 29175 29726 29561 28675 29106 30736
12 6541 50KHz 28572 29215 28385 27142 28389 25784 28680 24833 24230 30656 27443 0 0 0 27745 31268 20373 24524 26243 28170 27757 27917 28820 28672 29152 29158 29246 29063 29236 29059 29164 29688
13 6545 50KHz 31299 28265 30488 29787 28417 29725 27152 27752 27124 23888 31020 28270 0 0 0 28613 30115 18861 22298 27354 24272 26932 27814 27238 28554 29489 28914 27871 28009 30986 28353 26969
14 6548 50KHz 25508 30954 26678 23730 30634 23081 32750 25625 27049 19225 16883 30546 27253 0 0 0 29143 20110 27127 27376 27602 31438 29810 30983 29006 29394 28694 31498 30231 27969 28929 33622
15 6551 50KHz 32620 27413 30909 33183 26240 31788 26052 29936 28233 30281 28156 25642 21096 28784 0 0 0 26172 29919 21250 22637 18985 25556 23806 28640 28022 29706 25143 27652 29818 29565 23880
16 6554 50KHz 27939 30533 28599 26491 30922 26864 31571 27951 29053 25268 25295 25447 21638 30201 29042 0 0 0 29183 20293 22802 28945 28649 29619 28746 29599 28808 30725 29835 29474 28991 32068
17 6557 50KHz 28609 29601 28668 28058 29259 27598 30315 28421 28798 26721 26595 26813 24829 18823 31287 25315 0 0 0 28629 30720 21465 25939 26543 28084 28305 28819 28619 29125 28752 29229 29695
18 6561 50KHz 28010 29858 28349 27380 29707 27078 30961 28343 28996 26606 26881 27563 26104 21816 25643 29661 28037 0 0 0 28152 17104 24331 26009 27505 28115 28433 29014 29170 28573 29050 30441
19 6564 50KHz 30801 27906 29925 30483 27650 30116 27656 29300 28840 29483 28954 28501 28311 27751 26569 21999 31177 28203 0 0 0 27577 30839 18985 25323 26597 27702 25550 27295 29384 28461 25977
20 6567 50KHz 30973 27116 30703 27725 29821 30331 26929 28282 29103 28958 29003 28239 28118 24597 26941 24139 21446 30785 28366 0 0 0 28704 15237 21361 27440 24810 27318 25413 32228 24887 27219
21 6570 50KHz 26671 30797 27120 28013 28964 25927 32662 28888 29146 26677 27197 28815 27790 26771 30849 18885 27860 21041 16835 27420 0 0 0 27998 31440 23276 27794 26735 29768 25767 30868 30700
22 6573 50KHz 29333 28524 29162 28833 28727 28837 29128 28959 29111 28656 28727 28914 28682 27786 29155 25868 27606 25647 24297 30864 28091 0 0 0 29690 20226 24084 24830 26554 28502 27852 27669
23 6577 50KHz 27498 29075 27872 27356 29009 26943 30718 28445 28986 27216 27726 28692 28054 26411 30210 22609 28224 25275 24873 17145 30547 26174 0 0 0 28838 31074 21059 25582 26358 27669 28662
24 6580 50KHz 29740 26311 29310 28608 27474 29396 26830 28428 28452 28983 28816 28414 28558 28009 27983 28567 27324 27406 26934 25249 19953 31108 29247 0 0 0 28229 30416 19614 27112 24124 24075
25 6583 50KHz 29347 26356 28817 29543 26494 29082 27407 28889 28464 29126 28807 28707 28810 29420 28600 28245 28660 27965 27898 26965 27467 22131 20382 29070 0 0 0 26662 30579 23267 23866 22468
26 6586 50KHz 29748 25857 29611 28969 27517 29963 26810 28866 28815 29654 29412 28883 29152 28957 28303 30168 28120 28850 28577 28478 25410 27672 25127 31400 28846 0 0 0 28602 21697 20479 22131
27 6590 50KHz 26192 28246 27573 27157 29225 27083 31263 28845 29452 27716 28341 29383 28836 27440 31144 24722 30066 28267 28825 25434 27408 25876 24729 21530 30519 26016 0 0 0 29222 31156 24175
28 6593 50KHz 25414 25209 27653 26331 28315 27786 28661 28133 28790 28009 28428 28695 28517 26989 29412 26950 28584 28405 28561 26839 24667 28890 25976 25461 19641 30344 27380 0 0 0 28439 15860
29 6596 50KHz 21813 31073 26422 28588 21370 28748 23589 28132 26988 29364 28429 27802 28373 30703 26934 29698 28379 28174 28120 29312 32212 24981 28478 26837 28162 24019 21589 29030 0 0 0 26944
30 6599 50KHz 29503 30810 25619 24844 25694 28379 26036 27921 28373 28871 28911 28511 28763 27885 28335 29598 27991 28931 28829 28672 24954 30564 28021 28187 25360 24693 20186 31115 28631 0 0 0
31 6603 50KHz 20428 30120 21620 22561 31413 24868 35562 28966 30700 26590 28244 30445 29316 25778 33736 22138 31708 29118 30105 24987 27071 29895 27082 28180 23741 21234 19738 21465 12055 25419 0 0
0 8876 50KHz 0 0 28026 29925 11008 24048 12850 24458 23537 28136 26813 25392 26668 29442 23673 30592 25693 26976 26569 29109 29047 24668 27734 26586 28122 26812 26578 23654 22086 19402 27566 7825
1 8879 50KHz 0 0 0 27856 30164 22152 20493 25384 25802 27336 27304 27198 27459 28151 27455 28225 27959 28075 28164 28111 27745 27816 27938 27834 27081 26253 25452 25436 23765 17507 29638 28267
2 8882 50KHz 28574 0 0 0 27048 31096 10654 23498 23408 27970 26950 25726 27048 30186 24427 31102 26506 27563 27146 29803 31038 25000 28681 27251 29840 28682 29743 26123 27398 26359 23314 22155
3 8886 50KHz 30929 28915 0 0 0 28076 29147 18572 20381 27137 26182 24614 26314 29407 22684 33286 24899 27541 26817 30606 28074 26934 28741 27436 29482 29799 29397 26520 26885 29391 24444 20591
4 8889 50KHz 12057 30610 27598 0 0 0 27637 30894 23229 25324 26960 28120 28635 28607 30541 26779 30781 29493 30039 28457 30802 29047 29489 29790 29133 28085 28787 29628 29658 25019 27527 29344
5 8892 50KHz 28356 25999 22355 28561 0 0 0 26800 30192 21649 23298 23012 25635 29173 23267 31614 26129 27730 27295 30358 30215 26222 29161 27824 30228 29717 30419 27343 28537 29745 28198 24676
6 8895 50KHz 19095 23044 15670 29279 27011 0 0 0 29551 18803 26162 29230 29341 27589 33160 26594 31941 30763 31549 28576 28656 32904 30126 31512 28762 29035 28317 31961 30516 27142 29136 34293
7 8898 50KHz 26603 26734 24920 18824 30630 25270 0 0 0 28223 30890 20591 23920 26486 25122 29185 26873 28022 28121 29123 28155 28736 28955 28772 28992 29174 28972 28805 28725 28947 28172 28280
8 8902 50KHz 25719 26946 24664 20676 21752 29811 28688 0 0 0 29032 15298 23540 25894 26617 27493 28229 28475 28884 28741 29146 29053 29221 29358 29117 28911 29071 29564 29523 28242 29221 30359
9 8905 50KHz 29887 28558 29359 28456 24724 22076 31107 28138 0 0 0 27041 30479 21243 18098 28894 23316 25955 26082 29078 28237 26328 28445 27504 29312 29205 29566 27489 28294 29657 28303 25931
10 8908 50KHz 29036 28836 28647 27732 26992 24317 25357 31143 29328 0 0 0 28031 30881 17685 27054 24450 26592 27135 29003 28876 27553 29048 28572 29606 29403 29785 28762 29300 29464 29340 28388
11 8911 50KHz 27618 28575 27232 25675 28012 23294 28442 21745 16262 27057 0 0 0 28243 30749 24233 24974 26945 27998 28620 28455 29227 29362 29539 29349 29403 29386 29954 29822 29145 29679 30750
12 8914 50KHz 28535 28706 28313 27276 28465 25977 28546 24853 24211 30656 27438 0 0 0 27726 31255 20263 24573 26243 28165 27754 28037 28886 28764 29238 29299 29397 29215 29376 29376 29360 29480
13 8918 50KHz 30761 29439 31118 30329 28643 29900 27047 27712 27027 23794 31003 28245 0 0 0 28604 30110 19101 22396 27443 24350 27118 27950 27392 28658 29612 29004 27930 27962 30726 27638 26013
14 8921 50KHz 26170 28669 25766 23224 30589 23082 32894 25748 27138 19286 16902 30542 27224 0 0 0 29145 19842 27039 27195 27379 31467 29737 30993 28968 29429 28797 31793 30608 28772 30263 34308
15 8924 50KHz 31565 29318 31802 34059 26630 32136 25893 29932 28124 30269 28050 25452 20845 28764 0 0 0 26233 29921 21364 22834 19039 25710 23955 28797 28167 29840 25178 27554 29362 28427 22988
16 8927 50KHz 28132 29459 28084 26152 31038 26794 31798 27998 29111 25198 25231 25403 21427 30169 29015 0 0 0 29201 20165 22787 29060 28659 29722 28731 29604 28860 31002 30116 29810 29717 32454
17 8931 50KHz 28642 29114 28536 28172 29377 27852 30276 28544 28839 26896 26701 26817 24842 19005 31271 25354 0 0 0 28625 30699 21317 25859 26467 28046 28303 28857 28683 29217 28967 29467 29663
18 8934 50KHz 28092 29034 27952 27205 29839 27137 31120 28456 29079 26694 26944 27586 26073 21829 25527 29647 28058 0 0 0 28132 17015 24272 25997 27450 28087 28449 29150 29344 28820 29535 30744
19 8937 50KHz 30024 28915 30427 31055 28101 30479 27723 29429 28882 29603 28993 28436 28277 27745 26377 22006 31175 28208 0 0 0 27566 30832 19015 25362 26629 27748 25596 27297 29173 27887 25335
20 8940 50KHz 30167 28649 31743 28473 30403 30667 27149 28437 29215 29092 29086 28262 28047 24595 26697 24207 21412 30768 28357 0 0 0 28705 15091 21292 27466 24712 27342 25297 31962 23983 25516
21 8943 50KHz 26970 28942 25911 27272 28930 25788 32881 28992 29251 26770 27316 28918 27890 26941 30891 18889 28003 20944 16641 27401 0 0 0 27987 31437 23188 27817 26830 29999 26143 31886 31969
22 8947 50KHz 28796 28664 29202 28967 29083 28991 29357 29098 29224 28778 28832 28975 28722 27877 29083 25963 27597 25578 24241 30860 28083 0 0 0 29688 20214 24057 24846 26571 28478 27690 27267
23 8950 50KHz 27241 28189 27287 26971 29258 26890 31080 28585 29150 27325 27873 28837 28154 26571 30250 22741 28342 25209 24843 17084 30537 26144 0 0 0 28839 31069 21090 25676 26558 28020 28754
24 8953 50KHz 28232 27250 29807 29101 28224 29698 27307 28660 28673 29144 28968 28538 28628 28107 27955 28682 27287 27361 26857 25216 19822 31096 29238 0 0 0 28228 30419 19583 26962 23414 22640
25 8956 50KHz 27528 26887 28951 29828 27299 29344 27946 29133 28708 29296 28986 28851 28945 29532 28655 28371 28650 27975 27857 26946 27428 22005 20342 29060 0 0 0 26663 30584 23247 23255 21236
26 8960 50KHz 27526 26664 30043 29439 28398 30246 27461 29134 29105 29811 29600 29074 29278 29032 28413 30269 28153 28890 28567 28471 25276 27679 25065 31392 28832 0 0 0 28611 21725 19731 20156
27 8963 50KHz 25199 26722 26549 26225 29481 26701 31859 28899 29657 27654 28432 29604 28968 27518 31473 24753 30387 28356 28961 25447 27427 25976 24703 21506 30509 25985 0 0 0 29290 31223 23463
28 8966 50KHz 22499 24224 27081 25731 28938 27493 29587 28272 29115 27939 28534 28993 28664 26954 29862 26838 28934 28520 28730 26785 24576 29159 25956 25466 19513 30330 27347 0 0 0 28503 13267
29 8969 50KHz 18413 30930 25832 28302 23516 28767 25636 28615 27766 29370 28721 28353 28763 30495 27839 29238 28797 28429 28380 29042 32020 25350 28410 26923 27867 23810 21311 29044 0 0 0 26461
30 8972 50KHz 28568 30161 23119 23023 26913 27443 28243 28097 29118 28409 28967 29167 29033 27177 29736 28438 28794 29200 29299 28054 24158 31543 27805 28344 24509 23848 19015 31111 28543 0 0 0
31 8976 50KHz 18928 28779 22032 18469 29123 22425 35336 27856 30384 25323 27555 30315 28919 24283 34516 20739 32088 28950 30330 24037 24906 31175 26410 28024 21815 19336 16573 19654 8535 24393 0 0

