
0 38 50KHz 0 0 27600 21770 29525 30334 30829 31258 30648 31160 31830 31856 33027 31081 31751 33733 32122 30655 30998 30898 32482 32660 33008 32122 33035 32829 31712 30498 29873 27621 20363 20865
1 38 50KHz 0 0 0 28591 25865 29900 31198 31544 31630 31815 31906 31923 32248 32109 31653 32200 31997 31653 31982 31984 32292 32267 32354 32322 32256 32192 32132 31671 31037 30443 28234 28653
2 38 50KHz 28391 0 0 0 29986 26281 30223 31080 31047 31444 31816 31785 32279 31286 31958 32721 32106 31599 31722 31671 32374 32467 32623 32225 32663 32577 32059 31546 31463 30990 30151 20898
3 38 50KHz 23168 28704 0 0 0 30396 28590 30862 31625 31786 31883 31712 30648 30462 33109 31275 32139 33614 32646 32576 31852 31991 31779 31766 32087 32109 31993 32555 32392 31063 30635 28561
4 39 50KHz 30125 26246 30021 0 0 0 8753 25475 28989 30541 31202 31378 31795 31419 31872 32291 32082 31859 31990 31971 32317 32354 32439 32284 32436 32405 32221 31988 32023 32014 31919 31282
5 39 50KHz 30900 30127 26584 30437 0 0 0 27713 17641 26525 29262 30386 31392 31788 31376 31995 31971 31673 32111 32134 32351 32289 32365 32447 32216 32205 32370 32167 32051 32504 32504 31761
6 39 50KHz 31400 31404 30508 28811 10798 0 0 0 4685 15718 24990 28573 30801 31749 31327 32092 32035 31642 32139 32181 32416 32341 32430 32524 32258 32262 32443 32200 32093 32658 32673 32074
7 39 50KHz 31782 31763 31363 30992 26327 28149 0 0 0 27158 12277 23255 28578 30532 31405 32082 32045 31826 32124 32144 32408 32387 32467 32447 32379 32367 32388 32184 32158 32455 32454 32133
8 39 50KHz 31290 31848 31325 31732 29392 18583 27987 0 0 0 26122 9270 23901 29932 30666 31396 31892 31760 32434 32512 32396 32226 32256 32658 31999 32041 32620 32477 32163 33072 33140 32210
9 39 50KHz 31667 31976 31646 31845 30741 26764 15516 26798 0 0 0 26115 13267 26274 30549 31251 31833 31971 32361 32415 32297 32206 32212 32478 32090 32108 32469 32426 32219 32695 32717 32169
10 39 50KHz 32195 32029 31983 31859 31355 29390 24990 11387 25823 0 0 0 27150 17022 29858 31223 31721 31997 32051 32059 32251 32290 32360 32225 32388 32370 32238 32169 32224 32098 32062 32111
11 40 50KHz 32066 32022 31880 31762 31474 30432 28457 22632 7110 25903 0 0 0 27939 26538 29924 31326 31945 32108 32164 32170 32197 32184 32226 32197 32205 32269 32308 32258 32215 32189 32076
12 40 50KHz 32977 32314 32296 30729 31835 31378 30683 28147 22905 11845 26737 0 0 0 17857 27146 30811 32997 32307 32338 31735 32076 31563 31679 32058 32089 31954 32634 32651 31361 31214 31920
13 40 50KHz 30792 32141 30949 30303 31336 31695 31628 29813 28856 23965 11200 26148 0 0 0 29743 27022 32136 33269 33659 31294 31471 29800 32225 30166 30439 32626 33842 32600 33474 33657 31868
14 40 50KHz 31857 31328 31746 32947 31507 30853 30678 30729 29706 29647 28910 24774 14770 0 0 0 10465 26964 29113 29744 31721 31997 32984 31828 32802 32559 31599 30615 31132 31336 31341 31761
15 40 50KHz 33984 32099 32876 30818 32221 31780 31841 31873 30810 30766 30935 29421 26688 30068 0 0 0 15640 25423 28302 30190 31152 31637 30445 32569 32373 30852 31279 32030 29402 29180 31517
16 40 50KHz 32115 31969 32031 32145 32029 31895 31914 31894 31711 31707 31599 31159 30811 27786 15488 0 0 0 28696 18301 26571 28980 30283 30804 31513 31477 31453 31532 31633 31512 31632 31901
17 40 50KHz 31429 31781 31817 33337 31925 31685 31595 31706 31567 31895 31936 31669 33171 32086 28616 18795 0 0 0 26549 13669 23334 28203 30249 31299 31454 31691 31129 31252 32379 32607 32165
18 41 50KHz 31607 32167 31952 32655 32174 32228 32234 32189 32433 32370 32150 32227 32293 32791 30421 27152 29262 0 0 0 27036 11016 22835 28592 30225 30994 31956 32057 31873 32736 32894 32274
19 41 50KHz 31476 32157 31870 32632 32155 32245 32264 32199 32515 32426 32156 32265 32361 33235 30727 29287 19780 26607 0 0 0 25753 8941 24204 28530 30336 31850 32107 31883 32866 33051 32272
20 41 50KHz 32541 32351 32412 31958 32380 32383 32422 32410 32371 32285 32277 32205 31816 31602 32185 30834 27222 13928 26702 0 0 0 26739 15354 26261 29765 31245 31969 32095 31776 31816 32124
21 41 50KHz 32699 32299 32499 32026 32361 32282 32307 32326 32142 32157 32281 32154 31974 31260 32405 31590 29395 23603 9809 25636 0 0 0 27428 17652 27344 30461 31536 31893 31436 31501 32068
22 41 50KHz 33194 32404 32761 31742 32480 32362 32405 32456 32109 32115 32348 32143 31718 30530 33005 31933 30615 28461 22629 9247 26860 0 0 0 27683 20022 28871 31157 31836 30872 30926 31999
23 41 50KHz 32342 32437 32323 31849 32431 32531 32601 32517 32700 32475 32307 32317 31658 32177 32269 31000 31040 30391 28389 24037 15121 27342 0 0 0 28403 25713 31003 31655 31819 32060 32140
24 41 50KHz 32986 32232 32668 32081 32371 32145 32154 32270 31823 31975 32312 32091 32129 30654 32856 32683 31656 31330 30054 28474 26366 17967 27605 0 0 0 30084 27298 30281 30276 30748 31880
25 42 50KHz 32849 32222 32613 32123 32372 32192 32197 32296 31920 32041 32342 32142 32181 30923 32714 32525 31692 31581 30939 30384 29975 27779 20795 28650 0 0 0 9793 26220 29112 30475 31731
26 42 50KHz 32115 32304 32237 32078 32388 32465 32523 32464 32614 32486 32312 32349 31962 32431 32162 31456 31725 31917 31981 31882 31350 30695 29138 26005 6655 0 0 0 29790 26054 30522 31579
27 42 50KHz 31081 31874 31701 32580 32156 32267 32280 32225 32500 32465 32222 32365 32607 33445 31338 31686 31741 31303 32064 32127 32004 31625 31238 31002 27538 8641 0 0 0 29149 25604 29918
28 42 50KHz 30531 31230 31620 32365 32087 32107 32103 32124 32080 32176 32225 32217 32647 32469 31676 32268 31782 31357 31785 31817 32087 31938 31888 31584 30453 26108 29658 0 0 0 28684 22958
29 42 50KHz 28319 30722 31075 31252 32294 32665 32837 32612 33219 32784 32205 32413 31226 33106 31924 30222 31763 32608 32868 32951 31794 31537 30900 31737 30317 28824 25080 28710 0 0 0 29305
30 42 50KHz 19824 27901 29851 30483 32144 32667 32900 32632 33413 32819 32068 32342 30675 33141 31922 29614 31782 32951 33123 33217 31651 31414 30644 31819 30500 29968 29769 23240 27322 0 0 0
31 42 50KHz 24701 27585 17038 27326 30831 31399 31771 31834 31887 31872 31849 31812 31627 31623 31853 31488 31709 31956 31968 31958 31846 31830 31750 31805 31664 31369 30923 28598 18835 28086 0 0
0 43 50KHz 0 0 27578 21537 29399 30371 30871 31259 30683 31248 31903 31627 33161 31011 31679 33745 31861 30930 31061 30961 32402 32516 33144 32237 32958 32778 31763 30550 29857 27654 20227 20798
1 43 50KHz 0 0 0 28529 25773 29893 31205 31545 31641 31831 31918 31887 32291 32168 31634 32189 31953 31675 31997 31999 32276 32238 32362 32343 32236 32179 32156 31684 31032 30444 28196 28618
2 43 50KHz 28372 0 0 0 29939 26223 30229 31093 30993 31426 31865 31663 32264 30909 32144 32848 32024 31839 31688 31608 32303 32421 32719 32160 32726 32639 31995 31515 31502 30789 29916 20784
3 43 50KHz 22979 28685 0 0 0 30373 28582 30857 31659 31803 31863 31813 30687 30717 33029 31234 32224 33415 32660 32607 31928 32047 31718 31805 32075 32097 32045 32568 32376 31204 30828 28595
4 43 50KHz 30013 26169 29963 0 0 0 8486 25494 29062 30598 31223 31358 31877 31576 31773 32264 32037 31869 32033 32015 32311 32321 32456 32339 32369 32364 32263 32029 32019 32127 32036 31294
5 43 50KHz 30914 30112 26493 30387 0 0 0 27712 17674 26546 29248 30368 31397 31764 31397 31994 31958 31704 32113 32143 32339 32274 32362 32448 32207 32207 32368 32175 32058 32489 32478 31767
6 43 50KHz 31426 31406 30520 28738 10450 0 0 0 4714 15732 24987 28545 30812 31709 31294 32103 32020 31669 32140 32175 32404 32325 32445 32532 32265 32261 32438 32199 32097 32636 32639 32076
7 44 50KHz 31788 31761 31375 30933 26319 28166 0 0 0 27157 12253 23237 28619 30539 31397 32107 32020 31825 32131 32145 32395 32363 32487 32462 32372 32362 32396 32191 32166 32478 32442 32140
8 44 50KHz 31292 31851 31290 31721 29380 18593 27948 0 0 0 26087 9196 23885 29973 30660 31374 31919 31721 32438 32520 32410 32250 32212 32673 31996 32039 32620 32482 32159 33067 33110 32221
9 44 50KHz 31694 31983 31641 31837 30773 26755 15581 26813 0 0 0 26118 13298 26253 30570 31246 31853 31958 32350 32403 32305 32221 32181 32461 32092 32122 32463 32418 32222 32666 32682 32175
10 44 50KHz 32236 32035 32024 31859 31358 29403 25012 11421 25827 0 0 0 27158 16919 29955 31255 31708 32030 32039 32050 32238 32295 32377 32228 32398 32389 32224 32164 32234 32063 32005 32111
11 44 50KHz 31934 32001 31793 31884 31452 30415 28433 22598 7050 25887 0 0 0 27967 26432 29885 31315 31880 32147 32209 32194 32181 32175 32285 32157 32169 32316 32336 32237 32323 32331 32098
12 44 50KHz 33065 32323 32304 30724 31881 31383 30697 28192 22909 11816 26681 0 0 0 17983 27153 30816 33049 32292 32310 31764 31950 31678 31610 32098 32122 31919 32612 32669 31281 31147 31894
13 44 50KHz 30810 32155 30676 30393 31447 31695 31595 29802 28870 23900 10935 26115 0 0 0 29741 27020 32138 33286 33727 31467 31001 30082 32189 30211 30408 32638 33855 32617 33460 33745 31796
14 45 50KHz 31856 31338 31977 32814 31457 30868 30705 30753 29660 29673 28975 24751 14678 0 0 0 10257 26943 29087 29684 31768 32097 32896 31841 32804 32623 31573 30615 31134 31277 31188 31824
15 45 50KHz 33799 32065 32916 30882 32131 31768 31847 31854 30867 30801 30971 29365 26771 30077 0 0 0 15406 25465 28366 30226 31187 31589 30555 32491 32331 30927 31321 32011 29611 29515 31557
16 45 50KHz 32135 31968 32064 32105 32020 31897 31924 31899 31691 31697 31610 31181 30766 27830 15281 0 0 0 28693 18299 26574 28981 30269 30823 31507 31480 31476 31544 31619 31582 31684 31913
17 45 50KHz 31486 31784 31963 33239 31913 31691 31604 31733 31528 31841 31984 31731 33097 32063 28700 18667 0 0 0 26534 13596 23320 28168 30216 31292 31478 31651 31124 31249 32317 32465 32204
18 45 50KHz 31621 32175 31932 32636 32211 32235 32234 32189 32444 32386 32138 32228 32288 32932 30401 27128 29266 0 0 0 27028 10970 22821 28585 30222 30992 31955 32054 31872 32733 32868 32272
19 45 50KHz 31488 32168 31841 32648 32178 32256 32264 32199 32512 32441 32141 32368 32242 33254 30715 29308 19828 26614 0 0 0 25743 8805 24186 28520 30335 31847 32110 31885 32857 33041 32255
20 46 50KHz 32578 32353 32395 31979 32380 32379 32427 32407 32371 32289 32271 32235 31779 31565 32187 30783 27247 13934 26694 0 0 0 26735 15344 26243 29761 31245 31961 32101 31775 31830 32111
21 46 50KHz 32710 32294 32539 32017 32357 32280 32311 32349 32138 32144 32294 32116 32000 31212 32444 31562 29418 23642 9773 25632 0 0 0 27431 17623 27333 30443 31534 31901 31413 31467 32074
22 46 50KHz 33146 32393 32763 31763 32459 32360 32407 32457 32117 32112 32360 32110 31775 30571 32994 31910 30605 28458 22587 9160 26869 0 0 0 27667 20005 28868 31154 31835 30917 30976 32018
23 46 50KHz 32380 32442 32276 31886 32443 32532 32600 32511 32693 32516 32282 32390 31572 32176 32310 31012 31083 30381 28385 24038 15202 27336 0 0 0 28393 25660 30987 31654 31801 32120 32089
24 46 50KHz 32946 32230 32716 32091 32333 32142 32158 32273 31841 31950 32329 32020 32223 30693 32840 32645 31625 31339 30059 28468 26357 17917 27584 0 0 0 30069 27321 30264 30319 30748 31946
25 46 50KHz 32843 32215 32668 32106 32348 32182 32202 32296 31925 32021 32351 32079 32240 30888 32752 32530 31680 31616 30935 30378 29978 27823 20755 28638 0 0 0 9657 26204 29112 30429 31791
26 46 50KHz 32102 32305 32171 32117 32403 32467 32526 32454 32602 32502 32313 32380 31943 32450 32144 31453 31739 31892 31982 31885 31369 30683 29128 25995 6003 0 0 0 29790 26076 30615 31538
27 47 50KHz 31101 31883 31692 32566 32175 32279 32279 32227 32495 32462 32228 32370 32565 33454 31331 31686 31748 31291 32062 32129 32004 31614 31237 30982 27528 8452 0 0 0 29144 25644 29914
28 47 50KHz 30462 31231 31613 32370 32080 32086 32089 32134 32084 32168 32223 32222 32659 32480 31672 32238 31771 31355 31784 31816 32089 31940 31886 31587 30447 26115 29647 0 0 0 28684 22999
29 47 50KHz 28359 30737 31076 31187 32349 32679 32832 32606 33183 32820 32206 32388 31234 33098 31941 30220 31792 32585 32859 32948 31811 31475 30946 31738 30346 28813 25087 28762 0 0 0 29285
30 47 50KHz 19730 27885 29501 30734 32186 32652 32872 32568 33385 32888 32058 32342 30809 33413 31765 29588 31769 32806 33134 33226 31709 31297 30735 31902 30488 29903 29909 23271 27324 0 0 0
31 47 50KHz 24654 27579 16982 27165 30847 31411 31785 31858 31839 31838 31868 31791 31545 31395 32034 31564 31733 32119 31946 31909 31820 31837 31774 31749 31732 31425 30894 28591 18932 28077 0 0
0 83 50KHz 0 0 27493 21004 29363 30454 30968 31342 30920 31390 31895 32145 32744 31266 31758 33251 31840 31049 31234 31172 31803 33236 32982 32282 32601 32616 31794 30643 29711 27555 19639 20401
1 84 50KHz 0 0 0 28332 25514 29860 31212 31567 31700 31872 31930 31970 32215 32152 31652 32091 31947 31744 32039 32049 32187 32295 32329 32344 32191 32134 32123 31673 30916 30273 27884 28415
2 84 50KHz 28246 0 0 0 29820 26072 30211 31119 30975 31410 31885 31945 31969 30524 32514 32758 32022 32035 31686 31590 31920 32905 32734 32096 32622 32672 31953 31453 31443 30597 29767 20351
3 84 50KHz 22540 28544 0 0 0 30365 28589 30862 31644 31829 31891 31656 30909 30738 33009 31409 32258 33315 32632 32581 32177 31784 31780 31888 32146 32113 32083 32511 32296 31192 30910 28469
4 84 50KHz 29912 25973 29841 0 0 0 9133 25707 29194 30679 31256 31483 31817 31699 31767 32181 32029 31904 32077 32087 32227 32433 32449 32383 32344 32343 32283 32051 31998 32155 32069 31284
5 84 50KHz 30911 30076 26364 30346 0 0 0 27804 18046 26728 29324 30421 31335 31834 31381 31928 31954 31747 32153 32186 32327 32280 32354 32437 32211 32191 32360 32202 32054 32479 32389 31757
6 84 50KHz 31440 31393 30503 28700 10619 0 0 0 4875 15868 25084 28596 30757 31783 31291 32069 32007 31675 32150 32184 32347 32364 32449 32542 32277 32260 32422 32209 32092 32646 32570 32086
7 85 50KHz 31800 31762 31397 30954 26384 28228 0 0 0 27124 12314 23241 28500 30592 31409 32043 31997 31857 32143 32160 32320 32441 32485 32473 32354 32367 32387 32204 32164 32460 32405 32139
8 85 50KHz 31423 31886 31266 31692 29477 18827 27934 0 0 0 25993 8268 23633 29982 30569 31432 32006 31651 32430 32515 32494 32069 32216 32652 32104 32058 32572 32491 32175 32981 32935 32276
9 85 50KHz 31769 32006 31635 31848 30826 26934 15722 26799 0 0 0 25964 12782 26200 30526 31296 31926 31896 32344 32395 32361 32132 32203 32468 32164 32138 32432 32419 32228 32617 32574 32208
10 85 50KHz 32199 32035 32045 31870 31366 29468 25103 11575 25769 0 0 0 26992 16766 29930 31195 31626 32088 32054 32062 32197 32375 32382 32257 32355 32365 32247 32174 32222 32097 32059 32096
11 85 50KHz 32337 32059 32045 31667 31558 30503 28572 22824 6828 25862 0 0 0 27829 26856 29992 31349 32155 32053 32080 32119 32250 32240 32138 32291 32314 32187 32265 32313 31946 31917 32030
12 85 50KHz 32764 32272 32061 30953 31853 31358 30705 28151 22838 11657 26644 0 0 0 17740 27133 31049 32688 32362 32419 31968 31779 31679 31797 32053 32054 32075 32683 32644 31573 31588 31929
13 85 50KHz 31056 32246 30143 30469 31581 31805 31711 29865 28900 23713 10387 25775 0 0 0 29732 28126 31302 33408 33888 32204 29792 29948 32158 30615 30351 32603 34048 32759 33411 33368 32102
14 86 50KHz 31907 31317 32420 32767 31415 30812 30638 30740 29561 29632 29005 25247 14045 0 0 0 9698 27608 28941 29509 31230 32918 33042 31852 32626 32730 31511 30459 31059 31120 31237 31563
15 86 50KHz 33246 31959 32756 31129 32046 31712 31839 31815 30982 30908 30915 29616 26436 30079 0 0 0 15754 25590 28516 30133 31509 31575 30856 32080 32189 31195 31409 31943 30127 30250 31421
16 86 50KHz 31746 31908 31879 32297 31959 31877 31891 31846 31823 31765 31558 31217 30803 28318 14390 0 0 0 28678 18356 26610 28992 30265 31072 31250 31364 31616 31634 31573 31929 32091 31928
17 86 50KHz 31752 31826 32276 33010 31963 31697 31605 31760 31474 31769 32009 32133 32665 31429 29128 18541 0 0 0 26495 13309 23649 28239 30168 31080 31557 31514 31037 31269 31965 32108 32041
18 86 50KHz 31707 32198 31932 32674 32216 32247 32231 32197 32426 32373 32146 32118 32375 32936 30292 27146 29291 0 0 0 27060 10834 22986 28762 29993 30986 31920 32064 31889 32727 32760 32321
19 86 50KHz 31605 32196 31821 32640 32197 32286 32270 32216 32513 32428 32149 32137 32443 33321 30577 29386 19850 26646 0 0 0 25708 9469 24604 27950 30298 31803 32123 31902 32804 32866 32332
20 86 50KHz 32302 32312 32238 32121 32345 32373 32411 32376 32430 32339 32248 32153 31958 31989 31910 30699 27212 13685 26654 0 0 0 26841 16433 24696 29587 31317 32001 32070 31980 32065 32146
21 87 50KHz 32905 32276 32731 31924 32390 32241 32297 32359 32009 32069 32319 32242 31804 30571 32890 31712 29449 23811 9607 25619 0 0 0 27755 11242 26489 30186 31353 31873 31155 31277 31928
22 87 50KHz 32995 32363 32754 31830 32462 32343 32412 32454 32135 32156 32371 32265 31743 30601 33083 31878 30673 28626 23024 10469 27074 0 0 0 27679 20449 29094 31207 31851 31057 31265 31955
23 87 50KHz 32463 32447 32273 31966 32468 32543 32610 32535 32677 32491 32328 32178 31827 32108 32312 31310 31266 30579 28723 24768 16759 27821 0 0 0 28660 26109 31072 31715 31788 32031 32175
24 87 50KHz 32657 32207 32632 32113 32342 32172 32206 32283 31982 32080 32309 32278 32023 31018 32747 32279 31525 31119 29867 27977 24902 11696 27536 0 0 0 30056 27313 30225 30614 31221 31855
25 87 50KHz 32685 32169 32688 32107 32348 32160 32202 32289 31933 32056 32336 32314 32078 30912 32855 32396 31684 31586 30940 30349 29854 26967 20891 28748 0 0 0 9075 26080 29177 30671 31633
26 87 50KHz 32126 32262 32153 32154 32387 32450 32495 32443 32575 32456 32325 32244 32106 32383 32118 31641 31755 31882 31942 31837 31349 30522 29231 26226 5718 0 0 0 29692 25836 30455 31532
27 88 50KHz 31131 31870 31641 32540 32168 32311 32298 32247 32520 32451 32238 32293 32675 33594 31219 31749 31767 31312 32085 32150 31995 31520 31245 31064 27486 8145 0 0 0 29046 25323 29875
28 88 50KHz 30286 31129 31579 32276 32065 32084 32096 32133 32107 32196 32222 32310 32610 32562 31648 32166 31793 31358 31806 31847 32090 31908 31890 31623 30339 25967 29546 0 0 0 28554 22354
29 88 50KHz 28219 30566 30791 31300 32294 32634 32800 32598 33114 32721 32219 31984 31570 33038 31763 30636 31814 32555 32782 32873 31789 31406 30968 31723 30585 28914 24855 28648 0 0 0 29008
30 88 50KHz 19465 27655 29614 30723 32127 32535 32732 32526 33075 32643 32106 31833 31300 32854 31818 30484 31862 32753 32841 32930 31742 31384 30974 31845 31039 30304 29769 23238 27393 0 0 0
31 88 50KHz 24108 27526 16910 27308 30875 31472 31854 31901 32015 31972 31890 31798 31656 31632 31809 31408 31723 31982 32076 32080 31865 31786 31698 31882 31629 31300 30947 28707 18574 27865 0 0
0 88 50KHz 0 0 27485 20965 29370 30458 30991 31352 30932 31413 31921 32153 32759 31298 31821 33145 31859 31069 31262 31187 32383 32614 33024 32301 32591 32604 31822 30655 29718 27548 19664 20344
1 88 50KHz 0 0 0 28320 25545 29872 31220 31573 31707 31876 31933 31972 32210 32185 31655 32074 31950 31733 32048 32051 32266 32230 32329 32347 32188 32129 32124 31674 30917 30086 27912 28392
2 89 50KHz 28218 0 0 0 29824 26072 30221 31120 30971 31419 31892 31949 31979 30388 32562 32715 32037 32103 31671 31588 32274 32550 32750 32117 32623 32669 31954 31455 31443 30602 29730 20286
3 89 50KHz 22496 28538 0 0 0 30357 28588 30858 31646 31831 31882 31656 30910 30751 32988 31430 32240 33328 32638 32592 31957 32032 31770 31901 32135 32111 32091 32512 32303 31195 30912 28470
4 89 50KHz 29925 25942 29855 0 0 0 9067 25702 29189 30669 31260 31485 31834 31674 31797 32180 32042 31894 32073 32060 32330 32347 32461 32380 32348 32351 32281 32043 31991 32145 32059 31304
5 89 50KHz 30911 30075 26358 30357 0 0 0 27806 18060 26745 29332 30421 31328 31857 31354 31904 31961 31742 32162 32205 32337 32257 32348 32487 32205 32185 32362 32210 32057 32481 32426 31757
6 89 50KHz 31446 31399 30507 28687 10777 0 0 0 4866 15875 25068 28616 30757 31781 31286 32072 32012 31668 32149 32182 32407 32326 32452 32540 32273 32261 32422 32209 32095 32631 32561 32082
7 89 50KHz 31811 31764 31398 30949 26399 28234 0 0 0 27121 12328 23236 28499 30595 31411 32037 32018 31860 32145 32165 32398 32374 32483 32475 32352 32353 32385 32204 32162 32459 32422 32148
8 89 50KHz 31433 31887 31261 31700 29471 18823 27914 0 0 0 25977 8099 23601 29982 30559 31441 31928 31722 32433 32515 32398 32180 32210 32658 32107 32053 32564 32497 32180 32982 32916 32274
9 90 50KHz 31787 32008 31640 31847 30821 26953 15730 26834 0 0 0 25957 12708 26187 30532 31308 31865 31950 32344 32389 32306 32195 32203 32462 32162 32142 32433 32420 32229 32605 32559 32207
10 90 50KHz 32201 32034 32046 31873 31369 29463 25109 11579 25723 0 0 0 26984 16756 29937 31185 31700 32032 32057 32064 32253 32321 32379 32262 32358 32360 32252 32174 32222 32097 32069 32095
11 90 50KHz 32318 32061 32044 31674 31562 30489 28572 22834 6788 25852 0 0 0 27832 26868 29991 31358 32140 32054 32085 32144 32234 32240 32140 32290 32309 32201 32266 32312 31955 31938 32035
12 90 50KHz 32767 32271 32058 30963 31858 31350 30713 28153 22840 11574 26633 0 0 0 17808 27141 30848 32887 32372 32406 31821 31921 31676 31805 32048 32053 32072 32688 32641 31585 31562 31932
13 90 50KHz 31015 32256 30076 30514 31551 31814 31703 29870 28915 23717 10425 25763 0 0 0 29731 27214 32152 33404 33867 31390 30575 29888 32170 30600 30336 32596 34121 32757 33482 33353 32110
14 90 50KHz 31878 31305 32446 32767 31433 30792 30625 30726 29545 29613 28985 25228 14165 0 0 0 10386 26735 28968 29530 31815 32392 33051 31838 32614 32698 31538 30409 31051 31116 31237 31591
15 90 50KHz 33306 31956 32790 31094 32065 31692 31835 31816 30960 30885 30908 29616 26434 30079 0 0 0 15246 25612 28515 30325 31312 31555 30837 32077 32194 31176 31389 31939 30093 30238 31409
16 91 50KHz 32170 31968 32166 32057 32043 31892 31934 31916 31696 31688 31620 31252 30628 27593 15221 0 0 0 28666 18184 26510 28950 30292 30861 31355 31493 31476 31544 31647 31503 31660 31835
17 91 50KHz 31406 31800 32045 33232 31907 31711 31592 31707 31583 31861 31968 32124 32883 32202 28607 18288 0 0 0 26516 13525 23228 28202 30391 30991 31447 31677 31137 31229 32386 32556 32158
18 91 50KHz 31713 32200 31923 32650 32212 32263 32239 32199 32416 32371 32146 32117 32372 32907 30285 27141 29236 0 0 0 26998 10462 22953 28766 30002 30993 31915 32069 31888 32670 32743 32318
19 91 50KHz 31614 32197 31823 32631 32194 32293 32263 32213 32513 32427 32152 32138 32433 33312 30607 29385 19685 26636 0 0 0 25620 9438 24606 27942 30307 31790 32122 31912 32782 32838 32329
20 91 50KHz 32516 32332 32378 32007 32384 32375 32427 32408 32365 32293 32277 32165 31856 31573 32202 30839 27187 13854 26677 0 0 0 26823 16300 24682 29639 31243 31978 32095 31788 31875 32105
21 91 50KHz 32783 32270 32655 31970 32384 32242 32299 32369 32052 32103 32312 32245 31879 30785 32761 31660 29458 23639 9583 25593 0 0 0 27764 11077 26468 30238 31383 31858 31228 31395 31958
22 91 50KHz 32989 32359 32767 31826 32471 32336 32415 32455 32128 32154 32372 32265 31751 30586 33101 31881 30687 28621 23029 10489 27091 0 0 0 27656 20440 29089 31198 31846 31054 31264 31952
23 92 50KHz 32447 32451 32269 31967 32466 32546 32610 32532 32660 32486 32331 32177 31822 32089 32306 31327 31188 30649 28727 24770 16719 27815 0 0 0 28678 26094 31074 31720 31788 32020 32174
24 92 50KHz 32639 32202 32637 32120 32344 32169 32211 32285 31988 32083 32313 32286 32066 31019 32769 32257 31527 31092 29866 27970 24866 11706 27490 0 0 0 30044 27311 30218 30600 31235 31855
25 92 50KHz 32677 32168 32679 32102 32356 32154 32203 32293 31937 32061 32341 32323 32089 30849 32881 32381 31673 31585 30935 30350 29846 26968 20834 28749 0 0 0 8926 26065 29176 30689 31633
26 92 50KHz 32139 32261 32154 32148 32387 32448 32491 32440 32579 32454 32323 32242 32096 32393 32111 31656 31756 31880 31932 31817 31366 30493 29263 26212 5530 0 0 0 29685 25801 30433 31522
27 92 50KHz 31122 31870 31635 32544 32164 32312 32298 32246 32527 32461 32237 32291 32675 33615 31188 31751 31767 31310 32090 32158 32009 31490 31251 31047 27471 7729 0 0 0 29036 25295 29864
28 92 50KHz 30289 31133 31586 32267 32059 32082 32097 32133 32107 32189 32221 32311 32608 32552 31663 32157 31793 31357 31816 31854 32081 31924 31879 31629 30336 25958 29530 0 0 0 28548 22325
29 93 50KHz 28216 30568 30763 31307 32280 32653 32798 32597 33105 32718 32219 31975 31561 33047 31742 30666 31800 32593 32782 32864 31838 31300 31034 31726 30594 28933 24800 28635 0 0 0 28988
30 93 50KHz 19430 27647 29615 30722 32113 32540 32722 32516 33072 32638 32109 31826 31308 32878 31785 30520 31829 32788 32852 32908 31793 31285 31044 31851 31054 30315 29744 23216 27391 0 0 0
31 93 50KHz 24049 27519 16871 27283 30872 31471 31856 31898 32015 31974 31892 31798 31655 31806 31793 31411 31715 32029 32089 32087 31875 31761 31723 31877 31634 31304 30945 28667 18541 27855 0 0
0 93 50KHz 0 0 27477 20920 29371 30447 30995 31362 30939 31421 31912 32164 32761 31275 31841 33123 31919 30999 31264 31211 32329 32713 32964 32306 32578 32600 31831 30646 29710 27456 19584 20352
1 93 50KHz 0 0 0 28310 25497 29860 31219 31574 31710 31876 31933 31972 32222 32188 31664 32072 31960 31749 32049 32055 32258 32242 32325 32353 32188 32133 32119 31675 30916 30260 27825 28404
2 93 50KHz 28218 0 0 0 29816 26061 30222 31133 30972 31412 31893 31956 31977 30456 32597 32709 32083 31984 31680 31595 32243 32621 32716 32145 32619 32674 31957 31446 31451 30570 29762 20245
3 93 50KHz 22452 28521 0 0 0 30358 28590 30863 31654 31832 31895 31656 30914 30770 32977 31429 32204 33374 32640 32583 31983 31982 31798 31900 32129 32110 32093 32519 32292 31192 30921 28443
4 94 50KHz 29923 25973 29852 0 0 0 9321 25719 29186 30676 31260 31485 31813 31650 31809 32193 32076 31878 32073 32062 32315 32371 32448 32380 32351 32346 32276 32042 31998 32133 32050 31273
5 94 50KHz 30904 30071 26327 30350 0 0 0 27808 18109 26755 29333 30428 31339 31888 31359 31917 31969 31719 32165 32198 32334 32256 32343 32466 32206 32184 32364 32213 32060 32483 32409 31738
6 94 50KHz 31459 31396 30510 28700 10776 0 0 0 4831 15883 25087 28611 30773 31781 31302 32083 32028 31656 32151 32185 32403 32345 32453 32542 32273 32263 32417 32208 32096 32624 32551 32081
7 94 50KHz 31804 31763 31408 30950 26430 28233 0 0 0 27121 12354 23272 28513 30560 31423 32056 32032 31839 32147 32159 32383 32389 32490 32470 32353 32359 32385 32199 32168 32449 32408 32138
8 94 50KHz 31422 31890 31259 31721 29481 18878 27942 0 0 0 25983 8214 23642 30045 30579 31415 31909 31728 32436 32524 32418 32149 32216 32656 32106 32048 32569 32504 32176 32987 32928 32278
9 94 50KHz 31786 32010 31637 31832 30829 26950 15762 26797 0 0 0 25970 12770 26236 30538 31284 31852 31958 32338 32392 32337 32153 32208 32461 32169 32140 32438 32423 32229 32573 32570 32211
10 94 50KHz 32180 32035 32038 31881 31367 29473 25110 11577 25745 0 0 0 26991 16830 29933 31195 31713 32022 32060 32070 32217 32359 32376 32266 32350 32370 32250 32177 32221 32101 32100 32091
11 95 50KHz 32312 32062 32044 31677 31559 30495 28580 22834 6781 25857 0 0 0 27841 26903 29998 31359 32134 32055 32086 32129 32249 32227 32142 32292 32312 32196 32262 32309 31953 31922 32034
12 95 50KHz 32761 32268 32051 30980 31843 31365 30698 28143 22836 11577 26635 0 0 0 17851 27134 30820 32924 32360 32408 31928 31813 31688 31799 32048 32056 32080 32687 32640 31588 31576 31963
13 95 50KHz 31041 32262 30038 30561 31490 31836 31695 29842 28941 23684 10335 25758 0 0 0 29729 27122 32249 33407 33889 31958 29956 29920 32163 30607 30326 32599 34136 32767 33429 33318 32161
14 95 50KHz 31914 31311 32490 32701 31469 30792 30623 30735 29515 29597 29043 25300 14128 0 0 0 10227 26974 28924 29488 31393 32826 33033 31854 32638 32751 31521 30395 31051 31095 31207 31547
15 95 50KHz 33194 31951 32760 31130 32061 31697 31840 31814 30985 30908 30911 29578 26441 30079 0 0 0 15346 25611 28537 30197 31443 31556 30879 32060 32178 31215 31390 31920 30163 30321 31415
16 95 50KHz 32049 31946 32099 32121 32021 31895 31923 31898 31728 31712 31606 31240 30658 27814 14937 0 0 0 28665 18219 26509 29018 30283 30932 31321 31444 31517 31568 31623 31557 31790 31859
17 95 50KHz 31527 31815 32139 33144 31946 31709 31593 31742 31543 31812 31991 32134 32815 31906 28785 18314 0 0 0 26513 13428 23493 28215 30329 31009 31491 31621 31105 31251 32265 32379 32102
18 96 50KHz 31727 32202 31927 32653 32211 32271 32240 32201 32425 32372 32146 32116 32374 32972 30279 27148 29262 0 0 0 27045 10698 22959 28769 29988 30987 31913 32071 31895 32676 32737 32324
19 96 50KHz 31571 32199 31824 32639 32193 32291 32269 32211 32517 32423 32149 32133 32440 33437 30585 29380 19772 26599 0 0 0 25692 9483 24617 27937 30302 31793 32129 31915 32797 32834 32338
20 96 50KHz 32307 32321 32236 32121 32344 32370 32412 32372 32430 32341 32247 32151 31962 32012 31885 30711 27135 13597 26655 0 0 0 26838 16480 24644 29581 31331 32029 32063 32020 32104 32163
21 96 50KHz 32981 32278 32789 31835 32407 32239 32302 32370 31971 32040 32332 32247 31757 30305 33072 31755 29469 23908 9709 25566 0 0 0 27739 11043 26493 30133 31307 31871 30985 31174 31884
22 96 50KHz 32979 32356 32761 31833 32465 32337 32413 32454 32139 32161 32375 32267 31756 30589 33094 31881 30680 28613 23024 10427 27121 0 0 0 27642 20449 29095 31202 31833 31082 31302 31955
23 96 50KHz 32462 32447 32261 31987 32463 32540 32614 32526 32665 32495 32326 32175 31831 32118 32297 31339 31248 30600 28732 24778 16930 27818 0 0 0 28675 26103 31078 31724 31787 32028 32188
24 97 50KHz 32644 32206 32626 32113 32342 32174 32211 32290 31989 32084 32316 32288 32057 31019 32775 32245 31463 31148 29861 27962 24891 11815 27469 0 0 0 30042 27285 30218 30613 31246 31850
25 97 50KHz 32679 32169 32697 32093 32355 32159 32205 32296 31934 32058 32345 32327 32078 30832 32893 32367 31636 31637 30937 30343 29781 27053 20799 28751 0 0 0 8934 26049 29179 30697 31625
26 97 50KHz 32131 32261 32152 32155 32386 32443 32491 32438 32559 32454 32322 32241 32069 32388 32113 31663 31793 31851 31931 31829 31412 30443 29276 26208 5933 0 0 0 29676 25772 30427 31527
27 97 50KHz 31134 31875 31639 32555 32169 32315 32299 32235 32529 32468 32236 32291 32675 33636 31179 31750 31797 31296 32087 32164 32049 31453 31264 31036 27487 7811 0 0 0 29024 25267 29864
28 97 50KHz 30293 31131 31586 32268 32067 32090 32098 32137 32114 32189 32223 32313 32606 32552 31652 32167 31786 31366 31816 31852 32059 31961 31869 31631 30338 25961 29514 0 0 0 28537 22280
29 97 50KHz 28203 30561 30778 31319 32275 32643 32784 32583 33112 32727 32222 31976 31581 33072 31795 30589 31850 32540 32771 32861 32041 31031 31095 31730 30597 28921 24746 28618 0 0 0 28979
30 97 50KHz 19390 27636 29597 30766 32109 32519 32718 32501 33053 32642 32117 31837 31333 32859 31877 30421 31880 32725 32826 32901 32016 31004 31116 31862 31069 30338 29773 23184 27396 0 0 0
31 98 50KHz 23977 27514 16847 27337 30885 31477 31858 31897 32038 31991 31894 31803 31683 31908 31777 31380 31713 32067 32084 32115 31930 31695 31734 31902 31630 31299 30957 28669 18509 27844 0 0
0 98 50KHz 0 0 27472 20871 29412 30479 31006 31382 30943 31412 31908 32149 32733 31247 31772 33224 31969 31013 31287 31238 32072 33017 32914 32290 32577 32597 31822 30654 29735 27524 19523 20267
1 98 50KHz 0 0 0 28308 25513 29867 31224 31594 31706 31877 31938 31971 32211 32199 31653 32087 31964 31737 32050 32063 32231 32269 32315 32348 32187 32134 32121 31679 30919 30257 27835 28374
2 98 50KHz 28207 0 0 0 29813 26039 30220 31132 30931 31409 31889 31950 31973 30398 32549 32782 32103 31981 31679 31587 32079 32818 32698 32099 32621 32678 31953 31437 31451 30554 29765 20224
3 98 50KHz 22413 28519 0 0 0 30354 28580 30853 31668 31848 31889 31660 30937 30863 32957 31400 32191 33345 32646 32591 32101 31828 31820 31936 32125 32102 32086 32527 32283 31227 30961 28458
4 98 50KHz 29948 25887 29845 0 0 0 9221 25708 29181 30675 31264 31489 31808 31650 31830 32189 32063 31883 32071 32057 32259 32436 32445 32369 32356 32360 32272 32042 32001 32120 32034 31277
5 98 50KHz 30911 30051 26315 30344 0 0 0 27809 18096 26756 29336 30429 31337 31853 31361 31914 31970 31743 32170 32202 32321 32269 32341 32462 32207 32182 32359 32216 32064 32479 32401 31759
6 99 50KHz 31456 31401 30508 28684 10752 0 0 0 4815 15853 25075 28601 30752 31799 31324 32074 32025 31655 32150 32190 32371 32371 32445 32535 32277 32264 32416 32209 32099 32621 32552 32089
7 99 50KHz 31808 31783 31412 30931 26422 28225 0 0 0 27122 12344 23247 28486 30582 31428 32040 32027 31847 32149 32163 32345 32439 32473 32466 32357 32361 32384 32206 32170 32500 32401 32143
8 99 50KHz 31436 31894 31250 31705 29467 18820 27944 0 0 0 25988 8207 23606 30038 30502 31440 31924 31725 32438 32512 32470 32077 32235 32659 32110 32053 32567 32503 32193 32981 32915 32276
9 99 50KHz 31781 32009 31626 31865 30822 26957 15509 26802 0 0 0 25960 12703 26243 30494 31301 31863 31943 32334 32396 32355 32121 32219 32463 32169 32137 32435 32427 32229 32620 32571 32217
10 99 50KHz 32204 32037 32062 31868 31376 29467 25114 11625 25753 0 0 0 26975 16736 29967 31219 31703 32042 32054 32058 32199 32380 32369 32259 32351 32381 32247 32171 32224 32076 32074 32094
11 99 50KHz 32331 32061 32075 31675 31567 30496 28575 22823 6794 25866 0 0 0 27827 26866 29985 31362 32152 32050 32082 32123 32259 32242 32132 32294 32320 32193 32262 32291 31930 31921 32034
12 99 50KHz 32756 32270 32045 31027 31847 31354 30702 28137 22884 11618 26635 0 0 0 17851 27145 30846 32898 32361 32406 31954 31746 31728 31803 32056 32057 32085 32689 32646 31589 31578 31930
13 100 50KHz 31060 32277 30001 30585 31505 31852 31724 29825 28945 23728 10309 25729 0 0 0 29718 27207 32178 33464 33902 32116 29589 30119 32166 30599 30311 32589 34159 32795 33451 33326 32147
14 100 50KHz 31921 31306 32544 32695 31467 30784 30622 30759 29489 29593 29063 25303 14162 0 0 0 10130 27011 28902 29484 31302 33072 32923 31827 32639 32774 31516 30377 31050 31083 31172 31558
15 100 50KHz 33164 31947 32741 31154 32063 31693 31837 31815 30987 30914 30915 29615 26419 30073 0 0 0 15319 25611 28541 30177 31520 31512 30884 32051 32169 31232 31410 31928 30243 30363 31429
16 100 50KHz 32000 31943 32061 32149 32011 31890 31923 31891 31745 31716 31597 31239 30718 27961 14799 0 0 0 28667 18231 26524 29022 30248 30959 31301 31425 31540 31581 31613 31705 31843 31873
17 100 50KHz 31569 31816 32176 33103 31947 31709 31598 31748 31530 31813 32001 32141 32790 31965 28847 18309 0 0 0 26504 13382 23584 28124 30293 31017 31468 31603 31091 31253 32204 32347 32097
18 100 50KHz 31746 32207 31929 32652 32210 32263 32239 32199 32425 32372 32145 32116 32370 32967 30253 27133 29256 0 0 0 27044 10630 22912 28763 29978 30991 31909 32073 31898 32668 32729 32325
19 101 50KHz 31627 32203 31827 32640 32187 32295 32272 32211 32518 32420 32149 32136 32434 33431 30558 29382 19776 26607 0 0 0 25701 9356 24607 27925 30302 31790 32129 31918 32790 32827 32333
20 101 50KHz 32291 32314 32219 32140 32339 32367 32406 32374 32439 32346 32242 32149 31973 32054 31854 30680 27124 13557 26639 0 0 0 26818 16490 24610 29570 31341 32010 32063 32048 32123 32163
21 101 50KHz 33021 32280 32847 31800 32423 32226 32304 32383 31945 32026 32343 32256 31730 30149 33210 31782 29501 23949 9619 25631 0 0 0 27723 10961 26507 30111 31293 31878 30921 31122 31870
22 101 50KHz 32954 32356 32740 31861 32467 32336 32426 32452 32153 32169 32374 32270 31784 30633 33066 31872 30677 28571 23018 10499 27148 0 0 0 27628 20418 29126 31222 31841 31122 31348 31967
23 101 50KHz 32461 32451 32258 31997 32460 32543 32609 32527 32668 32498 32325 32174 31830 32139 32290 31329 31225 30619 28735 24805 16998 27805 0 0 0 28682 26139 31090 31720 31804 32039 32180
24 101 50KHz 32635 32201 32635 32105 32349 32169 32212 32290 31991 32082 32316 32293 32064 31012 32773 32242 31514 31104 29866 27953 24861 11705 27445 0 0 0 30051 27319 30206 30614 31251 31854
25 101 50KHz 32663 32161 32698 32095 32362 32153 32207 32299 31934 32055 32344 32326 32082 30811 32881 32386 31680 31585 30938 30364 29801 27088 20762 28750 0 0 0 9131 26057 29171 30700 31626
26 102 50KHz 32127 32261 32148 32165 32382 32443 32488 32429 32557 32454 32321 32243 32107 32398 32112 31654 31748 31892 31928 31824 31435 30425 29287 26243 5991 0 0 0 29658 25737 30419 31515
27 102 50KHz 31123 31877 31610 32553 32163 32324 32298 32245 32531 32471 32238 32291 32679 33666 31167 31751 31754 31316 32089 32158 32065 31435 31269 31045 27500 7591 0 0 0 29007 25236 29846
28 102 50KHz 30280 31128 31588 32269 32069 32090 32104 32140 32106 32191 32225 32314 32603 32563 31655 32160 31809 31358 31822 31858 32052 31963 31872 31631 30340 25952 29496 0 0 0 28531 22242
29 102 50KHz 28183 30555 30758 31342 32258 32658 32795 32587 33111 32727 32209 31968 31572 33086 31737 30686 31763 32609 32769 32851 32027 31051 31098 31749 30599 28923 24746 28609 0 0 0 28959
30 102 50KHz 19358 27636 29589 30786 32092 32527 32708 32498 33084 32636 32099 31822 31339 32843 31773 30576 31826 32775 32811 32882 31992 31023 31127 31876 31074 30341 29741 23183 27402 0 0 0
31 102 50KHz 23953 27517 16871 27292 30872 31474 31859 31902 32029 31982 31894 31798 31664 31829 31812 31418 31724 32031 32083 32085 31916 31701 31729 31891 31635 31306 30924 28669 18518 27837 0 0
0 102 50KHz 0 0 27474 20847 29393 30461 31008 31386 30954 31428 31937 32177 32753 31295 31871 33069 31842 31099 31287 31240 32120 32973 32900 32271 32568 32587 31836 30659 29715 27547 19528 20295
1 103 50KHz 0 0 0 28296 25493 29859 31224 31580 31716 31883 31938 31980 32211 32204 31654 32060 31948 31759 32058 32066 32238 32263 32311 32350 32185 32119 32120 31685 30919 30266 27819 28361
2 103 50KHz 28208 0 0 0 29809 26025 30212 31133 30960 31409 31909 31966 31968 30363 32650 32696 31987 32123 31682 31596 32100 32803 32679 32096 32622 32679 31963 31438 31451 30550 29757 20201
3 103 50KHz 22354 28509 0 0 0 30353 28594 30863 31665 31844 31880 31652 30948 30840 32919 31446 32284 33237 32643 32594 32085 31864 31827 31934 32127 32100 32109 32528 32278 31238 30899 28424
4 103 50KHz 29928 25954 29846 0 0 0 9093 25709 29182 30667 31266 31491 31804 31621 31841 32187 32018 31930 32065 32057 32270 32428 32448 32371 32356 32363 32276 32036 31999 32113 32033 31277
5 103 50KHz 30924 30070 26307 30337 0 0 0 27804 18071 26747 29329 30422 31330 31894 31351 31902 31957 31744 32175 32207 32324 32262 32340 32471 32204 32179 32373 32222 32068 32489 32405 31754
6 103 50KHz 31454 31424 30510 28666 10596 0 0 0 4813 15842 25059 28591 30744 31791 31304 32066 32000 31681 32154 32182 32377 32366 32435 32534 32275 32264 32418 32210 32100 32616 32552 32082
7 104 50KHz 31808 31767 31415 30930 26412 28215 0 0 0 27119 12307 23224 28473 30563 31435 32032 31999 31865 32143 32163 32354 32438 32466 32467 32356 32367 32384 32204 32169 32441 32404 32142
8 104 50KHz 31439 31896 31256 31705 29459 18821 27940 0 0 0 25977 8046 23587 30041 30509 31451 31956 31686 32437 32515 32458 32087 32237 32650 32113 32053 32563 32504 32181 32976 32908 32282
9 104 50KHz 31787 32003 31628 31857 30819 26956 15718 26796 0 0 0 25941 12657 26222 30496 31306 31888 31926 32335 32395 32345 32132 32223 32475 32171 32139 32433 32419 32231 32616 32555 32210
10 104 50KHz 32207 32037 32079 31865 31380 29465 25106 11587 25753 0 0 0 26962 16700 29996 31178 31681 32072 32053 32073 32206 32378 32375 32254 32361 32383 32246 32169 32208 32080 32068 32092
11 104 50KHz 32329 32081 32063 31667 31567 30489 28580 22822 6726 25861 0 0 0 27818 26889 29981 31357 32149 32054 32077 32124 32261 32227 32109 32296 32322 32191 32260 32317 31936 31915 32030
12 104 50KHz 32756 32267 32043 30999 31847 31353 30697 28140 22820 11530 26628 0 0 0 17833 27062 30893 32839 32357 32407 31932 31776 31733 31805 32046 32052 32085 32691 32648 31591 31579 31937
13 104 50KHz 31082 32288 29979 30589 31493 31869 31724 29825 28952 23713 10199 25709 0 0 0 29724 27380 32099 33459 33904 31945 29739 30136 32203 30601 30301 32588 34180 32798 33489 33282 32157
14 105 50KHz 31909 31298 32583 32686 31478 30787 30612 30762 29481 29581 29139 25338 14135 0 0 0 10030 27038 28901 29472 31414 32985 32944 31843 32645 32781 31508 30370 31057 31046 31186 31553
15 105 50KHz 33139 31936 32731 31161 32062 31683 31837 31818 30994 30921 30915 29610 26426 30080 0 0 0 15353 25615 28551 30217 31475 31506 30887 32029 32160 31242 31418 31927 30194 30376 31431
16 105 50KHz 31966 31936 32025 32176 32000 31886 31910 31879 31766 31736 31585 31227 30754 28184 14671 0 0 0 28670 18266 26546 28975 30244 31000 31275 31392 31565 31605 31599 31807 31956 31905
17 105 50KHz 31642 31819 32243 33039 31951 31702 31600 31763 31483 31789 32017 32151 32746 31649 28989 18371 0 0 0 26496 13372 23515 28131 30235 31025 31520 31563 31070 31265 32093 32213 32139
18 105 50KHz 31739 32211 31929 32651 32208 32273 32241 32199 32429 32375 32142 32113 32378 32979 30248 27137 29267 0 0 0 27030 10608 22922 28768 29974 30982 31910 32075 31900 32679 32746 32312
19 105 50KHz 31640 32208 31831 32632 32195 32301 32268 32212 32506 32425 32146 32132 32434 33302 30556 29391 19843 26616 0 0 0 25649 9398 24608 27913 30316 31785 32131 31919 32785 32827 32314
20 105 50KHz 32339 32319 32261 32111 32352 32365 32415 32379 32417 32335 32251 32152 31944 31901 32010 30725 27182 13685 26664 0 0 0 26819 16465 24604 29588 31310 32006 32074 31979 32067 32134
21 106 50KHz 32980 32273 32809 31840 32424 32222 32303 32378 31971 32045 32343 32256 31764 30280 33105 31755 29463 23951 9846 25623 0 0 0 27730 11061 26453 30132 31316 31873 30987 31162 31912
22 106 50KHz 32916 32347 32726 31874 32464 32334 32416 32449 32160 32175 32375 32271 31792 30686 33051 31840 30673 28589 23055 10545 27129 0 0 0 27609 20302 29127 31236 31842 31147 31365 31985
23 106 50KHz 32460 32451 32251 32009 32463 32542 32608 32524 32668 32496 32318 32171 31841 32144 32310 31345 31276 30577 28736 24803 17023 27797 0 0 0 28660 26169 31102 31735 31824 32066 32156
24 106 50KHz 32636 32204 32638 32111 32346 32163 32204 32291 31995 32087 32323 32292 32063 31008 32795 32232 31482 31142 29868 27938 24808 11668 27422 0 0 0 30060 27350 30244 30614 31248 31877
25 106 50KHz 32665 32160 32707 32088 32357 32145 32204 32299 31935 32057 32352 32331 32075 30800 32934 32346 31619 31647 30899 30354 29779 27001 20632 28729 0 0 0 9067 26044 29143 30679 31649
26 106 50KHz 32124 32258 32139 32170 32382 32444 32489 32433 32558 32455 32318 32236 32109 32418 32082 31664 31790 31820 31925 31830 31404 30418 29281 26306 6389 0 0 0 29637 25695 30425 31490
27 107 50KHz 31107 31874 31623 32576 32162 32321 32288 32238 32530 32469 32231 32291 32706 33722 31118 31771 31834 31236 32107 32179 32047 31485 31313 31129 27727 8665 0 0 0 29003 25298 29844
28 107 50KHz 30291 31125 31603 32250 32070 32089 32099 32141 32100 32182 32227 32312 32595 32515 31678 32172 31745 31453 31814 31850 32084 31947 31877 31646 30402 25898 29458 0 0 0 28544 22255
29 107 50KHz 28080 30534 30688 31387 32263 32651 32782 32567 33139 32746 32199 31964 31596 33242 31636 30681 32078 32244 32834 32915 31971 31102 31120 31767 30591 28855 24799 28646 0 0 0 28933
30 107 50KHz 19148 27571 29486 30840 32085 32521 32693 32480 33082 32664 32086 31817 31383 33080 31641 30557 32110 32387 32896 32956 31868 31150 31141 31897 31039 30262 29812 23310 27435 0 0 0
31 107 50KHz 23993 27499 16849 27255 30891 31475 31865 31913 32004 31964 31903 31799 31604 31635 31927 31451 31784 32043 32078 32072 31886 31733 31740 31850 31655 31308 30902 28640 18507 27826 0 0
