
0 6592 50KHz 0 0 29322 30904 7838 27348 14060 25136 23540 29744 27166 25110 26948 30714 22646 32906 24799 26373 25931 30306 30972 23472 28501 26205 30027 29014 29974 25236 26043 25169 29730 9146
1 6595 50KHz 0 0 0 28335 31099 22658 27813 26962 28297 26601 27852 28876 28111 26716 30503 25575 29898 29065 29421 26878 26135 30644 27706 28983 25973 25733 24490 27219 25137 14161 30518 30110
2 6598 50KHz 29622 0 0 0 27301 31206 12777 23898 23906 28191 26881 26008 27244 29663 25332 30226 26794 27309 27195 29297 30869 25159 28565 27294 29463 28344 29472 26815 27775 26915 26337 22267
3 6601 50KHz 31495 29077 0 0 0 28382 29251 18918 20582 27903 26168 24597 26321 29231 22712 33208 24854 27044 26669 30500 27688 26820 28793 27210 29270 29678 29124 26880 27082 30189 26098 23520
4 6604 50KHz 13278 31275 27701 0 0 0 27938 30973 23793 25045 26818 28191 28518 27810 31092 25387 31158 29635 30117 27705 29962 29579 28906 29907 28270 27276 27782 29486 29181 22829 26483 31511
5 6608 50KHz 30403 25145 23002 28834 0 0 0 26965 30222 23000 23177 22559 25520 29078 22697 31627 26076 27108 26818 30486 30209 25446 29122 27286 30152 29595 30323 27171 28293 30405 29065 25148
6 6611 50KHz 18880 28544 17327 29334 27340 0 0 0 29725 18702 26130 29303 29056 27217 33216 25868 31647 30876 31553 27864 27924 33291 29530 31597 28096 28386 27555 31553 30122 25022 27466 34914
7 6614 50KHz 26766 27525 25082 18948 30728 25452 0 0 0 28544 30928 20698 23853 26421 24973 28963 26661 27673 27901 28827 27842 28492 28697 28518 28642 28795 28556 28586 28471 28410 27969 28804
8 6617 50KHz 25337 28624 24965 20591 22266 29815 28847 0 0 0 29151 15893 23710 25787 26715 26943 28201 28311 28739 28322 28773 28966 28836 29192 28650 28423 28552 29286 29149 27217 28481 30528
9 6621 50KHz 31134 27263 29319 29099 24548 23853 31135 28570 0 0 0 26970 30468 21515 17000 29429 22536 25059 25423 29133 28296 25295 28317 26847 29260 29030 29518 27106 27993 30102 28868 25862
10 6624 50KHz 29237 28827 28507 27621 26910 24350 25419 31195 29513 0 0 0 28127 30940 17610 27069 24458 26276 26976 28935 28913 27202 28947 28361 29459 29169 29600 28647 29131 29221 29405 28661
11 6627 50KHz 27231 29706 27483 25640 28123 22906 28530 21868 16958 26957 0 0 0 28363 30786 24151 25293 26914 28004 28482 28218 29223 29155 29445 29067 29120 29043 29757 29573 28478 29103 30805
12 6630 50KHz 28624 28964 28434 27215 28364 25914 28283 24843 24509 30651 27509 0 0 0 27766 31311 20387 24326 26103 28173 27397 27898 28717 28512 28973 29099 29070 28961 29032 29138 28978 29423
13 6633 50KHz 31608 27917 30517 30091 27921 29840 26762 27716 27036 24173 31069 28422 0 0 0 28718 30144 18462 22132 27694 24690 26210 28007 26874 28733 29457 29012 27631 27895 31025 28345 26459
14 6637 50KHz 24904 31024 26730 23337 31152 22574 32879 25624 27323 18238 16455 30573 27245 0 0 0 29385 21374 27605 27192 26380 32400 29402 31117 28397 29225 28129 31486 30105 27859 28549 33708
15 6640 50KHz 33301 26825 30763 33708 25387 32049 25440 29785 27731 30853 28081 25562 21894 28994 0 0 0 26111 29924 22238 23633 17732 25952 23306 28993 28043 29986 25002 27317 29971 29618 23352
16 6643 50KHz 27283 30836 28484 26289 31418 26921 31497 27924 29206 24668 25301 25777 21707 30227 29297 0 0 0 29300 20392 22632 29070 28446 29669 28487 29338 28567 30761 30002 29062 29033 32424
17 6646 50KHz 27968 29739 28332 27663 29555 27249 30421 28244 28753 26072 26282 26732 24556 18164 31370 25041 0 0 0 28897 30787 21812 26122 26719 27929 28127 28594 28827 29152 28386 29158 30160
18 6649 50KHz 27296 29905 27990 26983 29895 26574 31097 28198 28935 25974 26617 27479 25815 21310 26045 29558 28016 0 0 0 28327 17501 24528 26109 27280 27842 28127 29025 29101 28099 28906 30700
19 6653 50KHz 31017 27576 29824 30776 27303 30574 26949 29120 28490 29646 28820 28232 28245 28000 26345 22858 31180 28474 0 0 0 27471 30910 18429 25500 26483 27691 25293 27023 29343 28399 25655
20 6656 50KHz 31588 26603 31328 28022 29394 30688 26229 28104 28852 29217 29095 27969 27670 25021 25672 24972 21159 30877 28667 0 0 0 28888 14426 21511 27570 24559 26543 25105 32715 24380 26098
21 6659 50KHz 25237 31148 26170 27138 29565 24958 33349 28761 29206 25714 26811 28832 27663 25815 31756 17178 27783 21136 17025 27244 0 0 0 28246 31530 23409 27776 27465 29887 24937 30893 31893
22 6662 50KHz 29255 28181 28987 28897 28408 28885 28656 28798 28826 28593 28585 28665 28475 27854 28716 26101 27219 25732 24551 30949 28257 0 0 0 29860 20456 24080 24441 26222 28320 27641 27223
23 6666 50KHz 26529 29223 27323 26611 29411 26130 31199 28247 28968 26482 27446 28614 27753 25732 30415 21582 28092 25285 24934 15750 30442 26393 0 0 0 29106 31156 21810 25819 26035 27548 29319
24 6669 50KHz 29869 25892 29233 28660 27086 29466 26353 28173 28086 28969 28604 28038 28194 28023 27215 28782 26750 27051 26617 25395 19933 31201 29459 0 0 0 28426 30407 19521 27270 23903 23485
25 6672 50KHz 29309 26137 28483 29500 26360 29126 27163 28698 28192 29056 28573 28437 28651 29270 28372 28146 28181 27631 27579 26762 27553 22088 20674 29342 0 0 0 26766 30618 23591 23891 22471
26 6675 50KHz 29972 25595 29608 28959 27314 30005 26603 28670 28585 29673 29264 28610 28867 28923 27722 30289 27667 28486 28223 28372 25080 27506 25081 31462 29027 0 0 0 28737 22656 20473 21799
27 6678 50KHz 25702 28112 27178 26493 29366 26369 31379 28595 29344 27120 28121 29276 28568 26977 31129 24253 29987 28381 28798 25057 26469 26577 24278 22206 30513 26085 0 0 0 29495 31208 24561
28 6682 50KHz 25393 25239 27424 25885 28291 27052 28932 27859 28614 27452 28128 28496 28089 26656 29147 26341 28547 28262 28369 26416 24141 28949 25531 25600 19576 30384 27571 0 0 0 28715 16526
29 6685 50KHz 23430 31028 26194 28930 21031 29215 23136 27948 26619 29627 28176 27463 28369 30688 26735 29809 27726 27617 27573 29126 32695 23927 28242 26468 28287 24260 22699 29353 0 0 0 27016
30 6688 50KHz 29840 30843 26068 24852 25717 28111 26216 27726 28265 28714 28774 28355 28438 27730 27882 29501 27825 28717 28597 28498 24295 30535 27735 27954 25093 24597 20053 31159 28873 0 0 0
31 6691 50KHz 21199 30441 21806 21594 32584 22997 36769 28622 30848 24986 27834 30541 28872 24589 34391 20458 32458 29774 30580 24291 25966 31469 26494 29072 23003 21019 19075 22303 13188 25439 0 0
0 12774 50KHz 0 0 29332 30926 7841 27466 13940 25201 23527 29794 27154 25092 26971 30729 22594 32892 24921 26232 25868 30350 31062 23320 28539 26135 30036 29053 30009 25247 26061 25316 29787 9230
1 12777 50KHz 0 0 0 28362 31122 22639 27945 26953 28324 26573 27859 28880 28105 26669 30534 25582 29829 29140 29442 26853 26041 30741 27677 29017 25962 25722 24487 27228 25167 14138 30538 30156
2 12780 50KHz 29639 0 0 0 27308 31217 12803 23965 23921 28206 26869 26009 27269 29680 25365 30136 26888 27247 27175 29293 31040 25014 28586 27260 29473 28330 29493 26816 27798 26878 26358 22421
3 12783 50KHz 31505 29093 0 0 0 28408 29265 18977 20655 27947 26181 24605 26342 29181 22597 33282 24951 26892 26657 30558 27523 26889 28825 27179 29254 29718 29088 26863 27030 30303 26060 23489
4 12787 50KHz 13224 31292 27701 0 0 0 27967 30979 23806 25033 26814 28189 28510 27803 31141 25387 31061 29718 30109 27677 30000 29565 28882 29925 28263 27276 27787 29505 29207 22775 26564 31607
5 12790 50KHz 30508 25124 23063 28881 0 0 0 26986 30232 23058 23180 22551 25538 29026 22640 31725 26114 26962 26775 30538 30157 25408 29144 27236 30134 29626 30301 27161 28242 30496 28950 25142
6 12793 50KHz 18820 28661 17341 29358 27381 0 0 0 29732 18670 26111 29307 29034 27258 33253 25768 31613 30997 31591 27807 28029 33272 29503 31638 28135 28358 27616 31564 30198 24917 27701 34934
7 12796 50KHz 26835 27517 25153 19057 30741 25486 0 0 0 28544 30926 20672 23842 26393 24891 29008 26670 27617 27891 28855 27775 28512 28702 28502 28646 28820 28560 28573 28456 28467 27986 28757
8 12799 50KHz 25361 28659 24986 20717 22331 29838 28868 0 0 0 29146 15880 23700 25787 26698 26941 28190 28314 28731 28325 28841 28917 28836 29192 28671 28431 28582 29284 29175 27203 28553 30535
9 12803 50KHz 31199 27248 29340 29175 24574 23968 31134 28583 0 0 0 26981 30474 21444 16940 29461 22656 24922 25415 29190 28251 25295 28352 26829 29257 29066 29510 27116 27974 30174 28790 25868
10 12806 50KHz 29239 28841 28498 27664 26936 24387 25411 31198 29512 0 0 0 28135 30930 17623 27065 24553 26204 26987 28965 28914 27206 28969 28363 29462 29188 29604 28665 29135 29241 29388 28705
11 12809 50KHz 27246 29730 27504 25691 28143 22943 28543 21892 16983 26967 0 0 0 28351 30784 24169 25311 26892 28012 28497 28246 29226 29163 29456 29086 29133 29069 29764 29588 28480 29164 30804
12 12812 50KHz 28675 28970 28472 27270 28382 25976 28273 24875 24519 30660 27525 0 0 0 27765 31315 20454 24235 26105 28207 27381 27907 28736 28508 28990 29123 29092 28964 29035 29176 29002 29407
13 12816 50KHz 31631 27908 30538 30067 27937 29813 26823 27713 27049 24129 31063 28412 0 0 0 28725 30172 18262 22182 27767 24625 26278 28053 26882 28745 29480 29017 27635 27893 31063 28332 26448
14 12819 50KHz 24885 31050 26783 23267 31212 22550 32903 25558 27316 18171 16422 30570 27234 0 0 0 29396 21470 27687 27182 26262 32547 29385 31174 28399 29238 28124 31503 30124 27861 28657 33671
15 12822 50KHz 33291 26840 30673 33774 25398 32151 25348 29836 27728 30874 28079 25579 21966 29004 0 0 0 26035 29922 22352 23572 17657 26011 23278 28984 28059 29969 25040 27306 29982 29454 23520
16 12825 50KHz 27406 30802 28576 26433 31341 26992 31470 27965 29214 24801 25400 25832 21809 30263 29323 0 0 0 29279 20379 22589 28899 28406 29581 28534 29329 28633 30677 30001 29077 29176 32247
17 12828 50KHz 27870 29815 28300 27538 29664 27124 30556 28207 28769 25951 26219 26697 24443 17919 31373 24941 0 0 0 28925 30796 22109 26220 26861 27939 28187 28580 28949 29203 28384 29164 30327
18 12832 50KHz 27250 29942 27960 26984 29898 26532 31139 28187 28926 25944 26603 27469 25789 21324 26110 29550 27970 0 0 0 28323 17541 24544 26129 27303 27841 28148 29040 29137 28052 28972 30738
19 12835 50KHz 31087 27543 29830 30845 27286 30655 26876 29155 28489 29702 28846 28239 28274 28068 26314 22955 31176 28504 0 0 0 27489 30917 18361 25504 26502 27685 25278 26993 29405 28318 25644
20 12838 50KHz 31673 26531 31493 27886 29437 30659 26314 28054 28913 29194 29099 27974 27648 24939 25539 24925 21112 30871 28676 0 0 0 28904 14656 21584 27601 24575 26518 25099 32819 24503 25857
21 12841 50KHz 25141 31226 26041 27206 29566 24926 33330 28773 29153 25686 26795 28822 27646 25852 31899 17099 27576 21391 17072 27263 0 0 0 28254 31532 23435 27787 27524 29921 24854 30863 32101
22 12844 50KHz 29298 28148 29004 28936 28386 28923 28615 28805 28822 28620 28601 28664 28482 27890 28691 26157 27168 25789 24578 30961 28282 0 0 0 29868 20492 24086 24414 26195 28362 27620 27177
23 12848 50KHz 26484 29264 27300 26597 29447 26078 31250 28235 28965 26454 27441 28620 27738 25728 30482 21528 27970 25422 24957 15662 30454 26404 0 0 0 29126 31165 21898 25879 26023 27603 29407
24 12851 50KHz 29901 25886 29254 28669 27082 29466 26389 28183 28107 28975 28604 28048 28204 28042 27205 28768 26792 27021 26633 25392 20023 31202 29468 0 0 0 28438 30409 19546 27310 23951 23443
25 12854 50KHz 29345 26125 28467 29539 26376 29162 27130 28721 28189 29073 28581 28438 28664 29280 28379 28150 28164 27651 27567 26775 27565 22108 20678 29353 0 0 0 26778 30621 23688 23818 22551
26 12857 50KHz 30013 25596 29635 28952 27334 29996 26664 28682 28613 29668 29263 28628 28877 28918 27721 30264 27735 28444 28241 28368 25097 27503 25078 31464 29037 0 0 0 28747 22739 20551 21784
27 12860 50KHz 25713 28125 27188 26491 29395 26357 31388 28582 29339 27100 28136 29272 28555 26971 31152 24300 29873 28492 28818 25030 26444 26635 24254 22268 30515 26100 0 0 0 29514 31219 24616
28 12864 50KHz 25403 25289 27451 25844 28339 26993 29036 27841 28635 27415 28118 28509 28075 26632 29171 26303 28539 28292 28409 26355 24127 28980 25494 25625 19578 30385 27578 0 0 0 28752 16604
29 12867 50KHz 23595 31020 26159 29052 20981 29324 23006 27998 26588 29689 28184 27443 28391 30732 26705 29837 27725 27590 27509 29194 32777 23840 28283 26453 28320 24379 22816 29383 0 0 0 27026
30 12870 50KHz 29865 30863 26101 24847 25836 28004 26511 27766 28351 28647 28761 28424 28467 27718 28024 29306 28001 28708 28677 28409 24457 30496 27714 27977 25124 24475 20086 31156 28889 0 0 0
31 12873 50KHz 21276 30471 21886 21513 32727 22916 36838 28550 30860 24932 27854 30545 28831 24529 34438 20577 32227 29989 30658 24218 25778 31662 26427 29156 22931 21045 18984 22351 13270 25400 0 0
