
0 35 50KHz 0 0 27498 20795 29588 30776 31519 31655 31627 31866 32009 32131 32326 32128 31916 32485 32172 31801 31722 31961 32333 32461 32452 32436 32408 32342 32102 31300 29939 26769 15476 18848
1 35 50KHz 0 0 0 27881 24784 29721 31382 31697 31899 32024 32047 32056 32094 32146 31976 32044 32191 31949 32190 32205 32317 32275 32300 32402 32300 32147 32180 31955 31224 29975 26938 27942
2 36 50KHz 27721 0 0 0 29682 25839 30605 31390 31572 31812 31962 31940 31956 31537 32118 32120 31965 32486 32169 32251 32249 32377 32344 32157 32292 32424 32206 32018 31725 31207 30101 20110
3 36 50KHz 21500 27942 0 0 0 30011 27986 30567 31245 31640 31861 31744 31646 30951 32318 31917 31757 33116 32471 32450 32160 32333 32268 31914 32190 32508 32172 32204 32085 31752 31239 27891
4 36 50KHz 29933 25334 29832 0 0 0 9564 25782 29331 30784 31315 31554 31816 31683 31931 32360 32193 32042 32001 32150 32416 32515 32511 32472 32506 32527 32423 32101 32062 32129 32025 31303
5 36 50KHz 30958 29859 26048 30035 0 0 0 28081 19906 27528 29671 30544 31071 31844 31686 31699 32378 31737 32480 32347 32400 32168 32253 32622 32317 31988 32373 32579 32352 32207 32245 32103
6 36 50KHz 31676 31457 30732 28105 9333 0 0 0 28172 16874 25448 28628 30359 31467 31584 32032 32382 31714 32193 32215 32424 32347 32389 32614 32424 32203 32422 32385 32276 32285 32318 32373
7 36 50KHz 31839 31819 31524 30700 25973 28230 0 0 0 26961 12216 22871 27849 30355 31234 32011 32355 31663 32147 32184 32452 32382 32439 32647 32468 32270 32461 32350 32269 32314 32363 32443
8 36 50KHz 31807 31977 31697 31343 29319 19705 27998 0 0 0 25764 30201 21816 28231 30588 31497 32397 31565 32426 32316 32442 32194 32298 32724 32382 31999 32435 32596 32388 32318 32426 32636
9 37 50KHz 32006 32077 31906 31713 30798 27368 16448 26641 0 0 0 25680 9398 23547 29601 31247 32114 31837 32353 32300 32361 32233 32295 32521 32341 32127 32382 32498 32365 32299 32356 32427
10 37 50KHz 32122 32080 32041 31908 31344 29540 25271 11325 25557 0 0 0 26360 12439 27191 30796 31779 31930 32124 32201 32300 32319 32345 32384 32344 32308 32359 32328 32283 32278 32283 32199
11 37 50KHz 32197 32077 31972 31758 31527 30420 28474 22274 30085 25460 0 0 0 26698 20343 29275 31276 31987 32111 32196 32199 32249 32263 32214 32243 32290 32287 32351 32323 32251 32223 32078
12 37 50KHz 32361 32099 31968 31646 31778 30972 30228 27512 21276 8355 26151 0 0 0 29197 25761 30283 32125 32040 32182 32058 32205 32187 31949 32138 32350 32194 32326 32349 32220 32131 31817
13 37 50KHz 32110 32138 31484 30854 31491 31734 31282 29882 27339 21977 8237 25699 0 0 0 29925 27636 31336 32623 32407 31810 31517 31627 31907 31697 31503 31976 33007 32701 32143 32167 32061
14 37 50KHz 31872 31818 32012 32216 31783 31341 31275 30812 29989 28881 26103 18115 28558 0 0 0 30236 27201 30111 31061 31756 32018 32075 32087 32169 32172 32079 31767 31732 31915 31983 31934
15 37 50KHz 32459 31913 32007 31757 32263 31428 31845 31816 31164 30923 30509 28920 25128 29936 0 0 0 30159 25758 29376 30506 31424 31526 31024 31660 32266 31688 31647 31806 31785 31658 31050
16 38 50KHz 32198 32178 31932 31689 32155 32333 32371 32324 32339 32033 31702 31133 30059 27608 8543 0 0 0 29505 21945 27554 29434 30437 31081 31351 31421 31703 32308 32155 31916 31991 31915
17 38 50KHz 31771 31846 32415 33058 31985 31520 31516 31444 31302 31640 31779 31928 32125 31407 28065 8126 0 0 0 26340 11923 22718 27367 29895 31102 31456 31567 30954 31072 31692 31940 32161
18 38 50KHz 31882 32245 32264 32543 32084 32449 32226 32129 32401 32363 32165 32138 32091 32532 30652 26809 29882 0 0 0 26361 7333 21467 27971 30139 30699 31632 31983 31847 32009 32293 32674
19 38 50KHz 32082 32243 32316 32500 32218 32314 32220 32179 32272 32282 32220 32221 32228 32350 31441 29950 23059 26798 0 0 0 25111 30136 22750 28296 30331 31474 31867 31866 32024 32211 32401
20 38 50KHz 32425 32351 32305 32211 32455 32388 32439 32476 32405 32346 32326 32224 32104 31851 31999 30919 28210 13836 26392 0 0 0 26190 13007 25148 29539 31143 31906 32021 32056 32134 32043
21 38 50KHz 32504 32277 32388 32336 32525 32122 32298 32347 32119 32178 32298 32261 32238 31654 32194 31705 29873 23917 30348 25313 0 0 0 26991 15712 27070 30396 31414 31755 31939 31997 31773
22 38 50KHz 32503 32320 32377 32298 32532 32226 32373 32417 32243 32260 32340 32287 32234 31737 32257 31823 30805 28174 22083 7299 26412 0 0 0 27338 19318 28885 31149 31667 31881 31995 31834
23 39 50KHz 32486 32463 32235 31981 32513 32665 32659 32697 32739 32548 32431 32243 31995 31934 32290 31351 31314 30284 28087 23007 12991 26890 0 0 0 28309 24944 30855 31692 31829 32055 32025
24 39 50KHz 32434 32288 32295 32187 32501 32263 32387 32424 32297 32273 32315 32227 32135 31715 32295 31857 31472 31306 30078 28283 24968 15019 26881 0 0 0 29762 27316 30330 31230 31698 31670
25 39 50KHz 32338 32094 32388 32471 32495 31853 32095 32152 31845 32011 32228 32265 32360 31596 32256 32396 31557 31617 30651 30356 29582 27153 18902 28246 0 0 0 30153 25669 29661 30980 31177
26 39 50KHz 32208 32213 32259 32217 32455 32347 32426 32449 32381 32351 32365 32301 32230 31998 32258 31942 31843 31817 31651 31537 31205 30546 28950 25072 29955 0 0 0 29725 25594 29931 31059
27 39 50KHz 31490 32048 32099 32265 32165 32619 32436 32389 32629 32536 32375 32370 32345 32924 32016 31858 32373 31232 32046 31928 31937 31465 31155 30809 27583 30193 0 0 0 29235 24789 29848
28 39 50KHz 30103 31265 31769 32111 32086 32324 32284 32246 32349 32345 32285 32322 32361 32638 31941 31990 32199 31278 31823 31860 32006 31776 31644 31601 30391 25650 29520 0 0 0 28226 20416
29 39 50KHz 27012 30025 31236 31771 32137 32166 32265 32281 32259 32259 32267 32249 32235 32138 32087 31970 31993 31847 31968 32007 32032 31960 31865 31745 31284 29725 25141 29079 0 0 0 28332
30 40 50KHz 16520 27168 30202 31298 32045 32267 32347 32370 32410 32361 32304 32240 32163 32174 32175 31883 32083 32099 32283 32222 32137 32035 32008 32007 31765 31065 29801 24491 28249 0 0 0
31 40 50KHz 20985 27616 19022 27464 31088 32070 32383 32459 32645 32423 32245 32039 31762 31953 32100 31233 31942 32318 32705 32425 31982 31730 31747 31898 31626 31104 30791 29292 18934 27789 0 0
0 40 50KHz 0 0 27502 20756 29608 30726 31514 31655 31632 31862 32010 32132 32329 32128 31934 32479 32165 31787 31734 31948 32335 32463 32450 32385 32406 32347 32103 31305 29934 26751 15501 18926
1 40 50KHz 0 0 0 27883 24750 29686 31375 31696 31895 32021 32045 32055 32093 32144 31975 32044 32201 31945 32193 32199 32313 32273 32300 32401 32296 32147 32178 31954 31225 29969 26947 27946
2 40 50KHz 27741 0 0 0 29668 25780 30609 31389 31574 31811 31962 31941 31954 31542 32115 32112 31962 32460 32177 32247 32239 32374 32343 32157 32289 32423 32208 32017 31726 31207 30111 20096
3 40 50KHz 21540 27960 0 0 0 29997 27964 30558 31241 31633 31860 31747 31651 30954 32317 31920 31757 33120 32464 32450 32162 32339 32269 31902 32190 32507 32173 32207 32084 31756 31244 27914
4 41 50KHz 29961 25374 29824 0 0 0 9508 25760 29302 30770 31324 31551 31808 31588 31945 32351 32173 32075 32014 32147 32408 32523 32514 32449 32505 32545 32420 32100 32061 32129 32019 31293
5 41 50KHz 30937 29846 26011 30022 0 0 0 28082 19928 27543 29681 30544 31075 31883 31671 31698 32405 31704 32486 32350 32405 32160 32253 32644 32325 31957 32375 32589 32365 32211 32251 32130
6 41 50KHz 31678 31455 30724 28071 9016 0 0 0 28175 16882 25448 28643 30357 31470 31587 32028 32385 31703 32190 32210 32428 32327 32390 32624 32428 32207 32428 32386 32281 32281 32329 32372
7 41 50KHz 31837 31789 31517 30678 25944 28236 0 0 0 26962 12214 22873 27880 30353 31233 32002 32357 31677 32127 32185 32450 32383 32436 32643 32466 32267 32458 32351 32271 32313 32365 32449
8 41 50KHz 31808 31975 31693 31335 29314 19696 27993 0 0 0 25776 30199 21850 28216 30582 31505 32399 31570 32425 32319 32442 32194 32298 32718 32378 32001 32433 32582 32386 32318 32426 32618
9 41 50KHz 32005 32077 31908 31708 30790 27365 16449 26667 0 0 0 25665 9467 23532 29618 31241 32105 31839 32353 32302 32359 32232 32297 32525 32337 32139 32382 32500 32359 32301 32355 32427
10 41 50KHz 32120 32080 32021 31888 31344 29559 25280 11342 25539 0 0 0 26357 12412 27186 30800 31778 31911 32126 32210 32299 32318 32345 32417 32347 32311 32361 32330 32284 32276 32284 32242
11 42 50KHz 32199 32076 31971 31757 31524 30426 28453 22290 30081 25458 0 0 0 26694 20318 29264 31276 32005 32108 32199 32199 32249 32263 32212 32243 32290 32281 32351 32323 32252 32222 32088
12 42 50KHz 32365 32097 31969 31644 31776 30967 30233 27515 21271 8264 26204 0 0 0 29191 25765 30281 32128 32046 32184 32057 32208 32189 31951 32131 32349 32194 32320 32348 32223 32130 31815
13 42 50KHz 32109 32138 31488 30859 31461 31755 31281 29890 27340 21957 8154 25693 0 0 0 29919 27643 31339 32614 32414 31810 31516 31631 31905 31698 31479 31978 33003 32681 32155 32163 32057
14 42 50KHz 31867 31816 32010 32215 31798 31337 31275 30812 29954 28884 26093 18113 28565 0 0 0 30235 27247 30115 31054 31762 32021 32072 32084 32171 32174 32077 31767 31736 31913 31983 31931
15 42 50KHz 32455 31912 32006 31761 32269 31433 31839 31814 31173 30940 30513 28913 25121 29933 0 0 0 30159 25774 29376 30511 31412 31528 31015 31661 32261 31692 31654 31811 31785 31663 31054
16 42 50KHz 32200 32171 31931 31691 32138 32351 32371 32335 32340 32031 31703 31130 30064 27608 8178 0 0 0 29506 21917 27556 29439 30438 31076 31349 31420 31706 32315 32150 31922 31992 31910
17 42 50KHz 31774 31843 32410 33055 32031 31471 31515 31449 31307 31642 31781 31937 32115 31430 28066 8097 0 0 0 26338 11936 22728 27372 29893 31097 31465 31564 30959 31071 31683 31942 32160
18 43 50KHz 31893 32245 32265 32547 32087 32458 32225 32124 32398 32357 32166 32135 32081 32521 30659 26812 29851 0 0 0 26373 7260 21475 27967 30131 30697 31632 31982 31845 32018 32291 32690
19 43 50KHz 32074 32243 32316 32504 32220 32311 32219 32178 32254 32320 32219 32220 32251 32316 31421 29929 23086 26727 0 0 0 25096 30136 22755 28292 30320 31476 31859 31867 32022 32214 32406
20 43 50KHz 32411 32336 32305 32219 32476 32394 32438 32458 32405 32349 32318 32224 32102 31855 32002 30931 28208 13872 26387 0 0 0 26191 13004 25158 29534 31144 31944 32018 32054 32135 32071
21 43 50KHz 32504 32277 32385 32331 32539 32113 32297 32344 32126 32176 32297 32262 32236 31617 32197 31719 29877 23931 30350 25320 0 0 0 26989 15705 27030 30398 31408 31713 31938 31997 31787
22 43 50KHz 32503 32320 32377 32287 32538 32226 32375 32418 32258 32259 32341 32288 32239 31731 32255 31820 30814 28180 22100 7145 26417 0 0 0 27341 19339 28881 31145 31661 31888 31997 31834
23 43 50KHz 32487 32462 32234 31980 32495 32682 32677 32696 32739 32558 32432 32240 31996 31917 32290 31355 31315 30288 28041 23010 12952 26892 0 0 0 28313 24940 30857 31689 31833 32057 32027
24 43 50KHz 32436 32288 32295 32187 32499 32267 32390 32429 32299 32272 32317 32227 32134 31721 32295 31844 31477 31302 30077 28283 24967 15145 26883 0 0 0 29759 27297 30333 31236 31702 31673
25 44 50KHz 32337 32094 32396 32471 32511 31839 32096 32156 31847 32014 32230 32269 32354 31596 32261 32388 31549 31627 30658 30355 29588 27158 18996 28244 0 0 0 30140 25616 29668 30987 31177
26 44 50KHz 32203 32215 32259 32217 32453 32343 32425 32449 32376 32351 32364 32302 32231 31996 32263 31943 31844 31801 31655 31543 31207 30549 28948 25081 29953 0 0 0 29721 25605 29945 31065
27 44 50KHz 31503 32047 32100 32264 32159 32623 32451 32389 32626 32540 32375 32367 32345 32921 32014 31870 32374 31234 32051 31927 31933 31466 31148 30771 27572 30181 0 0 0 29231 24803 29857
28 44 50KHz 30100 31258 31768 32113 32088 32322 32279 32250 32350 32345 32285 32321 32359 32639 31941 31984 32200 31284 31821 31863 32002 31776 31644 31603 30360 25644 29517 0 0 0 28227 20383
29 44 50KHz 26997 30018 31241 31772 32133 32159 32265 32276 32255 32259 32265 32249 32237 32147 32086 31971 32020 31844 31963 32004 32031 31961 31866 31752 31288 29761 25117 29080 0 0 0 28331
30 44 50KHz 16594 27178 30204 31311 32041 32252 32348 32370 32418 32351 32304 32240 32165 32177 32171 31886 32089 32061 32289 32227 32138 32036 32003 32020 31770 31081 29801 24523 28262 0 0 0
31 44 50KHz 20987 27616 19018 27471 31105 32079 32385 32465 32659 32407 32247 32035 31761 31972 32096 31236 31943 32314 32719 32427 31993 31724 31747 31949 31627 31106 30823 29248 18918 27731 0 0
0 45 50KHz 0 0 27502 20813 29611 30726 31517 31657 31628 31865 32011 32137 32325 32127 31934 32494 32169 31764 31737 31946 32335 32460 32451 32398 32408 32347 32105 31310 29931 26795 15494 18833
1 45 50KHz 0 0 0 27876 24758 29696 31377 31696 31883 32023 32047 32056 32090 32144 31974 32045 32200 31957 32188 32203 32313 32272 32302 32398 32296 32147 32177 31954 31220 29956 26940 27984
2 45 50KHz 27741 0 0 0 29669 25791 30601 31391 31579 31821 31962 31942 31956 31544 32114 32110 31965 32467 32173 32246 32257 32373 32345 32156 32289 32421 32211 32020 31731 31210 30111 20110
3 45 50KHz 21524 27943 0 0 0 29995 27964 30559 31243 31634 31860 31744 31646 30950 32319 31898 31757 33114 32463 32449 32160 32335 32269 31899 32195 32505 32178 32208 32081 31759 31244 27910
4 45 50KHz 29958 25332 29825 0 0 0 9425 25751 29306 30772 31325 31552 31808 31635 31946 32349 32168 32077 32005 32147 32411 32520 32516 32446 32503 32540 32422 32096 32062 32130 32010 31285
5 45 50KHz 30940 29837 26014 30024 0 0 0 28081 19923 27543 29675 30542 31074 31881 31674 31704 32405 31681 32481 32350 32408 32160 32259 32647 32324 31959 32372 32586 32353 32205 32248 32170
6 45 50KHz 31679 31454 30722 28053 9224 0 0 0 28177 16801 25451 28632 30370 31469 31585 32032 32384 31749 32184 32209 32429 32326 32388 32611 32424 32203 32425 32410 32279 32283 32328 32376
7 46 50KHz 31830 31795 31509 30684 25946 28231 0 0 0 26968 12204 22881 27832 30354 31231 31991 32358 31666 32123 32186 32451 32377 32437 32648 32480 32264 32463 32350 32269 32310 32362 32453
8 46 50KHz 31808 31961 31696 31335 29291 19689 27994 0 0 0 25773 30193 21842 28220 30579 31507 32397 31569 32420 32322 32441 32195 32301 32721 32377 32007 32431 32591 32388 32313 32442 32641
9 46 50KHz 32004 32079 31904 31706 30785 27416 16447 26623 0 0 0 25605 9462 23537 29592 31245 32115 31814 32356 32303 32361 32231 32289 32520 32338 32144 32380 32496 32360 32298 32363 32421
10 46 50KHz 32122 32081 32024 31903 31344 29552 25225 11309 25520 0 0 0 26347 12421 27181 30790 31777 31906 32117 32197 32309 32319 32346 32357 32346 32312 32361 32330 32284 32277 32286 32245
11 46 50KHz 32199 32079 31972 31763 31523 30421 28450 22280 30082 25433 0 0 0 26690 20307 29260 31272 31988 32106 32194 32199 32249 32265 32212 32248 32293 32288 32351 32326 32251 32222 32083
12 46 50KHz 32359 32099 31970 31645 31774 30975 30233 27510 21264 8206 26146 0 0 0 29189 25759 30279 32130 32042 32182 32057 32203 32189 31952 32132 32331 32196 32324 32349 32225 32137 31816
13 46 50KHz 32114 32142 31485 30855 31460 31796 31286 29883 27318 21927 8320 25680 0 0 0 29920 27648 31347 32602 32426 31810 31514 31630 31915 31698 31460 31973 33004 32694 32148 32160 32081
14 47 50KHz 31868 31815 32011 32217 31799 31329 31285 30813 29979 28878 26089 18115 28563 0 0 0 30235 27229 30111 31051 31755 32022 32076 32064 32170 32183 32081 31768 31733 31913 31984 31930
15 47 50KHz 32453 31911 32004 31761 32264 31435 31836 31810 31176 30932 30511 28913 25155 29937 0 0 0 30157 25768 29367 30509 31423 31527 31019 31660 32259 31696 31656 31810 31793 31665 31054
16 47 50KHz 32198 32179 31930 31688 32133 32354 32374 32336 32338 32037 31699 31128 30070 27682 8580 0 0 0 29505 21923 27556 29439 30438 31078 31350 31407 31706 32304 32151 31920 31989 31916
17 47 50KHz 31762 31841 32414 33057 32031 31472 31514 31446 31313 31645 31779 31935 32118 31378 28105 7747 0 0 0 26329 11903 22709 27363 29882 31096 31459 31568 30958 31075 31684 31944 32132
18 47 50KHz 31898 32243 32266 32539 32089 32455 32243 32133 32398 32356 32167 32134 32091 32521 30654 26827 29879 0 0 0 26354 7261 21474 27959 30136 30708 31630 31986 31842 32003 32290 32687
19 47 50KHz 32090 32240 32316 32499 32219 32316 32232 32189 32280 32291 32220 32217 32224 32368 31417 29928 23090 26795 0 0 0 25100 30135 22754 28297 30326 31476 31862 31869 32026 32214 32412
20 47 50KHz 32414 32350 32305 32212 32452 32392 32441 32458 32409 32349 32326 32224 32105 31814 31999 30927 28219 13836 26390 0 0 0 26194 12976 25167 29519 31143 31905 32022 32055 32136 32038
21 48 50KHz 32507 32275 32388 32336 32534 32114 32298 32348 32118 32173 32297 32262 32237 31615 32195 31705 29906 23925 30349 25314 0 0 0 26980 15665 27013 30397 31415 31756 31941 31997 31783
22 48 50KHz 32500 32319 32379 32300 32538 32227 32362 32419 32243 32259 32341 32289 32234 31739 32258 31808 30806 28185 22106 7371 26422 0 0 0 27337 19310 28880 31148 31659 31884 31997 31826
23 48 50KHz 32485 32462 32234 31982 32495 32683 32680 32707 32742 32548 32431 32240 31991 31937 32287 31355 31310 30275 28073 23006 12869 26828 0 0 0 28305 24947 30851 31694 31830 32055 32028
24 48 50KHz 32432 32284 32293 32189 32501 32268 32389 32427 32297 32278 32316 32227 32136 31783 32294 31855 31478 31294 30081 28269 24957 15084 26838 0 0 0 29756 27298 30330 31236 31701 31669
25 48 50KHz 32332 32090 32387 32472 32505 31833 32096 32154 31848 32013 32229 32271 32355 31594 32269 32384 31556 31625 30657 30347 29578 27134 18968 28238 0 0 0 30140 25655 29669 30986 31149
26 48 50KHz 32205 32213 32259 32219 32453 32342 32429 32446 32379 32350 32363 32301 32231 31993 32264 31937 31841 31813 31655 31552 31187 30543 28953 25071 29949 0 0 0 29719 25601 29939 31061
27 49 50KHz 31494 32051 32101 32264 32162 32619 32452 32383 32624 32535 32376 32366 32344 32916 32013 31868 32371 31236 32045 31925 31932 31466 31151 30809 27568 30181 0 0 0 29225 24807 29854
28 49 50KHz 30105 31269 31770 32115 32091 32324 32282 32248 32352 32346 32286 32320 32360 32682 31940 31989 32203 31280 31824 31861 32005 31775 31645 31598 30387 25635 29516 0 0 0 28222 20334
29 49 50KHz 26974 30018 31236 31774 32134 32154 32260 32274 32250 32256 32263 32249 32238 32142 32083 31977 31989 31846 31961 32001 32034 31964 31869 31736 31294 29734 25117 29075 0 0 0 28316
30 49 50KHz 16620 27196 30211 31306 32044 32248 32352 32369 32406 32350 32305 32240 32166 32172 32174 31894 32085 32112 32288 32227 32147 32039 32008 32017 31769 31089 29826 24547 28268 0 0 0
31 49 50KHz 20988 27616 19015 27457 31086 32090 32392 32473 32656 32430 32248 32036 31760 31964 32090 31237 31944 32304 32714 32424 31981 31721 31741 31902 31624 31099 30802 29313 18861 27723 0 0
0 49 50KHz 0 0 27500 20792 29603 30723 31520 31655 31632 31862 32012 32135 32328 32132 31935 32471 32172 31758 31758 31951 32334 32460 32456 32397 32401 32345 32109 31334 29937 26727 15491 18842
1 49 50KHz 0 0 0 27869 24773 29701 31369 31699 31901 32025 32047 32055 32093 32147 31972 32044 32206 31946 32192 32197 32312 32271 32300 32401 32298 32145 32179 31963 31223 29980 26939 27935
2 50 50KHz 27736 0 0 0 29669 25776 30592 31383 31577 31809 31963 31940 31954 31541 32120 32112 31963 32465 32178 32246 32249 32389 32344 32154 32290 32421 32212 32021 31726 31204 30124 20055
3 50 50KHz 21503 27967 0 0 0 29992 27962 30560 31242 31633 31859 31744 31645 30952 32323 31920 31752 33115 32461 32451 32159 32336 32272 31898 32187 32509 32176 32200 32084 31759 31242 27880
4 50 50KHz 29973 25354 29852 0 0 0 9607 25778 29316 30771 31331 31554 31808 31637 31963 32356 32174 32086 31981 32152 32411 32523 32511 32448 32501 32544 32421 32095 32063 32136 32025 31285
5 50 50KHz 30946 29852 26033 30015 0 0 0 28083 19953 27558 29682 30544 31083 31903 31675 31695 32409 31695 32493 32343 32412 32158 32257 32652 32327 31955 32378 32588 32355 32205 32253 32134
6 50 50KHz 31681 31459 30727 28094 9350 0 0 0 28178 16893 25461 28635 30343 31474 31591 32032 32383 31704 32192 32211 32427 32330 32390 32621 32425 32205 32433 32385 32278 32278 32331 32378
7 50 50KHz 31836 31798 31518 30687 25944 28229 0 0 0 26958 12220 22882 27850 30363 31236 32003 32362 31669 32119 32186 32450 32381 32444 32643 32466 32265 32460 32353 32269 32309 32366 32457
8 50 50KHz 31810 31980 31703 31335 29313 19671 27993 0 0 0 25770 30196 21855 28235 30582 31512 32398 31562 32428 32308 32441 32195 32299 32717 32384 32002 32431 32594 32393 32306 32423 32644
9 51 50KHz 32004 32078 31905 31737 30788 27380 16442 26649 0 0 0 25648 9415 23548 29598 31236 32108 31839 32355 32298 32358 32231 32296 32519 32339 32134 32381 32496 32367 32296 32354 32427
10 51 50KHz 32121 32080 32020 31904 31344 29565 25285 11296 25520 0 0 0 26356 12422 27185 30790 31777 31910 32123 32197 32308 32328 32347 32386 32349 32305 32360 32328 32283 32276 32289 32246
11 51 50KHz 32200 32083 31972 31758 31529 30425 28456 22269 30081 25424 0 0 0 26685 20311 29274 31273 31996 32114 32197 32198 32251 32259 32208 32242 32294 32286 32339 32321 32251 32220 32079
12 51 50KHz 32361 32099 31955 31646 31781 30970 30235 27514 21259 8359 26138 0 0 0 29201 25765 30284 32120 32042 32182 32059 32206 32190 31955 32131 32342 32196 32325 32326 32225 32133 31816
13 51 50KHz 32117 32141 31482 30851 31512 31708 31282 29885 27318 21953 8021 25674 0 0 0 29922 27649 31352 32630 32400 31799 31512 31627 31910 31701 31486 31972 33001 32707 32138 32154 32064
14 51 50KHz 31866 31816 32014 32221 31782 31344 31273 30811 29975 28851 26086 18094 28560 0 0 0 30236 27251 30104 31060 31757 32034 32076 32080 32168 32183 32079 31764 31730 31914 31986 31923
15 51 50KHz 32445 31911 32004 31760 32251 31451 31840 31811 31181 30931 30535 28918 25111 29944 0 0 0 30159 25774 29383 30514 31420 31523 31025 31659 32250 31700 31655 31808 31795 31672 31053
16 52 50KHz 32200 32178 31925 31686 32159 32329 32372 32334 32339 32031 31698 31121 30062 27597 8240 0 0 0 29510 21917 27554 29432 30436 31076 31351 31426 31704 32305 32167 31913 31986 31910
17 52 50KHz 31766 31840 32414 33056 31991 31508 31515 31441 31298 31640 31780 31938 32122 31405 28072 7855 0 0 0 26342 11903 22719 27372 29879 31090 31459 31569 30958 31066 31688 31950 32156
18 52 50KHz 31885 32244 32264 32539 32087 32451 32227 32131 32403 32360 32166 32133 32089 32537 30649 26785 29876 0 0 0 26351 7237 21469 27967 30135 30703 31635 31984 31848 31998 32291 32697
19 52 50KHz 32081 32238 32316 32498 32221 32319 32223 32178 32270 32269 32213 32221 32228 32350 31416 29938 23104 26796 0 0 0 25096 30143 22734 28290 30332 31472 31842 31864 32020 32209 32401
20 52 50KHz 32414 32348 32304 32213 32457 32382 32407 32450 32407 32347 32324 32223 32104 31852 32000 30926 28173 13877 26397 0 0 0 26190 12983 25163 29533 31143 31905 32009 32054 32132 32038
21 52 50KHz 32501 32275 32387 32309 32527 32126 32304 32355 32122 32175 32298 32273 32234 31609 32199 31701 29838 24047 30350 25318 0 0 0 26970 15876 27006 30398 31415 31753 31926 32000 31763
22 52 50KHz 32502 32318 32376 32294 32539 32230 32376 32419 32244 32263 32343 32290 32240 31748 32258 31806 30810 28199 22214 7365 26413 0 0 0 27338 19314 28878 31145 31661 31877 31997 31822
23 53 50KHz 32493 32462 32233 31985 32517 32658 32676 32664 32738 32551 32443 32240 32000 31937 32283 31365 31314 30278 28081 23052 12931 26875 0 0 0 28305 24942 30846 31693 31826 32053 32033
24 53 50KHz 32429 32286 32292 32187 32498 32269 32388 32430 32303 32278 32316 32234 32132 31724 32293 31854 31491 31294 30086 28271 24966 15051 26873 0 0 0 29750 27290 30360 31241 31704 31668
25 53 50KHz 32331 32091 32386 32465 32487 31863 32094 32151 31847 32014 32230 32273 32345 31594 32268 32377 31556 31642 30658 30361 29579 27131 18972 28234 0 0 0 30129 25633 29662 30996 31171
26 53 50KHz 32198 32214 32259 32220 32467 32338 32423 32446 32379 32352 32364 32301 32230 31995 32265 31947 31844 31820 31585 31543 31210 30544 28990 25061 29946 0 0 0 29709 25601 29953 31063
27 53 50KHz 31501 32048 32101 32268 32172 32610 32448 32391 32624 32533 32375 32366 32346 32919 32009 31877 32375 31237 32015 31921 31931 31461 31151 30805 27545 30171 0 0 0 29219 24812 29859
28 53 50KHz 30096 31263 31763 32114 32086 32324 32279 32249 32351 32344 32285 32321 32358 32647 31937 31986 32200 31277 31826 31859 32009 31771 31642 31599 30388 25591 29506 0 0 0 28222 20308
29 53 50KHz 26977 30005 31233 31762 32133 32154 32257 32273 32248 32252 32262 32248 32232 32135 32086 31977 31987 31839 31957 32000 32031 31965 31872 31748 31287 29744 25128 29067 0 0 0 28316
30 54 50KHz 16645 27188 30212 31306 32042 32239 32349 32370 32406 32346 32305 32240 32166 32163 32176 31897 32083 32124 32303 32225 32137 32034 32009 32014 31769 31096 29832 24522 28271 0 0 0
31 54 50KHz 20998 27618 19011 27461 31137 32055 32392 32471 32660 32432 32245 32033 31763 31967 32087 31244 31949 32298 32701 32418 31980 31717 31739 31891 31630 31099 30808 29303 18849 27722 0 0
0 54 50KHz 0 0 27493 20800 29618 30759 31516 31636 31626 31868 32011 32139 32327 32133 31938 32466 32167 31760 31729 31955 32336 32457 32450 32394 32402 32345 32109 31316 29931 26722 15542 18851
1 54 50KHz 0 0 0 27865 24758 29711 31376 31697 31902 32022 32047 32056 32093 32150 31970 32042 32204 31942 32181 32203 32313 32270 32299 32407 32297 32143 32179 31962 31216 29949 26924 27934
2 54 50KHz 27732 0 0 0 29671 25795 30603 31389 31578 31812 31960 31942 31954 31539 32120 32106 31962 32470 32172 32255 32248 32372 32344 32155 32284 32419 32211 32021 31721 31199 30100 20046
3 54 50KHz 21509 27951 0 0 0 29996 27961 30548 31240 31633 31858 31751 31641 30941 32323 31920 31748 33121 32465 32449 32157 32333 32271 31898 32185 32499 32176 32208 32082 31757 31249 27902
4 54 50KHz 29959 25343 29825 0 0 0 9478 25778 29327 30784 31331 31559 31814 31661 31940 32347 32188 32048 32005 32153 32418 32519 32516 32457 32500 32530 32437 32105 32061 32136 32033 31284
5 55 50KHz 30958 29820 26006 30018 0 0 0 28083 19943 27556 29680 30543 31079 31867 31682 31704 32394 31722 32466 32344 32403 32163 32255 32630 32322 31972 32373 32577 32353 32194 32245 32122
6 55 50KHz 31679 31455 30718 28070 8997 0 0 0 28179 16974 25430 28634 30363 31460 31586 32032 32386 31701 32176 32208 32429 32326 32390 32622 32417 32201 32428 32383 32279 32277 32335 32377
7 55 50KHz 31837 31790 31516 30693 25959 28226 0 0 0 26957 12135 22894 27850 30368 31236 32041 32361 31666 32126 32186 32460 32378 32438 32645 32469 32260 32459 32349 32269 32308 32362 32450
8 55 50KHz 31801 31975 31692 31330 29321 19741 27994 0 0 0 25769 30195 21847 28243 30563 31511 32396 31603 32424 32314 32429 32189 32296 32723 32386 32001 32429 32592 32390 32305 32424 32656
9 55 50KHz 32005 32079 31904 31709 30795 27368 16457 26646 0 0 0 25657 9398 23559 29605 31234 32108 31843 32349 32305 32357 32231 32299 32528 32340 32138 32381 32503 32363 32293 32351 32430
10 55 50KHz 32119 32080 32020 31904 31347 29560 25283 10951 25523 0 0 0 26336 12503 27208 30797 31779 31912 32127 32188 32308 32318 32345 32381 32343 32308 32360 32331 32282 32275 32285 32247
11 56 50KHz 32200 32076 31971 31760 31537 30420 28450 22292 30079 25430 0 0 0 26689 20314 29276 31268 31997 32106 32195 32197 32251 32266 32206 32242 32274 32286 32346 32320 32249 32220 32071
12 56 50KHz 32353 32100 31968 31649 31783 30978 30233 27508 21259 8230 26145 0 0 0 29188 25767 30287 32141 32044 32182 32059 32207 32187 31954 32133 32342 32197 32329 32345 32223 32135 31824
13 56 50KHz 32117 32137 31482 30838 31546 31681 31286 29886 27345 21924 8142 25673 0 0 0 29926 27653 31363 32622 32397 31804 31512 31624 31920 31704 31483 31970 32996 32707 32127 32156 32065
14 56 50KHz 31866 31816 32012 32226 31780 31352 31276 30790 29973 28874 26089 18096 28563 0 0 0 30237 27253 30098 31060 31756 32021 32077 32081 32172 32180 32081 31761 31727 31916 31985 31918
15 56 50KHz 32443 31911 32002 31761 32246 31455 31838 31810 31142 30936 30509 28916 25114 29948 0 0 0 30158 25778 29382 30517 31417 31528 31024 31658 32248 31700 31662 31802 31796 31672 31059
16 56 50KHz 32178 32176 31926 31683 32165 32326 32373 32337 32339 32036 31699 31115 30068 27587 8403 0 0 0 29508 21923 27554 29434 30439 31076 31351 31424 31699 32303 32156 31909 31987 31927
17 56 50KHz 31758 31839 32413 33062 31976 31529 31513 31444 31301 31642 31780 31945 32109 31413 28071 8599 0 0 0 26342 11923 22713 27383 29876 31088 31467 31571 30968 31060 31692 31947 32158
18 57 50KHz 31887 32242 32260 32538 32089 32452 32227 32134 32401 32359 32166 32131 32093 32535 30642 26818 29909 0 0 0 26354 7375 21453 27960 30122 30706 31634 31992 31852 31997 32291 32697
19 57 50KHz 32085 32243 32315 32499 32217 32316 32223 32181 32276 32284 32219 32219 32228 32337 31421 29932 23101 26774 0 0 0 25095 30135 22735 28281 30349 31474 31855 31864 32020 32209 32400
20 57 50KHz 32420 32349 32304 32214 32459 32379 32441 32456 32409 32346 32325 32223 32104 31844 32003 30930 28218 13851 26393 0 0 0 26197 12961 25163 29538 31163 31905 32020 32053 32132 32045
21 57 50KHz 32500 32273 32386 32337 32525 32123 32294 32349 32121 32175 32298 32264 32235 31615 32201 31697 29902 23926 30373 25317 0 0 0 26977 15647 27000 30401 31419 31747 31941 31998 31763
22 57 50KHz 32502 32318 32378 32298 32531 32231 32375 32432 32243 32260 32342 32289 32231 31730 32260 31824 30810 28196 22189 7321 26419 0 0 0 27339 19302 28885 31146 31666 31888 31998 31822
23 57 50KHz 32481 32461 32230 31979 32519 32654 32679 32698 32709 32549 32431 32236 32005 31940 32286 31361 31310 30269 28082 23000 12937 26877 0 0 0 28305 24939 30850 31693 31829 32052 32033
24 57 50KHz 32409 32285 32292 32188 32495 32263 32390 32427 32303 32287 32315 32228 32133 31725 32295 31851 31482 31292 30082 28272 24951 15039 26868 0 0 0 29743 27288 30324 31238 31702 31672
25 58 50KHz 32328 32094 32385 32473 32450 31901 32093 32153 31848 32015 32230 32276 32353 31592 32268 32362 31558 31626 30659 30359 29574 27130 18954 28235 0 0 0 30126 25598 29677 30992 31169
26 58 50KHz 32205 32212 32255 32219 32459 32333 32422 32454 32378 32348 32362 32300 32230 31987 32266 31949 31840 31825 31657 31546 31210 30542 28956 25071 29942 0 0 0 29699 25589 29947 31066
27 58 50KHz 31502 32052 32103 32265 32189 32583 32449 32387 32631 32533 32374 32363 32348 32912 32009 31877 32378 31243 32048 31925 31932 31466 31170 30809 27553 30165 0 0 0 29211 24807 29872
28 58 50KHz 30150 31265 31766 32115 32087 32322 32281 32247 32353 32346 32285 32318 32357 32643 31936 31981 32202 31275 31827 31856 32002 31768 31641 31537 30379 25581 29491 0 0 0 28214 20339
29 58 50KHz 26983 30011 31232 31772 32135 32156 32263 32272 32242 32251 32262 32247 32236 32124 32086 31959 31979 31855 31954 32002 32025 31964 31870 31732 31266 29740 25096 29054 0 0 0 28317
30 58 50KHz 16620 27175 30206 31301 32066 32227 32349 32364 32403 32348 32305 32238 32166 32158 32176 31889 32084 32124 32284 32228 32139 32042 32010 32015 31770 31104 29836 24554 28268 0 0 0
31 58 50KHz 21008 27612 18970 27445 31163 32031 32391 32468 32672 32434 32248 32027 31774 31983 32095 31225 31945 32282 32719 32423 31982 31717 31742 31906 31630 31105 30808 29331 18901 27737 0 0
0 128 50KHz 0 0 27504 20883 29650 30721 31500 31640 31614 31856 32008 32132 32329 32101 31959 32428 32108 31753 31725 31922 32323 32451 32437 32364 32362 32300 32048 31204 29658 26352 15093 18856
1 128 50KHz 0 0 0 27848 24714 29689 31368 31690 31905 32026 32051 32052 32086 32146 31984 32019 32176 31929 32194 32198 32304 32254 32284 32384 32273 32100 32105 31870 30994 29598 26625 27947
2 129 50KHz 27737 0 0 0 29624 25697 30572 31369 31575 31815 31973 31938 31953 31530 32152 32089 31934 32469 32189 32245 32247 32361 32330 32149 32263 32384 32180 31964 31562 30976 29912 20066
3 129 50KHz 21611 27917 0 0 0 29968 27910 30530 31223 31624 31857 31740 31644 30889 32378 31928 31710 33152 32458 32444 32158 32337 32269 31889 32181 32486 32161 32160 31963 31616 31114 27883
4 129 50KHz 30003 25305 29804 0 0 0 9341 25712 29299 30774 31334 31556 31814 31620 31978 32333 32152 32058 32018 32148 32410 32524 32516 32436 32482 32534 32418 32079 32007 32064 31978 31252
5 129 50KHz 30933 29815 25932 29998 0 0 0 28075 19944 27555 29689 30548 31079 31917 31646 31730 32427 31695 32489 32353 32404 32160 32255 32645 32336 31968 32352 32560 32335 32144 32179 32105
6 129 50KHz 31662 31441 30688 28028 9131 0 0 0 28173 16891 25470 28637 30367 31493 31573 32033 32398 31684 32191 32202 32424 32330 32390 32627 32420 32196 32418 32383 32278 32256 32305 32348
7 129 50KHz 31823 31780 31496 30663 25918 28208 0 0 0 26935 12120 22781 27820 30379 31217 31996 32374 31654 32128 32184 32447 32378 32437 32643 32464 32266 32450 32349 32274 32294 32357 32421
8 129 50KHz 31797 31974 31684 31319 29297 19632 27986 0 0 0 25739 30185 21789 28237 30530 31529 32422 31574 32404 32320 32437 32193 32298 32718 32390 32006 32410 32581 32400 32287 32388 32638
9 130 50KHz 31999 32070 31905 31700 30793 27371 16320 26630 0 0 0 25632 9276 23531 29563 31253 32118 31834 32401 32303 32359 32231 32297 32507 32342 32141 32370 32489 32365 32277 32327 32423
10 130 50KHz 32120 32084 32022 31900 31355 29565 25302 11255 25503 0 0 0 26322 12367 27151 30778 31774 31918 32127 32194 32309 32317 32348 32385 32333 32305 32358 32329 32280 32264 32273 32223
11 130 50KHz 32195 32072 31971 31759 31532 30442 28465 22263 30086 25408 0 0 0 26675 20235 29251 31263 31997 32108 32197 32199 32250 32267 32208 32241 32298 32288 32352 32322 32245 32204 32054
12 130 50KHz 32369 32092 31969 31647 31784 30973 30247 27514 21233 8419 26132 0 0 0 29167 25717 30258 32199 32038 32182 32058 32207 32192 31948 32131 32351 32210 32327 32340 32219 32111 31792
13 130 50KHz 32078 32147 31467 30775 31446 31781 31331 29908 27346 21884 7876 25637 0 0 0 29916 27703 31406 32591 32459 31794 31487 31599 31919 31721 31482 31949 33035 32753 32132 32076 32077
14 130 50KHz 31895 31826 32046 32275 31836 31303 31252 30774 29923 28840 26073 18056 28538 0 0 0 30225 27256 30053 31026 31757 32053 32102 32064 32162 32211 32087 31711 31665 31865 31951 31830
15 130 50KHz 32413 31891 31990 31781 32253 31474 31848 31811 31149 30952 30508 28908 25091 29939 0 0 0 30157 25802 29375 30530 31407 31529 31056 31656 32211 31735 31699 31793 31785 31664 31015
16 131 50KHz 32135 32149 31897 31640 32120 32379 32391 32350 32369 32042 31698 31107 30029 27631 8397 0 0 0 29511 21940 27556 29414 30423 31092 31364 31423 31717 32357 32206 31935 31957 31914
17 131 50KHz 31755 31830 32406 33097 32046 31461 31484 31426 31280 31633 31778 31943 32142 31426 28068 7872 0 0 0 26306 11834 22676 27359 29863 31052 31464 31595 30946 31034 31663 31963 32040
18 131 50KHz 31880 32245 32268 32526 32099 32441 32223 32126 32383 32345 32167 32130 32086 32535 30606 26811 29885 0 0 0 26335 7165 21429 27916 30126 30732 31629 31974 31854 31984 32262 32643
19 131 50KHz 32056 32236 32309 32498 32220 32316 32225 32178 32296 32288 32220 32220 32228 32380 31389 29915 23136 26798 0 0 0 25074 30127 22720 28269 30311 31483 31867 31876 32023 32213 32392
20 131 50KHz 32387 32337 32303 32198 32483 32395 32436 32452 32454 32354 32324 32223 32102 31823 32010 30935 28233 13854 26276 0 0 0 26179 12958 25140 29538 31147 31906 32003 32057 32120 32024
21 131 50KHz 32496 32253 32376 32344 32536 32076 32287 32344 32123 32175 32297 32264 32240 31589 32237 31704 29894 23960 30374 25258 0 0 0 26959 15565 26986 30443 31405 31744 31946 32003 31720
22 131 50KHz 32488 32296 32366 32297 32536 32227 32373 32397 32243 32259 32341 32290 32236 31720 32287 31817 30758 28221 22246 7337 26412 0 0 0 27322 19253 28897 31156 31639 31894 32000 31784
23 132 50KHz 32458 32443 32230 31967 32487 32710 32676 32693 32782 32543 32429 32238 31990 31925 32275 31382 31326 30287 28056 22982 12895 26868 0 0 0 28293 24951 30852 31703 31844 32029 32003
24 132 50KHz 32378 32265 32279 32185 32481 32282 32391 32424 32310 32291 32316 32228 32133 31588 32299 31844 31494 31269 30061 28259 24932 14982 26885 0 0 0 29736 27266 30318 31254 31710 31662
25 132 50KHz 32283 32049 32354 32477 32496 31849 32091 32146 31857 32018 32229 32272 32360 31580 32304 32346 31550 31641 30680 30347 29588 27102 18889 28211 0 0 0 30092 25506 29705 31035 31107
26 132 50KHz 32144 32157 32224 32200 32442 32323 32412 32437 32365 32339 32358 32300 32234 31974 32274 31968 31839 31849 31653 31545 31217 30559 28969 25034 29918 0 0 0 29616 25557 29976 31007
27 132 50KHz 31395 31968 32048 32222 32140 32597 32444 32386 32613 32528 32374 32367 32351 32967 31963 31901 32427 31218 32027 31931 31934 31477 31169 30813 27525 30135 0 0 0 29160 24856 29841
28 132 50KHz 29818 31054 31615 32001 32035 32304 32285 32255 32364 32349 32285 32321 32354 32681 31888 31974 32246 31261 31842 31870 31999 31762 31644 31586 30368 25483 29404 0 0 0 28201 20163
29 132 50KHz 26619 29671 31009 31628 32067 32100 32241 32258 32226 32235 32249 32240 32232 32121 32052 31949 31997 31836 31939 31997 32029 31970 31885 31755 31282 29775 25088 29002 0 0 0 28295
30 133 50KHz 16396 26897 30000 31167 31995 32176 32321 32346 32367 32319 32289 32222 32142 32088 32151 31878 32042 32136 32255 32222 32120 32045 32013 31984 31774 31160 29874 24609 28255 0 0 0
31 133 50KHz 21021 27638 19052 27441 31040 32060 32366 32438 32656 32426 32230 32010 31734 31991 32012 31197 31934 32218 32668 32412 31964 31679 31703 31906 31619 31038 30750 29286 18671 27722 0 0
0 133 50KHz 0 0 27498 20862 29648 30718 31500 31638 31616 31856 32008 32132 32326 32091 31957 32428 32108 31754 31725 31920 32319 32449 32439 32358 32362 32305 32051 31208 29654 26357 15262 18877
1 133 50KHz 0 0 0 27837 24711 29692 31371 31678 31905 32031 32050 32049 32085 32082 31984 31991 32143 31948 32186 32186 32319 32257 32279 32383 32274 32100 32117 31876 30997 29604 26593 27942
2 133 50KHz 27724 0 0 0 29622 25698 30566 31364 31564 31813 31958 31936 31951 31523 32155 32090 31935 32481 32181 32242 32246 32369 32336 32152 32269 32403 32180 31966 31566 30979 29913 20066
3 133 50KHz 21597 27919 0 0 0 29966 27917 30528 31222 31612 31856 31742 31644 30892 32375 31922 31712 33155 32450 32447 32161 32335 32272 31880 32181 32505 32160 32162 31964 31614 31107 27873
4 134 50KHz 30014 25300 29799 0 0 0 9247 25716 29300 30774 31332 31558 31816 31614 31981 32315 32151 32106 32020 32148 32407 32523 32517 32438 32484 32535 32415 32079 32007 32063 31977 31231
5 134 50KHz 30933 29826 25936 30002 0 0 0 28068 19935 27555 29685 30547 31081 31921 31639 31730 32444 31681 32471 32353 32406 32163 32252 32645 32336 31961 32354 32567 32336 32149 32186 32109
6 134 50KHz 31661 31441 30690 28032 9249 0 0 0 28176 16887 25461 28640 30363 31511 31571 32033 32399 31685 32192 32211 32424 32324 32391 32621 32422 32195 32420 32384 32278 32257 32308 32370
7 134 50KHz 31824 31786 31491 30675 25890 28252 0 0 0 26939 12117 22792 27829 30378 31224 31993 32371 31658 32136 32183 32452 32378 32442 32668 32459 32261 32441 32315 32272 32295 32351 32385
8 134 50KHz 31797 31976 31687 31321 29290 19647 27983 0 0 0 25742 30187 21786 28248 30530 31544 32424 31548 32411 32319 32435 32189 32299 32715 32392 32011 32416 32583 32399 32291 32388 32628
9 134 50KHz 31999 32083 31897 31694 30795 27373 16448 26627 0 0 0 25625 9306 23539 29562 31254 32110 31836 32343 32303 32365 32228 32297 32514 32343 32145 32371 32503 32367 32278 32328 32415
10 134 50KHz 32119 32080 32018 31899 31333 29560 25288 11221 25524 0 0 0 26302 12400 27159 30783 31792 31921 32129 32205 32319 32316 32346 32382 32343 32306 32358 32330 32298 32265 32273 32294
11 135 50KHz 32219 32066 31970 31767 31535 30292 28339 22265 30074 25411 0 0 0 26679 20270 29251 31264 31997 32115 32197 32191 32251 32268 32214 32244 32294 32288 32347 32325 32243 32206 32054
12 135 50KHz 32364 32090 31969 31651 31784 30984 30245 27510 21244 8163 26134 0 0 0 29170 25684 30256 32148 32038 32178 32057 32209 32193 31950 32153 32354 32202 32327 32341 32220 32111 31789
13 135 50KHz 32071 32137 31464 30769 31439 31794 31327 29904 27315 21933 7794 25632 0 0 0 29917 27714 31370 32634 32468 31794 31482 31599 31915 31718 31497 31952 33052 32756 32133 32072 32092
14 135 50KHz 31895 31824 32049 32283 31842 31309 31249 30791 29923 28851 26075 18049 28541 0 0 0 30226 27324 30048 31009 31755 32056 32104 32052 32164 32219 32083 31702 31664 31864 31950 31796
15 135 50KHz 32406 31890 31992 31786 32252 31476 31868 31816 31212 30956 30511 28914 25086 29944 0 0 0 30159 25809 29379 30535 31408 31530 31064 31653 32220 31736 31695 31796 31782 31663 31024
16 135 50KHz 32133 32149 31897 31650 32115 32382 32393 32362 32371 32050 31697 31105 30017 27646 8103 0 0 0 29511 21949 27560 29415 30424 31092 31364 31411 31717 32360 32204 31931 31955 31903
17 135 50KHz 31752 31824 32411 33103 32057 31447 31487 31423 31273 31626 31779 31940 32147 31423 28062 7894 0 0 0 26304 11835 22692 27371 29858 31054 31487 31595 30933 31033 31661 31962 32030
18 136 50KHz 31893 32244 32268 32532 32101 32457 32224 32132 32385 32348 32165 32129 32082 32543 30600 26805 29892 0 0 0 26336 6970 21427 27922 30127 30724 31632 31973 31848 31984 32261 32626
19 136 50KHz 32057 32237 32310 32502 32221 32317 32228 32179 32277 32289 32220 32222 32227 32392 31389 29942 23138 26795 0 0 0 25086 30129 22704 28279 30322 31483 31865 31875 32021 32212 32387
20 136 50KHz 32402 32341 32304 32216 32457 32395 32434 32438 32406 32342 32324 32214 32094 31840 32010 30934 28227 13888 26175 0 0 0 26173 12909 25091 29537 31157 31930 32014 32053 32119 32022
21 136 50KHz 32493 32260 32379 32346 32534 32123 32298 32342 32100 32178 32297 32264 32238 31515 32238 31699 29895 23961 30345 25296 0 0 0 26962 15596 27037 30418 31425 31743 31949 32005 31728
22 136 50KHz 32479 32300 32367 32299 32536 32227 32373 32419 32241 32260 32341 32290 32235 31696 32290 31821 30802 28230 22082 7255 26403 0 0 0 27328 19273 28892 31152 31658 31896 32000 31775
23 136 50KHz 32465 32445 32231 31971 32485 32672 32677 32691 32734 32544 32429 32237 31996 31939 32274 31354 31340 30293 28048 22976 12892 26868 0 0 0 28288 24938 30852 31693 31844 32030 32028
24 136 50KHz 32394 32265 32280 32183 32483 32282 32390 32434 32313 32284 32316 32227 32130 31740 32301 31846 31471 31275 30070 28260 24940 15079 26858 0 0 0 29725 27256 30313 31252 31709 31663
25 137 50KHz 32291 32052 32358 32473 32497 31852 32091 32146 31837 32019 32229 32274 32360 31620 32309 32352 31552 31639 30684 30345 29579 27102 18787 28205 0 0 0 30080 25481 29703 31038 31108
26 137 50KHz 32120 32157 32230 32204 32443 32322 32413 32437 32363 32346 32358 32301 32234 31976 32273 31968 31849 31848 31647 31548 31208 30558 28957 24978 29917 0 0 0 29619 25566 29974 31003
27 137 50KHz 31397 31972 32049 32218 32141 32598 32447 32385 32615 32530 32374 32367 32349 32963 31960 31904 32419 31223 32026 31927 31934 31473 31156 30796 27469 30129 0 0 0 29162 24864 29838
28 137 50KHz 29835 31047 31612 32000 32034 32311 32285 32268 32363 32349 32286 32322 32352 32693 31887 31974 32219 31252 31831 31870 32002 31767 31639 31604 30367 25491 29407 0 0 0 28199 20163
29 137 50KHz 26619 29664 31008 31628 32064 32100 32236 32258 32259 32235 32250 32241 32233 32147 32050 31959 31995 31830 31936 31999 32030 31973 31896 31752 31301 29782 25088 29005 0 0 0 28298
30 137 50KHz 16435 26894 30014 31165 31989 32171 32319 32351 32367 32325 32288 32223 32146 32086 32155 31878 32049 32142 32250 32223 32123 32044 32010 31978 31771 31143 29869 24602 28257 0 0 0
31 137 50KHz 20998 27639 19056 27449 31032 32060 32355 32430 32648 32426 32229 32009 31737 32008 32006 31183 31939 32188 32662 32401 31964 31677 31702 31905 31609 31032 30742 29280 18673 27717 0 0
0 138 50KHz 0 0 27503 20863 29644 30716 31498 31639 31610 31852 32008 32129 32329 32077 31961 32439 32104 31751 31722 31918 32318 32450 32436 32364 32359 32300 32057 31199 29654 26376 15277 18827
1 138 50KHz 0 0 0 27841 24714 29685 31370 31689 31905 32033 32050 32050 32084 32146 31984 32018 32179 31934 32198 32198 32303 32253 32281 32397 32275 32098 32119 31871 30988 29601 26620 27947
2 138 50KHz 27752 0 0 0 29626 25686 30539 31363 31569 31809 31958 31934 31948 31522 32157 32102 31932 32471 32184 32242 32249 32361 32332 32147 32270 32387 32179 31964 31564 30956 29905 20057
3 138 50KHz 21617 27923 0 0 0 29965 27896 30545 31221 31620 31855 31739 31641 30882 32382 31930 31701 33154 32456 32447 32158 32343 32269 31888 32182 32507 32165 32160 31964 31612 31094 27877
4 138 50KHz 30005 25309 29796 0 0 0 9227 25709 29296 30776 31332 31557 31809 31620 31982 32335 32157 32098 32022 32152 32411 32522 32519 32434 32484 32531 32416 32079 32007 32064 31974 31228
5 138 50KHz 30934 29828 25931 29997 0 0 0 28074 19927 27559 29690 30549 31080 31917 31644 31730 32430 31693 32470 32350 32403 32163 32255 32635 32336 31966 32352 32565 32334 32150 32178 32095
6 138 50KHz 31663 31442 30690 28014 8976 0 0 0 28172 16887 25460 28637 30360 31509 31569 32004 32399 31685 32193 32209 32424 32324 32390 32624 32415 32196 32418 32383 32281 32257 32304 32341
7 139 50KHz 31823 31780 31492 30666 25940 28205 0 0 0 26932 12111 22829 27830 30384 31219 32002 32364 31655 32127 32183 32449 32381 32438 32640 32462 32256 32452 32350 32274 32296 32337 32418
8 139 50KHz 31793 31972 31685 31314 29305 19874 27990 0 0 0 25740 30185 21795 28260 30529 31529 32426 31556 32412 32323 32437 32196 32292 32715 32390 32008 32417 32574 32397 32290 32394 32614
9 139 50KHz 32001 32082 31899 31700 30794 27375 16360 26624 0 0 0 25628 9323 23555 29540 31257 32121 31831 32367 32305 32357 32232 32293 32513 32342 32138 32369 32493 32366 32279 32326 32417
10 139 50KHz 32117 32081 32019 31898 31354 29562 25290 11216 25494 0 0 0 26319 12427 27163 30753 31777 31921 32127 32197 32310 32316 32347 32383 32352 32304 32357 32329 32281 32265 32273 32222
11 139 50KHz 32197 32067 31968 31756 31538 30426 28466 22252 30070 25395 0 0 0 26688 20259 29257 31264 31989 32102 32195 32199 32253 32268 32207 32242 32292 32287 32348 32322 32245 32203 32057
12 139 50KHz 32360 32090 31966 31649 31784 31003 30250 27512 21232 8210 26146 0 0 0 29172 25733 30261 32133 32034 32179 32058 32207 32196 31955 32132 32351 32201 32326 32343 32220 32115 31852
13 139 50KHz 32071 32134 31460 30775 31435 31793 31335 29905 27343 21925 8000 25646 0 0 0 29917 27739 31368 32643 32464 31797 31477 31589 31869 31719 31465 31954 33063 32755 32133 32078 32092
14 140 50KHz 31898 31822 32052 32287 31849 31289 31248 30787 29913 28841 26075 18070 28521 0 0 0 30224 27271 30041 31003 31749 32057 32106 32054 32153 32225 32083 31693 31660 31862 31945 31808
15 140 50KHz 32414 31891 31992 31788 32261 31478 31847 31811 31206 30951 30511 28914 25094 29944 0 0 0 30159 25803 29377 30532 31409 31527 31059 31653 32225 31734 31699 31797 31785 31661 31023
16 140 50KHz 32138 32149 31896 31643 32113 32376 32394 32352 32374 32052 31695 31105 30025 27655 8075 0 0 0 29511 21949 27558 29415 30425 31094 31362 31413 31717 32364 32206 31935 31955 31914
17 140 50KHz 31746 31823 32411 33100 32057 31450 31470 31422 31281 31624 31778 31940 32137 31403 28085 8001 0 0 0 26310 11841 22688 27365 29825 31054 31460 31594 30933 31031 31662 31964 32040
18 140 50KHz 31883 32245 32269 32525 32104 32441 32226 32129 32385 32348 32165 32129 32092 32533 30599 26816 29895 0 0 0 26333 7149 21427 27914 30127 30731 31627 31970 31852 31988 32260 32641
19 140 50KHz 32057 32237 32309 32486 32232 32316 32223 32179 32260 32290 32221 32221 32228 32372 31390 29922 23151 26803 0 0 0 25098 30128 22716 28269 30311 31479 31864 31876 32022 32212 32393
20 140 50KHz 32405 32336 32303 32212 32451 32415 32439 32456 32404 32374 32322 32222 32104 31822 32009 30932 28230 13892 26393 0 0 0 26164 12899 25138 29491 31151 31909 32010 32048 32118 32002
21 141 50KHz 32550 32282 32378 32340 32536 32109 32289 32343 32123 32178 32298 32265 32237 31587 32242 31691 29889 23927 30347 25296 0 0 0 26912 15572 26983 30411 31421 31742 31953 32004 31728
22 141 50KHz 32496 32295 32367 32284 32536 32230 32366 32410 32244 32256 32343 32292 32236 31704 32291 31822 30759 28216 22110 7204 26508 0 0 0 27346 19252 28902 31154 31657 31894 32002 31788
23 141 50KHz 32460 32437 32227 31969 32488 32671 32677 32694 32736 32548 32427 32237 31996 31954 32271 31394 31337 30275 28058 22976 12878 26867 0 0 0 28279 24899 30848 31700 31847 32032 32035
24 141 50KHz 32394 32263 32277 32185 32483 32262 32391 32424 32313 32286 32319 32228 32132 31734 32299 31845 31485 31271 30071 28290 24922 14967 26852 0 0 0 29726 27256 30318 31259 31712 31664
25 141 50KHz 32290 32048 32354 32473 32494 31853 32107 32151 31858 32019 32229 32275 32354 31572 32315 32361 31540 31632 30682 30351 29522 27084 18857 28205 0 0 0 30080 25514 29716 31037 31102
26 141 50KHz 32146 32154 32227 32207 32445 32322 32412 32429 32362 32336 32359 32300 32246 31970 32276 31968 31846 31853 31650 31545 31214 30570 28957 25016 29918 0 0 0 29624 25569 29974 31001
27 142 50KHz 31387 31968 32047 32221 32136 32595 32444 32388 32614 32528 32373 32367 32348 33000 31956 31904 32419 31224 32025 31931 31935 31476 31136 30797 27520 30131 0 0 0 29166 24876 29835
28 142 50KHz 29838 31045 31610 32000 32032 32308 32286 32258 32366 32351 32286 32321 32355 32691 31881 31975 32245 31253 31832 31866 32002 31763 31642 31604 30368 25495 29412 0 0 0 28199 20142
29 142 50KHz 26608 29660 31006 31629 32065 32101 32207 32258 32226 32236 32250 32242 32235 32127 32054 31972 31999 31836 31939 31999 32044 31974 31886 31760 31302 29783 25095 28999 0 0 0 28296
30 142 50KHz 16417 26893 30007 31162 31995 32172 32319 32358 32367 32319 32289 32224 32141 32094 32149 31880 32049 32140 32254 32224 32126 32033 32014 31988 31778 31145 29890 24626 28262 0 0 0
31 142 50KHz 21030 27640 19040 27439 31032 32061 32363 32435 32646 32424 32229 32007 31735 32040 32001 31196 31934 32206 32672 32414 31965 31680 31708 31912 31614 31040 30747 29282 18679 27722 0 0
0 142 50KHz 0 0 27499 20853 29617 30714 31500 31634 31609 31852 32010 32133 32327 32116 31967 32439 32114 31753 31756 31923 32319 32430 32433 32369 32365 32296 32045 31219 29667 26361 15252 18829
1 142 50KHz 0 0 0 27837 24698 29681 31366 31691 31906 32031 32049 32050 32067 32143 31983 32019 32179 31942 32196 32198 32304 32252 32281 32380 32273 32101 32122 31875 31000 29604 26618 27933
2 143 50KHz 27726 0 0 0 29623 25680 30557 31360 31570 31811 31956 31935 31949 31517 32159 32092 31932 32468 32178 32241 32247 32361 32335 32148 32268 32386 32183 31959 31568 30977 29902 20055
3 143 50KHz 21572 27907 0 0 0 29968 27918 30530 31222 31621 31856 31742 31642 30879 32395 31927 31707 33162 32455 32452 32158 32337 32268 31888 32182 32506 32161 32162 31972 31616 31105 27860
4 143 50KHz 30011 25297 29792 0 0 0 9087 25743 29310 30781 31336 31563 31812 31610 31988 32337 32150 32104 32019 32147 32423 32524 32518 32436 32483 32533 32413 32076 32010 32064 31978 31230
5 143 50KHz 30934 29827 25933 30003 0 0 0 28076 19947 27559 29687 30548 31075 31933 31634 31726 32432 31681 32471 32352 32403 32153 32254 32643 32337 31965 32352 32567 32335 32147 32181 32102
6 143 50KHz 31660 31433 30692 28044 9105 0 0 0 28172 16894 25462 28637 30359 31543 31568 32033 32398 31679 32180 32209 32425 32328 32393 32620 32422 32196 32421 32365 32278 32256 32306 32341
7 143 50KHz 31822 31781 31428 30654 25916 28230 0 0 0 26938 12116 22837 27828 30384 31188 32002 32374 31655 32157 32183 32448 32377 32417 32646 32459 32255 32450 32355 32272 32291 32353 32414
8 143 50KHz 31793 31973 31683 31380 29305 19671 27985 0 0 0 25752 30186 21787 28263 30545 31553 32427 31586 32406 32320 32438 32197 32298 32716 32390 32010 32416 32581 32397 32289 32387 32627
9 144 50KHz 31999 32081 31900 31696 30801 27367 16172 26625 0 0 0 25627 9193 23552 29562 31253 32122 31842 32341 32303 32359 32214 32297 32516 32351 32142 32371 32492 32367 32278 32319 32417
10 144 50KHz 32120 32091 32019 31901 31356 29570 25280 11193 25498 0 0 0 26313 12476 27172 30783 31774 31928 32126 32195 32308 32315 32347 32389 32343 32307 32358 32329 32284 32265 32271 32232
11 144 50KHz 32196 32072 31976 31759 31536 30436 28453 22269 30073 25413 0 0 0 26683 20259 29251 31262 32010 32102 32189 32198 32252 32267 32209 32244 32295 32286 32352 32302 32245 32205 32055
12 144 50KHz 32361 32090 31968 31631 31783 30978 30242 27505 21245 8157 26130 0 0 0 29172 25739 30259 32150 32039 32179 32057 32208 32191 31954 32130 32355 32201 32332 32340 32222 32112 31796
13 144 50KHz 32057 32139 31459 30764 31431 31804 31325 29906 27333 21935 7941 25637 0 0 0 29917 27733 31360 32642 32466 31795 31457 31591 31910 31723 31463 31948 33061 32757 32135 32072 32109
14 144 50KHz 31904 31822 32052 32282 31846 31285 31243 30789 29907 28842 26127 18062 28545 0 0 0 30223 27281 30044 31006 31751 32062 32111 32041 32163 32228 32084 31695 31660 31862 31946 31813
15 144 50KHz 32416 31890 31995 31781 32253 31469 31844 31819 31207 30953 30508 28929 25070 29950 0 0 0 30159 25799 29375 30527 31406 31527 31058 31649 32230 31733 31692 31791 31787 31661 31009
16 145 50KHz 32126 32149 31894 31635 32113 32384 32397 32353 32367 32052 31697 31106 30006 27652 8009 0 0 0 29512 21945 27551 29409 30421 31091 31361 31409 31715 32362 32210 31941 31958 31910
17 145 50KHz 31758 31822 32410 33101 32044 31446 31486 31424 31280 31635 31776 31942 32136 31438 28067 7839 0 0 0 26306 11822 22660 27362 29859 31053 31457 31596 30931 31034 31661 31967 32023
18 145 50KHz 31884 32245 32267 32531 32101 32439 32227 32133 32382 32349 32158 32130 32084 32550 30598 26824 29893 0 0 0 26338 7194 21392 27915 30124 30730 31627 31976 31855 31984 32262 32645
19 145 50KHz 32056 32235 32308 32501 32220 32314 32222 32182 32276 32289 32221 32228 32226 32385 31387 29920 23228 26790 0 0 0 25082 30127 22689 28265 30323 31483 31840 31871 32021 32213 32387
20 145 50KHz 32427 32338 32300 32280 32451 32390 32434 32483 32409 32345 32324 32228 32093 31838 32007 30936 28238 13955 26376 0 0 0 26177 12908 25134 29525 31151 31906 32015 32063 32121 32021
21 145 50KHz 32489 32257 32377 32344 32522 32124 32293 32345 32119 32178 32299 32266 32240 31586 32244 31689 29893 23950 30318 25295 0 0 0 26961 15577 26989 30410 31423 31745 31951 32005 31725
22 145 50KHz 32487 32297 32367 32299 32535 32235 32373 32414 32246 32257 32342 32291 32237 31705 32294 31824 30811 28222 22098 7135 26410 0 0 0 27325 19266 28905 31147 31661 31900 32001 31782
23 146 50KHz 32461 32445 32230 31969 32486 32677 32673 32693 32734 32545 32427 32241 31997 31941 32267 31384 31327 30279 28040 22964 12871 26871 0 0 0 28288 24919 30856 31677 31846 32030 32030
24 146 50KHz 32399 32264 32279 32186 32482 32285 32390 32423 32316 32283 32316 32228 32128 31736 32301 31842 31486 31291 30075 28257 24914 14979 26870 0 0 0 29727 27255 30317 31263 31711 31664
25 146 50KHz 32290 32050 32353 32476 32489 31852 32089 32147 31857 32017 32228 32275 32355 31579 32317 32357 31542 31634 30688 30341 29575 27103 18899 28194 0 0 0 30082 25488 29713 31042 31106
26 146 50KHz 32150 32154 32229 32202 32444 32312 32414 32434 32364 32337 32355 32300 32233 31969 32275 31968 31850 31854 31661 31520 31214 30563 28962 25039 29906 0 0 0 29617 25564 29974 31005
27 146 50KHz 31394 31969 32048 32223 32140 32598 32445 32386 32616 32529 32374 32368 32353 32975 31954 31899 32433 31213 32028 31929 31931 31474 31159 30803 27529 30115 0 0 0 29157 24867 29842
28 146 50KHz 29843 31051 31612 31991 32036 32309 32283 32257 32357 32349 32284 32320 32337 32687 31888 31971 32245 31272 31827 31868 32003 31762 31639 31606 30359 25466 29391 0 0 0 28201 20146
29 146 50KHz 26596 29658 31004 31628 32059 32099 32234 32256 32221 32232 32249 32241 32233 32138 32052 31966 31997 31833 31975 31999 32030 31972 31886 31764 31303 29781 25078 29003 0 0 0 28297
30 147 50KHz 16398 26890 30008 31163 31996 32172 32318 32352 32366 32320 32290 32223 32147 32093 32151 31880 32051 32144 32259 32229 32124 32046 32014 31989 31773 31147 29878 24619 28281 0 0 0
31 147 50KHz 21021 27638 19042 27437 31033 32063 32366 32435 32648 32428 32229 32008 31737 32010 32002 31192 31950 32196 32671 32413 31968 31683 31702 31910 31616 31039 30749 29284 18649 27719 0 0
0 147 50KHz 0 0 27501 20854 29650 30718 31499 31635 31601 31858 32010 32133 32321 32089 31968 32433 32107 31739 31728 31922 32320 32457 32434 32364 32362 32309 32054 31198 29662 26352 15278 18865
1 147 50KHz 0 0 0 27839 24704 29688 31364 31687 31907 32031 32063 32050 32082 32145 31971 32010 32180 31931 32198 32207 32304 32253 32278 32384 32278 32099 32121 31875 30994 29600 26614 27945
2 147 50KHz 27734 0 0 0 29621 25686 30565 31366 31573 31811 31958 31947 31948 31522 32161 32095 31931 32471 32184 32239 32247 32360 32335 32153 32272 32372 32180 31964 31563 30977 29914 20040
3 147 50KHz 21577 27922 0 0 0 29967 27913 30525 31222 31622 31855 31743 31638 30875 32387 31925 31707 33185 32458 32447 32159 32340 32268 31885 32182 32510 32168 32162 31962 31613 31102 27857
4 147 50KHz 30011 25308 29792 0 0 0 9256 25711 29303 30770 31334 31560 31811 31611 31988 32332 32149 32101 32047 32150 32410 32520 32519 32434 32483 32535 32414 32077 32009 32065 31977 31235
5 148 50KHz 30929 29828 25934 29997 0 0 0 28072 19929 27554 29692 30546 31079 31929 31630 31731 32435 31681 32471 32361 32407 32161 32254 32642 32341 31966 32354 32566 32337 32146 32181 32108
6 148 50KHz 31661 31443 30691 28038 8983 0 0 0 28168 16885 25455 28650 30357 31513 31568 32027 32400 31678 32193 32212 32424 32326 32391 32623 32421 32203 32419 32382 32281 32257 32309 32348
7 148 50KHz 31826 31777 31492 30659 25898 28213 0 0 0 26937 12111 22825 27783 30379 31214 32000 32371 31609 32130 32184 32448 32377 32439 32643 32461 32260 32458 32347 32275 32293 32353 32424
8 148 50KHz 31794 31985 31687 31312 29302 19642 27965 0 0 0 25736 30183 21782 28256 30520 31528 32428 31546 32443 32319 32436 32196 32301 32713 32394 32012 32418 32580 32396 32289 32387 32634
9 148 50KHz 32000 32082 31888 31698 30794 27374 16433 26677 0 0 0 25626 9214 23548 29549 31260 32125 31832 32346 32297 32357 32233 32296 32518 32334 32142 32371 32494 32369 32279 32327 32420
10 148 50KHz 32121 32083 32020 31900 31352 29567 25292 11224 25471 0 0 0 26314 12392 27163 30779 31776 31917 32129 32198 32305 32320 32348 32381 32340 32323 32358 32330 32281 32266 32274 32226
11 149 50KHz 32202 32071 31970 31757 31535 30430 28463 22262 30072 25435 0 0 0 26684 20252 29250 31262 31947 32109 32196 32198 32250 32265 32214 32242 32295 32293 32349 32321 32247 32205 32061
12 149 50KHz 32362 32086 31969 31644 31781 30983 30241 27516 21239 8235 26138 0 0 0 29169 25701 30254 32139 31993 32184 32059 32209 32194 31960 32132 32351 32202 32309 32345 32221 32113 31831
13 149 50KHz 32060 32137 31458 30769 31429 31802 31322 29919 27347 21906 7641 25614 0 0 0 29911 27738 31352 32647 32465 31799 31476 31591 31926 31724 31463 31951 33065 32756 32136 32075 32110
14 149 50KHz 31907 31820 32054 32287 31847 31278 31243 30789 29919 28833 26085 18046 28545 0 0 0 30222 27288 30035 31001 31744 32064 32108 32039 32163 32236 32086 31688 31662 31864 31947 31804
15 149 50KHz 32405 31891 31990 31777 32248 31473 31848 31816 31208 30985 30511 28909 25075 29945 0 0 0 30160 25810 29380 30533 31405 31528 31063 31653 32225 31741 31703 31799 31790 31661 31026
16 149 50KHz 32137 32156 31896 31635 32114 32387 32400 32357 32379 32054 31702 31102 30015 27669 7853 0 0 0 29511 21947 27559 29410 30414 31099 31362 31406 31716 32388 32206 31936 31958 31905
17 149 50KHz 31749 31823 32412 33110 32052 31440 31485 31420 31273 31620 31780 31947 32131 31410 28081 8134 0 0 0 26312 11829 22679 27367 29859 31057 31471 31595 30925 31026 31661 31966 32030
18 150 50KHz 31881 32245 32268 32528 32101 32442 32224 32131 32430 32347 32166 32127 32087 32524 30600 26798 29855 0 0 0 26321 7112 21456 27917 30123 30745 31631 31971 31850 31980 32261 32657
19 150 50KHz 32044 32236 32309 32500 32221 32315 32223 32178 32279 32320 32222 32209 32230 32420 31373 29914 23125 26723 0 0 0 25084 30129 22710 28273 30271 31467 31861 31878 32020 32213 32387
20 150 50KHz 32406 32327 32302 32213 32453 32389 32444 32452 32403 32334 32326 32223 32101 31841 32008 30879 28240 13898 26366 0 0 0 26155 12898 25136 29531 31153 31896 32016 32053 32120 32019
21 150 50KHz 32494 32256 32378 32338 32544 32120 32292 32348 32122 32175 32296 32265 32233 31585 32244 31694 30026 23972 30355 25312 0 0 0 26952 15617 26985 30416 31424 31728 31951 32007 31727
22 150 50KHz 32491 32298 32368 32297 32536 32218 32372 32417 32176 32257 32344 32289 32236 31710 32293 31825 30797 28187 22105 7451 26392 0 0 0 27328 19153 28899 31154 31652 31895 32001 31780
23 150 50KHz 32441 32442 32230 31970 32488 32671 32673 32690 32731 32547 32430 32236 32001 31959 32269 31385 31336 30279 28045 22986 12851 26869 0 0 0 28289 24914 30853 31698 31846 32032 32036
24 150 50KHz 32397 32252 32278 32186 32482 32281 32389 32425 32317 32284 32313 32227 32131 31738 32302 31820 31492 31278 30070 28259 24919 14982 26856 0 0 0 29726 27282 30307 31255 31712 31662
25 151 50KHz 32293 32048 32363 32473 32499 31854 32088 32142 31860 32020 32228 32276 32356 31569 32321 32353 31517 31642 30680 30348 29583 27106 18880 28204 0 0 0 30079 25505 29707 31035 31103
26 151 50KHz 32147 32155 32230 32207 32443 32322 32412 32437 32353 32339 32358 32300 32216 31978 32278 31969 31845 31880 31642 31543 31214 30547 28953 25025 29917 0 0 0 29616 25589 29969 31004
27 151 50KHz 31384 31969 32048 32222 32141 32601 32443 32386 32616 32536 32373 32366 32352 32967 31952 31905 32423 31216 32024 31927 31935 31473 31157 30776 27511 30126 0 0 0 29160 24866 29844
28 151 50KHz 29845 31041 31614 31998 32038 32310 32288 32258 32365 32351 32287 32322 32354 32689 31887 31966 32249 31254 31831 31868 31999 31763 31641 31599 30392 25476 29409 0 0 0 28200 20158
29 151 50KHz 26614 29658 31004 31628 32065 32101 32238 32252 32224 32237 32250 32242 32234 32130 32055 31965 31994 31836 31937 31998 32031 31975 31886 31757 31298 29794 25070 28996 0 0 0 28300
30 151 50KHz 16410 26887 30011 31162 31996 32172 32320 32351 32387 32320 32288 32223 32146 32094 32150 31880 32062 32134 32258 32223 32121 32046 32013 31986 31773 31142 29873 24615 28257 0 0 0
31 151 50KHz 21003 27638 19029 27433 31035 32062 32365 32430 32646 32427 32229 32005 31737 32011 31990 31195 31947 32188 32679 32412 31964 31680 31700 31911 31621 31034 30741 29280 18674 27710 0 0
0 152 50KHz 0 0 27503 20870 29652 30694 31522 31639 31616 31854 32009 32133 32321 32074 31971 32423 32096 31766 31719 31922 32326 32452 32438 32366 32356 32305 32047 31199 29673 26312 15259 18746
1 152 50KHz 0 0 0 27836 24690 29687 31371 31693 31896 32033 32051 32049 32083 32145 31983 32017 32179 31939 32198 32201 32303 32252 32266 32379 32272 32098 32119 31874 30996 29601 26613 27961
2 152 50KHz 27730 0 0 0 29622 25689 30558 31364 31571 31811 31959 31937 31948 31526 32159 32090 31929 32470 32180 32238 32246 32360 32334 32159 32269 32385 32182 31963 31570 30975 29897 20050
3 152 50KHz 21590 27918 0 0 0 29965 27895 30523 31221 31620 31859 31742 31645 30877 32383 31938 31708 33165 32453 32443 32154 32337 32269 31888 32177 32505 32163 32161 31963 31605 31100 27866
4 152 50KHz 30012 25310 29792 0 0 0 9064 25726 29301 30775 31332 31556 31811 31604 31990 32329 32144 32105 32020 32150 32409 32526 32517 32433 32487 32532 32413 32077 32011 32066 31970 31224
5 152 50KHz 30927 29826 25938 29999 0 0 0 28070 19926 27551 29687 30546 31082 31928 31630 31732 32440 31680 32469 32352 32406 32159 32257 32645 32337 31965 32354 32568 32338 32150 32177 32145
6 152 50KHz 31663 31449 30682 28054 8681 0 0 0 28173 16923 25455 28663 30348 31512 31579 32036 32406 31629 32199 32209 32427 32326 32375 32584 32423 32192 32408 32379 32282 32258 32305 32360
7 153 50KHz 31818 31774 31497 30650 25899 28208 0 0 0 26929 12040 22834 27832 30382 31212 32003 32372 31654 32129 32204 32446 32379 32438 32608 32433 32266 32450 32348 32270 32295 32350 32415
8 153 50KHz 31792 31974 31686 31325 29309 19643 27982 0 0 0 25735 30177 21786 28262 30523 31520 32429 31550 32411 32324 32434 32197 32299 32717 32394 32015 32416 32584 32397 32288 32377 32630
9 153 50KHz 31999 32085 31900 31700 30802 27156 16434 26627 0 0 0 25605 9242 23555 29562 31262 32125 31813 32346 32305 32360 32234 32305 32517 32343 32147 32371 32494 32368 32279 32324 32434
10 153 50KHz 32121 32089 32017 31901 31356 29518 25400 11225 25499 0 0 0 26320 12423 27152 30781 31775 31913 32136 32195 32309 32317 32346 32433 32344 32308 32357 32320 32281 32265 32272 32231
11 153 50KHz 32198 32072 31969 31768 31537 30428 28461 22190 30073 25407 0 0 0 26685 20261 29270 31258 32004 32104 32193 32200 32252 32268 32206 32262 32297 32287 32350 32320 32245 32205 32052
12 153 50KHz 32359 32089 31966 31654 31781 30984 30243 27511 21228 8087 26120 0 0 0 29178 25724 30258 32146 32037 32182 32057 32209 32193 31959 32132 32329 32200 32332 32341 32219 32107 31796
13 153 50KHz 32062 32138 31451 30772 31428 31808 31326 29904 27341 21917 7983 25627 0 0 0 29919 27758 31414 32649 32468 31798 31470 31581 31930 31718 31457 31948 33080 32757 32132 32074 32070
14 154 50KHz 31901 31823 32052 32287 31844 31283 31249 30785 29913 28836 26078 18045 28541 0 0 0 30226 27277 30024 31003 31750 32061 32107 32025 32162 32228 32085 31686 31660 31864 31946 31808
15 154 50KHz 32427 31887 31995 31778 32260 31467 31841 31826 31205 30947 30513 28914 25117 29952 0 0 0 30163 25792 29372 30527 31409 31527 31052 31646 32230 31731 31694 31795 31786 31659 31010
16 154 50KHz 32128 32153 31893 31638 32109 32390 32397 32356 32376 32059 31696 31104 30016 27612 8255 0 0 0 29514 21959 27561 29408 30419 31097 31362 31384 31714 32372 32205 31936 31958 31917
17 154 50KHz 31758 31823 32413 33104 32055 31417 31484 31420 31276 31622 31774 31944 32132 31437 28022 7666 0 0 0 26303 11832 22665 27376 29854 31053 31461 31593 30919 31029 31663 31965 32035
18 154 50KHz 31884 32247 32266 32531 32101 32444 32232 32132 32384 32349 32165 32126 32085 32546 30596 26802 29894 0 0 0 26331 7162 21417 27905 30126 30725 31628 32003 31849 31985 32262 32621
19 154 50KHz 32058 32237 32310 32500 32222 32317 32226 32207 32277 32311 32219 32214 32233 32391 31388 29856 23432 26785 0 0 0 25073 30129 22712 28295 30323 31482 31863 31873 32018 32212 32385
20 154 50KHz 32401 32337 32303 32215 32452 32389 32436 32450 32402 32347 32324 32222 32101 31782 32008 30937 28233 13999 26370 0 0 0 26171 12889 25181 29572 31152 31905 32016 32058 32121 32023
21 155 50KHz 32489 32257 32380 32341 32535 32117 32296 32346 32126 32178 32297 32265 32237 31591 32246 31693 29889 23959 30341 25285 0 0 0 26962 15589 26988 30424 31423 31742 31949 32007 31710
22 155 50KHz 32491 32297 32368 32302 32537 32225 32373 32419 32244 32260 32341 32290 32238 31704 32295 31813 30804 28221 22096 7035 26422 0 0 0 27321 19249 28893 31150 31663 31897 32001 31784
23 155 50KHz 32457 32443 32230 31975 32487 32674 32680 32694 32732 32543 32427 32234 31999 31946 32265 31386 31343 30275 28036 22981 12840 26863 0 0 0 28283 24913 30854 31706 31846 32030 32043
24 155 50KHz 32395 32264 32279 32190 32478 32283 32391 32423 32322 32287 32315 32227 32133 31752 32304 31843 31484 31275 30082 28260 24926 14951 26898 0 0 0 29724 27259 30308 31258 31708 31666
25 155 50KHz 32298 32048 32357 32473 32497 31845 32091 32150 31860 32021 32230 32276 32354 31572 32329 32348 31529 31643 30687 30349 29564 27089 18868 28187 0 0 0 30081 25493 29710 31035 31109
26 155 50KHz 32145 32155 32229 32203 32445 32318 32421 32436 32363 32339 32359 32300 32235 31969 32279 31988 31850 31849 31651 31549 31202 30560 28959 25018 29915 0 0 0 29620 25556 29972 31004
27 156 50KHz 31390 31970 32047 32221 32144 32598 32446 32377 32614 32529 32374 32366 32354 32976 31951 31904 32427 31213 32036 31928 31935 31467 31155 30811 27511 30129 0 0 0 29160 24861 29843
28 156 50KHz 29844 31052 31613 32001 32036 32313 32286 32259 32372 32350 32286 32322 32354 32668 31888 31976 32249 31249 31832 31871 31999 31762 31657 31601 30364 25484 29411 0 0 0 28200 20177
29 156 50KHz 26613 29664 31005 31626 32067 32100 32236 32259 32231 32236 32251 32242 32232 32130 32058 31963 31998 31830 31941 32003 32031 31972 31885 31735 31300 29784 25085 28998 0 0 0 28296
30 156 50KHz 16422 26884 30007 31160 31993 32174 32325 32352 32365 32319 32288 32222 32145 32093 32150 31850 32050 32142 32257 32217 32125 32045 32012 31968 31780 31140 29868 24612 28250 0 0 0
31 156 50KHz 21008 27637 19034 27433 31031 32062 32363 32404 32646 32427 32227 32005 31744 32021 31989 31198 31937 32183 32674 32404 31963 31683 31704 31915 31617 31035 30751 29282 18706 27717 0 0
0 156 50KHz 0 0 27501 20839 29649 30712 31495 31642 31609 31854 32009 32134 32323 32116 31973 32431 32100 31752 31738 31921 32319 32451 32440 32356 32362 32301 32049 31190 29665 26379 15265 18716
1 156 50KHz 0 0 0 27833 24701 29690 31359 31692 31907 32033 32050 32052 32082 32148 31981 32025 32183 31933 32198 32202 32290 32251 32280 32382 32274 32101 32121 31876 31004 29630 26608 27945
2 157 50KHz 27743 0 0 0 29618 25673 30555 31326 31570 31810 31957 31935 31941 31515 32161 32092 31925 32471 32182 32244 32250 32360 32333 32151 32273 32387 32181 31963 31567 30977 29950 20025
3 157 50KHz 21584 27934 0 0 0 29961 27892 30525 31216 31623 31854 31741 31646 30888 32386 31924 31707 33160 32460 32449 32160 32337 32269 31885 32181 32505 32161 32166 31963 31616 31101 27872
4 157 50KHz 30012 25308 29802 0 0 0 9167 25735 29309 30775 31336 31561 31812 31607 31994 32334 32149 32106 32013 32154 32408 32523 32523 32433 32484 32535 32414 32075 32023 32069 31979 31233
5 157 50KHz 30931 29829 25921 29992 0 0 0 28072 19938 27552 29687 30547 31082 31937 31629 31708 32440 31678 32469 32350 32405 32162 32254 32641 32335 31966 32356 32568 32340 32151 32180 32106
6 157 50KHz 31662 31443 30684 28048 9088 0 0 0 28169 16886 25462 28637 30373 31512 31569 32030 32405 31677 32192 32210 32424 32340 32391 32624 32423 32195 32418 32382 32280 32259 32313 32341
7 157 50KHz 31821 31775 31490 30659 25927 28206 0 0 0 26938 12107 22837 27826 30368 31215 32004 32372 31646 32128 32184 32447 32375 32438 32642 32460 32260 32452 32348 32274 32295 32352 32432
8 157 50KHz 31791 31974 31699 31316 29309 19671 27986 0 0 0 25735 30184 21795 28275 30556 31530 32432 31547 32412 32320 32435 32196 32301 32736 32390 32010 32416 32583 32399 32292 32387 32627
9 158 50KHz 31999 32082 31899 31737 30795 27381 16447 26624 0 0 0 25625 9185 23572 29561 31260 32126 31832 32343 32305 32361 32230 32297 32521 32343 32143 32373 32491 32369 32282 32325 32412
10 158 50KHz 32119 32081 32019 31900 31346 29566 25284 11226 25484 0 0 0 26309 12423 27171 30782 31773 31922 32129 32199 32308 32312 32347 32384 32344 32306 32360 32330 32284 32266 32259 32221
11 158 50KHz 32197 32075 31969 31758 31535 30454 28456 22252 30071 25408 0 0 0 26687 20251 29250 31261 32010 32100 32195 32198 32246 32262 32209 32244 32308 32287 32352 32322 32245 32205 32066
12 158 50KHz 32360 32087 31966 31652 31781 30976 30242 27505 21226 8226 26121 0 0 0 29171 25700 30255 32215 32034 32182 32059 32207 32193 31911 32134 32356 32200 32328 32343 32220 32113 31799
13 158 50KHz 32058 32143 31448 30792 31425 31808 31324 29905 27365 21911 7804 25615 0 0 0 29920 27751 31371 32656 32465 31799 31473 31590 31907 31720 31456 31949 33072 32760 32136 32076 32123
14 158 50KHz 31918 31818 32054 32288 31853 31276 31240 30784 29902 28842 26066 18047 28549 0 0 0 30226 27284 30024 31004 31750 32068 32108 32042 32166 32232 32087 31685 31662 31865 31963 31799
15 158 50KHz 32414 31887 31991 31780 32249 31484 31846 31813 31212 30955 30509 28900 25077 29946 0 0 0 30158 25807 29379 30531 31410 31509 31063 31653 32226 31735 31704 31799 31784 31665 31036
16 159 50KHz 32126 32152 31889 31635 32110 32392 32404 32351 32380 32058 31696 31116 30021 27667 8150 0 0 0 29516 21954 27558 29408 30417 31107 31360 31405 31713 32371 32208 31936 31957 31912
17 159 50KHz 31756 31818 32414 33111 32056 31436 31477 31418 31275 31623 31777 31952 32161 31408 28086 7890 0 0 0 26303 11813 22680 27362 29860 31066 31468 31594 30922 31027 31660 31963 32010
18 159 50KHz 31872 32247 32265 32531 32091 32442 32224 32134 32388 32346 32167 32126 32084 32632 30588 26796 29892 0 0 0 26334 7043 21418 27919 30124 30724 31630 31973 31854 31987 32261 32647
19 159 50KHz 32054 32237 32311 32498 32225 32345 32223 32179 32274 32288 32224 32219 32228 32446 31385 29914 23187 26794 0 0 0 25061 30130 22705 28262 30314 31481 31856 31867 32023 32209 32437
20 159 50KHz 32398 32337 32301 32215 32451 32392 32430 32453 32404 32345 32324 32224 32104 31841 32006 30925 28230 13721 26379 0 0 0 26169 12987 25134 29546 31154 31905 32018 32054 32119 32021
21 159 50KHz 32488 32256 32378 32318 32537 32121 32280 32392 32125 32171 32299 32268 32256 31572 32249 31682 29862 23989 30347 25305 0 0 0 26961 15507 26990 30351 31423 31745 31953 32004 31730
22 159 50KHz 32490 32295 32365 32297 32546 32229 32374 32414 32192 32262 32343 32290 32236 31735 32296 31813 30804 28266 22102 7190 26405 0 0 0 27319 19195 28880 31145 31660 31894 32003 31786
23 160 50KHz 32464 32443 32228 31972 32488 32671 32677 32691 32726 32559 32426 32235 31999 31938 32265 31388 31338 30277 28104 22967 12875 26871 0 0 0 28280 24921 30849 31700 31842 32031 32051
24 160 50KHz 32392 32263 32279 32185 32483 32280 32403 32426 32313 32285 32315 32232 32133 31737 32304 31843 31495 31277 30078 28236 24987 14962 26849 0 0 0 29723 27254 30313 31255 31711 31669
25 160 50KHz 32295 32047 32355 32465 32499 31854 32089 32146 31862 32019 32230 32279 32369 31564 32329 32351 31541 31642 30681 30352 29580 27072 18856 28186 0 0 0 30079 25491 29690 31035 31106
26 160 50KHz 32146 32154 32228 32204 32451 32323 32413 32437 32365 32338 32359 32300 32234 31972 32278 31970 31846 31852 31646 31547 31214 30559 28955 25013 29917 0 0 0 29617 25553 29975 31009
27 160 50KHz 31393 31970 32046 32225 32143 32599 32445 32386 32616 32530 32373 32365 32354 32975 31950 31907 32428 31208 32034 31922 31933 31473 31155 30801 27512 30126 0 0 0 29157 24846 29844
28 160 50KHz 29840 31052 31612 31999 32038 32312 32305 32259 32365 32349 32286 32319 32355 32687 31888 31975 32250 31252 31833 31869 32010 31765 31640 31603 30365 25458 29405 0 0 0 28194 20203
29 160 50KHz 26638 29668 31002 31626 32068 32105 32238 32257 32231 32239 32251 32242 32240 32130 32055 31960 32002 31839 31943 32003 32030 31981 31882 31760 31301 29774 25026 28992 0 0 0 28305
30 161 50KHz 16370 26873 29998 31158 31991 32173 32320 32350 32361 32319 32287 32220 32147 32192 32148 31877 32050 32147 32263 32221 32122 32045 32015 31985 31770 31141 29867 24588 28244 0 0 0
31 161 50KHz 20997 27632 19000 27430 31033 32073 32359 32427 32642 32424 32227 32002 31748 32018 31990 31196 31949 32176 32669 32405 31969 31684 31702 31910 31620 31037 30763 29285 18469 27734 0 0
0 161 50KHz 0 0 27465 20822 29655 30694 31499 31646 31610 31854 32012 32134 32318 32073 31973 32433 32077 31765 31715 31922 32319 32451 32442 32363 32363 32296 32047 31195 29665 26392 15236 18786
1 161 50KHz 0 0 0 27828 24672 29687 31364 31689 31907 32033 32049 32048 32080 32209 31982 32017 32181 31940 32194 32201 32302 32251 32278 32382 32272 32097 32119 31894 30999 29611 26607 27942
2 161 50KHz 27731 0 0 0 29620 25640 30565 31364 31571 31809 31956 31936 31948 31516 32158 32090 31928 32475 32179 32262 32247 32362 32335 32153 32274 32388 32181 31959 31570 30978 29891 20030
3 161 50KHz 21563 27910 0 0 0 29963 27942 30524 31219 31623 31855 31741 31643 30878 32389 31930 31707 33167 32458 32447 32156 32336 32269 31892 32182 32509 32164 32165 31964 31608 31103 27865
4 161 50KHz 29998 25286 29797 0 0 0 9309 25721 29300 30773 31335 31560 31815 31596 31993 32332 32148 32113 32016 32154 32407 32518 32519 32436 32483 32538 32417 32079 32013 32068 31981 31225
5 162 50KHz 30923 29852 25921 29992 0 0 0 28070 19920 27550 29688 30543 31079 31911 31627 31733 32442 31672 32485 32349 32408 32164 32251 32646 32343 31967 32352 32552 32339 32163 32160 32101
6 162 50KHz 31660 31497 30685 28021 8631 0 0 0 28165 16918 25458 28631 30357 31513 31587 32034 32393 31683 32196 32204 32427 32324 32385 32629 32418 32201 32420 32414 32304 32261 32305 32341
7 162 50KHz 31822 31778 31495 30617 25899 28158 0 0 0 26929 12091 22891 27817 30381 31220 31998 32370 31661 32129 32161 32470 32377 32438 32653 32466 32264 32447 32346 32277 32299 32352 32435
8 162 50KHz 31793 31974 31684 31313 29298 19631 27985 0 0 0 25739 30183 21834 28259 30523 31536 32427 31545 32410 32318 32436 32195 32298 32708 32391 32011 32419 32582 32398 32297 32387 32615
9 162 50KHz 31996 32115 31899 31699 30795 27365 16438 26589 0 0 0 25616 9253 23548 29557 31212 32112 31920 32336 32303 32360 32232 32295 32516 32346 32142 32371 32481 32367 32283 32329 32417
10 162 50KHz 32121 32083 32027 31900 31355 29558 25286 11200 25495 0 0 0 26309 12400 27126 30780 31774 31915 32128 32216 32311 32318 32348 32384 32342 32305 32358 32326 32311 32266 32272 32224
11 163 50KHz 32200 32071 31970 31730 31537 30426 28462 22263 30077 25407 0 0 0 26680 20255 29240 31256 32012 32104 32197 32200 32254 32268 32203 32241 32296 32286 32348 32322 32243 32205 32047
12 163 50KHz 32363 32090 31967 31651 31779 30987 30243 27513 21230 8212 26124 0 0 0 29169 25698 30259 32145 32037 32184 32069 32189 32191 31956 32132 32349 32206 32333 32343 32217 32115 31799
13 163 50KHz 32053 32145 31451 30770 31425 31798 31335 29904 27354 21880 7498 25614 0 0 0 29912 27748 31379 32662 32459 31802 31473 31586 31919 31714 31454 31948 33095 32762 32142 32070 32108
14 163 50KHz 31917 31817 32048 32287 31849 31275 31244 30784 29901 28829 26079 18094 28545 0 0 0 30224 27286 30018 31013 31748 32068 32111 32050 32163 32240 32086 31678 31660 31863 31945 31793
15 163 50KHz 32416 31887 31989 31788 32248 31474 31849 31812 31201 30958 30512 28901 25088 29947 0 0 0 30160 25812 29383 30540 31404 31525 31094 31657 32219 31736 31705 31799 31774 31666 31038
16 163 50KHz 32117 32151 31889 31633 32111 32393 32401 32355 32380 32060 31697 31096 30014 27651 7829 0 0 0 29517 21957 27561 29385 30415 31095 31360 31406 31715 32373 32211 31938 31954 31920
17 163 50KHz 31760 31821 32415 33105 32052 31440 31479 31417 31270 31625 31763 31953 32135 31415 28100 8179 0 0 0 26309 11825 22664 27357 29855 31053 31473 31593 30926 31029 31662 31967 32024
18 164 50KHz 31875 32248 32273 32532 32099 32449 32227 32133 32384 32350 32167 32125 32086 32556 30588 26794 29916 0 0 0 26333 7100 21501 27922 30132 30730 31629 31975 31835 31996 32264 32635
19 164 50KHz 32070 32236 32310 32465 32221 32314 32222 32176 32278 32286 32222 32231 32227 32387 31391 29917 23147 26845 0 0 0 25076 30135 22710 28287 30315 31477 31860 31878 32025 32209 32377
20 164 50KHz 32395 32335 32303 32213 32453 32391 32434 32451 32403 32362 32325 32222 32105 31834 32007 30924 28232 13899 26430 0 0 0 26170 12897 25144 29531 31147 31912 32017 32053 32120 32027
21 164 50KHz 32495 32257 32378 32340 32535 32117 32298 32344 32127 32179 32303 32268 32237 31581 32250 31688 29890 23969 30342 25306 0 0 0 26969 15603 26983 30418 31421 31747 31945 32005 31734
22 164 50KHz 32490 32295 32370 32298 32538 32226 32368 32420 32244 32260 32341 32290 32234 31701 32299 31812 30805 28227 22094 7368 26403 0 0 0 27316 19255 28889 31149 31650 31891 32000 31785
23 164 50KHz 32461 32443 32229 32012 32486 32672 32674 32694 32727 32545 32428 32230 31996 31938 32267 31389 31326 30301 28058 22972 12895 26871 0 0 0 28285 24921 30847 31703 31843 32027 32037
24 164 50KHz 32402 32263 32278 32188 32486 32284 32389 32424 32314 32275 32316 32228 32134 31743 32305 31848 31489 31282 30147 28263 24936 14992 26834 0 0 0 29724 27259 30306 31253 31714 31666
25 165 50KHz 32288 32046 32356 32474 32501 31853 32093 32147 31862 32020 32228 32280 32353 31566 32329 32357 31532 31651 30682 30357 29580 27116 18887 28207 0 0 0 30081 25493 29701 31037 31116
26 165 50KHz 32145 32153 32230 32202 32443 32323 32416 32438 32364 32339 32358 32299 32234 31954 32280 31966 31851 31853 31653 31545 31216 30555 28979 25037 29918 0 0 0 29606 25553 29980 31014
27 165 50KHz 31386 31969 32046 32238 32141 32603 32452 32374 32615 32530 32375 32364 32356 32999 31952 31905 32436 31198 32030 31932 31937 31474 31160 30793 27529 30103 0 0 0 29136 24847 29853
28 165 50KHz 29843 31048 31610 32001 32050 32315 32288 32260 32362 32350 32285 32321 32354 32662 31888 31994 32255 31256 31895 31868 32008 31771 31610 31608 30359 25470 29428 0 0 0 28184 20252
29 165 50KHz 26656 29660 31005 31619 32066 32110 32242 32268 32235 32240 32256 32241 32230 32205 32054 31954 31996 31841 31936 31983 32030 31966 31884 31755 31273 29764 25075 28991 0 0 0 28309
30 165 50KHz 16327 26856 30029 31149 31991 32154 32313 32353 32363 32313 32286 32212 32143 32090 32150 31843 32058 32139 32257 32213 32107 32043 32010 31983 31773 31134 29859 24585 28231 0 0 0
31 165 50KHz 20998 27637 19026 27439 31024 32055 32357 32423 32633 32425 32225 32001 31751 32020 31990 31214 31938 32166 32665 32394 31965 31692 31710 31915 31628 31045 30735 29285 18811 27728 0 0
0 166 50KHz 0 0 27498 20817 29638 30703 31496 31634 31598 31869 32009 32137 32312 32075 31972 32432 32096 31757 31713 31927 32319 32451 32440 32381 32363 32304 32044 31204 29657 26387 15228 18702
1 166 50KHz 0 0 0 27831 24688 29679 31366 31687 31907 32032 32049 32053 32081 32187 31979 32015 32202 31928 32199 32201 32308 32253 32283 32384 32270 32099 32117 31861 30994 29602 26590 27948
2 166 50KHz 27738 0 0 0 29618 25670 30550 31356 31569 31807 31956 31936 31956 31514 32164 32088 31924 32509 32181 32241 32247 32363 32330 32146 32270 32358 32165 31960 31561 30974 29890 20116
3 166 50KHz 21555 27899 0 0 0 29959 27903 30518 31215 31607 31855 31741 31645 30870 32389 31926 31705 33162 32426 32448 32161 32336 32271 31887 32184 32505 32165 32159 31962 31605 31096 27877
4 166 50KHz 30001 25279 29792 0 0 0 9241 25699 29297 30772 31328 31561 31801 31609 31987 32329 32148 32110 32024 32165 32409 32523 32517 32441 32492 32536 32413 32071 32013 32065 31977 31222
5 166 50KHz 30921 29820 25919 29994 0 0 0 28071 19919 27552 29686 30535 31081 31931 31623 31733 32445 31672 32475 32348 32410 32164 32255 32644 32343 31953 32356 32567 32340 32160 32183 32104
6 166 50KHz 31665 31440 30684 28033 8797 0 0 0 28167 16868 25455 28633 30368 31516 31564 32033 32406 31711 32192 32210 32420 32325 32390 32624 32423 32196 32413 32383 32285 32264 32307 32337
7 167 50KHz 31823 31794 31492 30651 25895 28217 0 0 0 26944 12115 22831 27815 30377 31209 31998 32372 31652 32128 32183 32448 32374 32452 32645 32460 32260 32449 32349 32275 32299 32351 32409
8 167 50KHz 31791 31976 31688 31313 29292 19642 27978 0 0 0 25756 30183 21779 28263 30523 31531 32433 31545 32432 32345 32436 32199 32301 32702 32398 32014 32416 32585 32396 32299 32387 32618
9 167 50KHz 31998 32081 31898 31693 30795 27373 16425 26619 0 0 0 25672 9287 23556 29555 31256 32121 31833 32347 32304 32365 32235 32295 32517 32343 32125 32372 32491 32367 32284 32323 32417
10 167 50KHz 32117 32082 32016 31893 31355 29557 25296 11190 25505 0 0 0 26325 12396 27161 30777 31774 31980 32126 32200 32307 32314 32345 32391 32343 32305 32337 32330 32283 32266 32274 32223
11 167 50KHz 32198 32075 31970 31758 31540 30423 28489 22264 30072 25392 0 0 0 26674 20237 29244 31254 32025 32097 32197 32198 32253 32268 32207 32245 32301 32286 32340 32321 32245 32202 32050
12 167 50KHz 32360 32089 31974 31649 31779 30984 30248 27420 21235 8205 26122 0 0 0 29174 25706 30257 32146 32030 32162 32061 32207 32193 31958 32133 32350 32203 32331 32337 32216 32106 31805
13 167 50KHz 32050 32143 31447 30755 31423 31804 31335 29905 27330 21915 7801 25606 0 0 0 29913 27754 31357 32667 32463 31796 31474 31587 31919 31713 31476 31953 33074 32764 32144 32075 32114
14 168 50KHz 31936 31816 32055 32292 31850 31265 31241 30787 29875 28854 26075 18090 28544 0 0 0 30225 27345 30023 31003 31749 32070 32114 32067 32165 32238 32072 31682 31659 31863 31942 31787
15 168 50KHz 32411 31893 31990 31783 32245 31474 31852 31815 31220 30931 30504 28901 25042 29947 0 0 0 30157 25817 29384 30532 31403 31525 31067 31657 32217 31743 31718 31800 31776 31669 31047
16 168 50KHz 32122 32153 31882 31634 32110 32395 32402 32359 32389 32059 31694 31087 30008 27708 8050 0 0 0 29517 21930 27560 29404 30416 31095 31361 31397 31715 32376 32215 31940 31956 31924
17 168 50KHz 31761 31815 32416 33113 32058 31437 31477 31414 31247 31619 31777 31962 32140 31404 28071 7657 0 0 0 26303 11810 22684 27355 29852 31054 31468 31592 30918 31026 31668 31965 32026
18 168 50KHz 31868 32248 32265 32526 32102 32439 32228 32134 32401 32310 32165 32130 32104 32683 30576 26787 29893 0 0 0 26339 7181 21427 27923 30127 30723 31618 31975 31851 31994 32263 32642
19 168 50KHz 32123 32240 32310 32494 32235 32309 32224 32180 32273 32281 32226 32220 32221 32382 31392 29866 23205 26804 0 0 0 25047 30123 22702 28240 30324 31476 31868 31877 32048 32208 32372
20 168 50KHz 32401 32350 32297 32218 32452 32390 32451 32445 32403 32345 32323 32222 32102 31897 32007 30940 28317 13809 26375 0 0 0 26168 12898 25137 29539 31151 31906 31974 32052 32119 32032
21 169 50KHz 32497 32256 32376 32356 32537 32117 32293 32336 32126 32181 32300 32268 32272 31597 32254 31684 29900 24007 30343 25317 0 0 0 26972 15632 26987 30413 31426 31743 31948 32005 31765
22 169 50KHz 32482 32295 32364 32305 32543 32228 32370 32423 32252 32283 32343 32293 32247 31932 32298 31809 30795 28181 22021 7212 26406 0 0 0 27320 19199 28927 31148 31659 31890 31999 31793
23 169 50KHz 32463 32431 32228 31979 32493 32671 32676 32684 32726 32556 32419 32230 31994 31943 32267 31383 31339 30281 28160 22940 12854 26893 0 0 0 28282 24835 30840 31694 31841 32029 32005
24 169 50KHz 32394 32262 32278 32183 32483 32284 32389 32421 32316 32286 32315 32227 32133 31733 32305 31850 31483 31280 30076 28256 24921 15018 26843 0 0 0 29725 27252 30253 31250 31708 31670
25 169 50KHz 32296 32047 32357 32482 32499 31877 32091 32141 31866 32021 32230 32282 32352 31556 32330 32345 31530 31697 30678 30356 29577 27108 18876 28207 0 0 0 30081 25477 29689 31036 31113
26 169 50KHz 32150 32155 32228 32202 32443 32323 32412 32436 32360 32331 32357 32300 32234 31966 32279 31969 31845 31851 31642 31544 31224 30560 28961 25072 29918 0 0 0 29614 25545 29967 31013
27 169 50KHz 31392 31972 32047 32226 32143 32604 32444 32386 32614 32551 32375 32365 32353 32982 31946 31905 32432 31200 32043 31918 31931 31474 31160 30804 27409 30128 0 0 0 29155 24838 29852
28 170 50KHz 29847 31052 31615 31998 32039 32313 32286 32263 32363 32349 32286 32322 32352 32687 31887 31973 32199 31257 31828 31869 31994 31761 31644 31596 30362 25347 29399 0 0 0 28190 20252
29 170 50KHz 26645 29675 31004 31633 32065 32110 32242 32253 32235 32241 32252 32241 32228 32125 32055 31953 32000 31803 31951 32006 32030 31964 31883 31753 31295 29764 25104 28992 0 0 0 28311
30 170 50KHz 16320 26856 29991 31152 31989 32170 32316 32349 32360 32338 32286 32217 32143 32086 32149 31874 32047 32146 32231 32221 32120 32042 32014 31966 31768 31133 29848 24544 28230 0 0 0
31 170 50KHz 21002 27633 19005 27441 31036 32056 32353 32441 32633 32420 32232 32000 31748 32007 31995 31207 31957 32166 32674 32398 31971 31687 31711 31935 31612 31047 30755 29288 18604 27741 0 0
0 170 50KHz 0 0 27481 20805 29665 30710 31495 31625 31607 31854 32006 32138 32319 32053 31974 32443 32104 31763 31717 31923 32322 32444 32440 32367 32365 32303 32045 31196 29668 26405 15457 18767
1 170 50KHz 0 0 0 27828 24693 29687 31366 31689 31912 32023 32050 32048 32085 32170 31978 32015 32183 31936 32185 32200 32303 32250 32278 32393 32275 32098 32121 31875 30998 29617 26607 27946
2 171 50KHz 27732 0 0 0 29616 25675 30567 31362 31571 31809 31954 31937 31948 31507 32166 32081 31923 32479 32178 32242 32246 32362 32335 32150 32276 32390 32180 31961 31565 30974 29893 20027
3 171 50KHz 21558 27908 0 0 0 29960 27893 30522 31218 31622 31855 31737 31643 30873 32390 31961 31706 33163 32458 32446 32162 32336 32270 31896 32183 32524 32164 32134 31962 31608 31103 27875
4 171 50KHz 30001 25282 29788 0 0 0 9115 25708 29309 30775 31335 31563 31814 31596 31993 32329 32151 32160 32016 32154 32410 32523 32518 32438 32486 32546 32406 32075 32009 32064 31978 31231
5 171 50KHz 30922 29851 25924 30009 0 0 0 28064 19909 27548 29684 30541 31082 31934 31624 31755 32446 31664 32509 32344 32399 32154 32252 32656 32338 31965 32362 32572 32340 32158 32179 32103
6 171 50KHz 31655 31470 30697 28036 9149 0 0 0 28164 16882 25429 28630 30358 31509 31558 32030 32408 31673 32195 32229 32425 32325 32390 32632 32429 32196 32419 32382 32277 32264 32315 32342
7 171 50KHz 31823 31768 31467 30648 25870 28208 0 0 0 26931 12056 22872 27812 30382 31223 32013 32387 31654 32127 32179 32444 32380 32438 32640 32440 32251 32449 32347 32282 32303 32349 32411
8 171 50KHz 31788 31979 31686 31317 29292 19642 27955 0 0 0 25736 30181 21741 28259 30508 31536 32435 31528 32414 32317 32441 32197 32300 32716 32394 32009 32427 32578 32403 32301 32380 32616
9 172 50KHz 32029 32084 31900 31698 30789 27367 16275 26621 0 0 0 25622 9141 23510 29543 31245 32127 31830 32339 32293 32361 32235 32320 32521 32345 32142 32372 32486 32370 32284 32325 32415
10 172 50KHz 32120 32083 32021 31900 31334 29562 25281 11117 25507 0 0 0 26306 12412 27158 30777 31775 31904 32113 32192 32307 32318 32343 32382 32352 32309 32357 32330 32284 32265 32273 32222
11 172 50KHz 32201 32071 31971 31768 31540 30421 28461 22200 30064 25410 0 0 0 26681 20258 29222 31253 32019 32103 32197 32200 32252 32271 32200 32242 32298 32288 32348 32321 32243 32202 32045
12 172 50KHz 32350 32089 31966 31651 31778 30977 30242 27508 21216 8511 26127 0 0 0 29171 25693 30255 32146 32040 32185 32066 32214 32193 31957 32134 32341 32217 32334 32348 32217 32111 31804
13 172 50KHz 32056 32143 31448 30760 31422 31804 31335 29904 27353 21871 7654 25620 0 0 0 29913 27748 31408 32664 32458 31798 31456 31587 31924 31716 31449 31947 33073 32759 32144 32072 32109
14 172 50KHz 31908 31806 32063 32286 31849 31265 31236 30778 29897 28830 26094 18046 28538 0 0 0 30222 27274 30016 30989 31748 32092 32111 32045 32157 32243 32084 31680 31661 31860 31943 31790
15 172 50KHz 32413 31887 31992 31785 32248 31477 31848 31816 31212 30960 30510 28907 25050 29954 0 0 0 30159 25807 29381 30532 31400 31526 31071 31656 32229 31735 31704 31797 31777 31665 31047
16 173 50KHz 32115 32157 31889 31632 32108 32394 32406 32358 32406 32050 31699 31089 30019 27649 8214 0 0 0 29517 21960 27560 29407 30413 31093 31359 31400 31725 32379 32212 31939 31957 31919
17 173 50KHz 31753 31809 32417 33111 32059 31435 31477 31419 31266 31638 31781 31958 32138 31401 28099 7745 0 0 0 26308 11819 22662 27355 29851 31056 31475 31591 30906 31031 31656 31963 32024
18 173 50KHz 31874 32249 32261 32537 32093 32446 32226 32129 32389 32345 32168 32124 32083 32566 30578 26943 29896 0 0 0 26331 7063 21442 27924 30123 30727 31630 31973 31842 31992 32262 32643
19 173 50KHz 32063 32235 32309 32497 32227 32307 32226 32185 32249 32285 32220 32220 32225 32420 31388 29918 23167 26759 0 0 0 25075 30122 22705 28267 30345 31480 31861 31875 32027 32209 32377
20 173 50KHz 32396 32338 32303 32215 32450 32392 32435 32453 32489 32340 32324 32221 32105 31834 32007 30936 28237 13744 26383 0 0 0 26162 12883 25127 29524 31156 31909 32013 32053 32118 32020
21 173 50KHz 32494 32263 32378 32341 32536 32120 32298 32347 32128 32175 32297 32267 32235 31579 32250 31680 29867 23975 30344 25308 0 0 0 26963 15600 26985 30413 31450 31745 31943 32005 31738
22 173 50KHz 32491 32296 32368 32299 32537 32225 32372 32415 32246 32260 32342 32293 32234 31695 32298 31816 30837 28224 22120 7079 26385 0 0 0 27321 19248 28891 31150 31656 31892 31998 31791
23 174 50KHz 32457 32443 32228 31965 32483 32670 32677 32709 32730 32544 32428 32229 32000 31951 32268 31385 31372 30272 28047 22959 12823 26865 0 0 0 28288 24918 30852 31697 31841 32025 32034
24 174 50KHz 32410 32263 32279 32189 32481 32286 32389 32424 32316 32273 32316 32228 32133 31743 32306 31842 31488 31276 30088 28263 24930 14957 26851 0 0 0 29713 27263 30309 31252 31708 31668
25 174 50KHz 32289 32055 32358 32474 32499 31846 32088 32148 31862 32019 32229 32283 32349 31551 32326 32350 31530 31652 30678 30351 29568 27102 18882 28211 0 0 0 30086 25482 29707 31031 31112
26 174 50KHz 32147 32155 32218 32204 32443 32323 32412 32437 32364 32339 32358 32302 32234 31971 32278 31990 31853 31854 31651 31535 31214 30564 28960 25033 29915 0 0 0 29619 25538 29971 31008
27 174 50KHz 31383 31971 32046 32222 32141 32601 32447 32383 32632 32529 32373 32362 32356 32981 31944 31907 32438 31204 32032 31933 31936 31475 31157 30793 27515 30127 0 0 0 29153 24830 29841
28 174 50KHz 29838 31050 31611 32000 32043 32312 32288 32259 32362 32347 32287 32320 32354 32690 31884 31976 32250 31256 31855 31869 32002 31765 31642 31627 30364 25472 29406 0 0 0 28190 20215
29 174 50KHz 26645 29676 31004 31623 32065 32109 32240 32264 32234 32240 32249 32243 32228 32137 32053 31955 31997 31834 31945 31999 32026 31968 31878 31758 31302 29763 25068 28988 0 0 0 28305
30 175 50KHz 16359 26865 29983 31155 31991 32172 32318 32357 32363 32316 32286 32220 32145 32077 32148 31877 32053 32139 32254 32216 32117 32042 32011 31983 31769 31150 29855 24564 28241 0 0 0
31 175 50KHz 21009 27637 19024 27437 31029 32059 32359 32425 32640 32422 32225 31995 31748 32024 31988 31214 31951 32108 32665 32398 31966 31687 31711 31916 31626 31042 30769 29275 18731 27738 0 0
0 175 50KHz 0 0 27496 20821 29643 30708 31496 31638 31613 31856 32010 32141 32317 32081 31992 32426 32095 31752 31718 31925 32319 32453 32442 32393 32362 32303 32046 31196 29685 26370 15254 18760
1 175 50KHz 0 0 0 27830 24695 29685 31367 31694 31908 32035 32050 32048 32081 32151 31979 32014 32180 31932 32197 32205 32302 32249 32277 32382 32276 32095 32120 31875 30996 29606 26592 27947
2 175 50KHz 27709 0 0 0 29613 25660 30552 31355 31559 31808 31957 31937 31948 31511 32166 32091 31924 32473 32179 32241 32246 32362 32335 32149 32270 32390 32183 31962 31562 30976 29896 20092
3 175 50KHz 21556 27918 0 0 0 29958 27882 30515 31214 31617 31854 31741 31644 30870 32392 31924 31703 33169 32464 32447 32164 32335 32271 31908 32183 32505 32164 32162 31962 31609 31101 27868
4 175 50KHz 30004 25294 29792 0 0 0 9231 25703 29296 30769 31306 31563 31804 31597 31996 32330 32143 32117 32011 32150 32408 32523 32517 32436 32484 32539 32413 32077 32013 32065 31978 31227
5 176 50KHz 30924 29829 25923 29987 0 0 0 28063 19903 27546 29685 30548 31085 31936 31622 31733 32446 31670 32474 32348 32406 32161 32257 32645 32336 31961 32354 32570 32338 32156 32178 32103
6 176 50KHz 31657 31440 30689 28021 8993 0 0 0 28165 16857 25453 28629 30349 31517 31562 32036 32406 31665 32194 32212 32426 32323 32387 32623 32423 32192 32434 32383 32282 32262 32308 32361
7 176 50KHz 31824 31795 31493 30652 25887 28209 0 0 0 26935 12091 22825 27811 30383 31213 31999 32373 31649 32110 32184 32450 32376 32435 32638 32460 32262 32449 32349 32276 32298 32350 32409
8 176 50KHz 31792 31977 31681 31317 29296 19619 27969 0 0 0 25727 30180 21764 28259 30514 31541 32436 31544 32411 32320 32435 32198 32301 32706 32391 32013 32416 32582 32398 32299 32387 32622
9 176 50KHz 31999 32085 31897 31697 30791 27372 16417 26622 0 0 0 25630 9274 23555 29552 31253 32124 31835 32346 32305 32357 32236 32298 32518 32343 32111 32372 32493 32367 32283 32327 32416
10 176 50KHz 32128 32083 32020 31899 31353 29578 25282 11193 25506 0 0 0 26300 12403 27161 30779 31778 31875 32127 32200 32308 32317 32346 32381 32343 32268 32358 32330 32283 32266 32280 32225
11 176 50KHz 32203 32068 31972 31778 31538 30414 28365 22252 30077 25465 0 0 0 26677 20264 29252 31253 32025 32123 32196 32198 32253 32249 32208 32243 32302 32288 32354 32324 32242 32202 32039
12 177 50KHz 32354 32081 31965 31649 31778 30989 30211 27606 21232 8336 26132 0 0 0 29192 25703 30258 32144 32038 32164 32062 32206 32192 31962 32122 32346 32204 32331 32344 32219 32115 31805
13 177 50KHz 32049 32147 31445 30752 31423 31809 31334 29901 27355 21910 7823 25607 0 0 0 29914 27760 31348 32669 32462 31801 31470 31581 31920 31700 31464 31952 33077 32770 32144 32075 32118
14 177 50KHz 31922 31815 32058 32288 31853 31262 31236 30786 29905 28804 26070 18062 28536 0 0 0 30222 27321 30017 31004 31745 32068 32110 32042 32163 32241 32095 31677 31658 31861 31943 31790
15 177 50KHz 32410 31897 31990 31789 32246 31473 31845 31816 31218 30956 30514 28909 25065 29946 0 0 0 30161 25798 29382 30534 31407 31527 31070 31654 32214 31737 31683 31798 31777 31666 31043
16 177 50KHz 32124 32156 31887 31637 32109 32402 32407 32359 32390 32059 31695 31085 30012 27682 7990 0 0 0 29518 21913 27563 29404 30413 31096 31361 31391 31715 32381 32212 31939 31957 31929
17 177 50KHz 31764 31814 32417 33109 32064 31429 31474 31415 31276 31616 31778 31963 32141 31409 28082 7802 0 0 0 26322 11814 22683 27359 29853 31057 31482 31594 30911 31027 31655 31963 32030
18 178 50KHz 31833 32250 32266 32518 32099 32446 32229 32131 32392 32323 32164 32123 32088 32578 30584 26790 29896 0 0 0 26330 7046 21419 27924 30128 30671 31636 31974 31856 31989 32263 32642
19 178 50KHz 32007 32248 32311 32503 32226 32327 32215 32177 32273 32279 32222 32219 32228 32384 31388 29828 23129 26804 0 0 0 25072 30123 22700 28269 30323 31488 31865 31871 32021 32210 32378
20 178 50KHz 32402 32356 32296 32215 32449 32394 32461 32474 32403 32344 32325 32226 32102 31839 32010 30948 28267 13915 26371 0 0 0 26171 12796 25134 29529 31151 31892 32009 32051 32119 32027
21 178 50KHz 32497 32256 32378 32347 32538 32165 32295 32340 32118 32179 32300 32272 32236 31599 32250 31690 29962 24011 30345 25308 0 0 0 26961 15595 26984 30412 31419 31741 31943 32005 31732
22 178 50KHz 32525 32294 32367 32300 32539 32226 32372 32418 32242 32241 32343 32293 32233 31694 32298 31813 30796 28229 22075 7058 26393 0 0 0 27321 19250 28946 31151 31658 31893 31999 31784
23 178 50KHz 32465 32445 32228 31972 32489 32671 32674 32689 32731 32541 32426 32230 32003 31942 32266 31349 31334 30280 28038 22949 12874 26871 0 0 0 28283 24931 30869 31690 31844 32028 32033
24 178 50KHz 32394 32264 32285 32190 32481 32285 32389 32421 32317 32285 32316 32229 32132 31740 32306 31844 31480 31282 30073 28242 24932 14990 26851 0 0 0 29723 27252 30344 31249 31708 31671
25 179 50KHz 32296 32046 32360 32480 32500 31852 32090 32146 31850 32021 32229 32286 32351 31556 32331 32346 31536 31670 30678 30353 29571 27105 18837 28203 0 0 0 30079 25485 29712 31032 31110
26 179 50KHz 32136 32154 32229 32203 32443 32325 32414 32438 32361 32329 32358 32301 32234 31963 32280 31967 31846 31852 31679 31545 31215 30558 29011 24945 29916 0 0 0 29617 25542 29963 31005
27 179 50KHz 31388 31974 32043 32222 32139 32603 32445 32386 32614 32529 32368 32363 32354 32985 31942 31919 32436 31200 32031 31922 31937 31474 31154 30796 27508 30126 0 0 0 29155 24831 29833
28 179 50KHz 29833 31047 31604 31997 32039 32311 32289 32258 32361 32349 32286 32320 32353 32689 31883 31973 32232 31250 31833 31869 31997 31765 31641 31599 30361 25452 29406 0 0 0 28194 20206
29 179 50KHz 26630 29663 31001 31618 32063 32106 32241 32261 32250 32239 32252 32242 32228 32132 32052 31954 32000 31821 31944 32002 32028 31964 31881 31757 31295 29769 25094 28992 0 0 0 28307
30 179 50KHz 16339 26868 29992 31153 31989 32172 32320 32350 32363 32327 32287 32218 32146 32081 32146 31882 32049 32155 32235 32219 32120 32045 32006 32027 31769 31135 29855 24733 28246 0 0 0
31 179 50KHz 21000 27636 19010 27426 31025 32058 32357 32424 32634 32423 32227 31997 31746 32012 31986 31208 31956 32174 32663 32397 31971 31685 31708 31908 31614 31041 30745 29265 18725 27726 0 0
