
0 74 50KHz 0 0 6366 26290 28523 28809 30991 31809 31596 34051 31723 30030 35291 50941 11776 31879 31116 31634 30967 32142 31948 31818 33713 31810 32966 31178 31731 29886 33978 27894 28400 16694
1 74 50KHz 0 0 0 0 23179 27988 32511 30691 32363 28320 31242 34286 27975 20687 43580 31734 32301 31496 32780 30956 31316 32466 28571 31836 30556 33087 30637 33016 29921 32388 31433 21415
2 74 50KHz 7683 0 0 0 0 23024 29646 31353 31594 31603 31677 31634 31539 30347 33325 31971 32072 32083 32114 32082 32123 32042 32060 32014 31914 31866 31947 31943 31760 31891 31582 26689
3 74 50KHz 27358 768 0 0 0 1848 27320 30658 31510 30724 31536 32206 30672 27499 36472 31984 32226 32049 32363 31917 32036 32194 31345 32057 31661 32224 31792 32348 31349 32297 31747 30433
4 74 50KHz 29367 24992 0 0 0 0 3776 27344 30390 29460 31035 32220 29464 23411 40721 31927 32357 32049 32567 31802 31987 32236 30823 32049 31358 32342 31648 32643 30728 32660 31573 31362
5 75 50KHz 29737 29154 24184 2085 0 0 0 3242 25481 28965 30219 30990 30514 30639 33239 31985 32134 32009 32272 31937 32040 32270 31549 32137 31911 32343 31872 32281 31915 32113 32135 31186
6 75 50KHz 31478 32800 30202 28212 6192 0 0 0 8219 27245 30403 31716 28942 19795 44557 31981 32562 32264 32750 31971 32164 32229 30982 32123 31302 32256 31814 32843 30307 33095 31343 32283
7 75 50KHz 32152 31380 31669 31093 28165 5000 0 0 0 13523 28706 29898 32198 36015 27837 32207 32087 32247 32073 32396 32377 32274 32843 32311 32590 32160 32440 31964 32968 31895 32473 31549
8 75 50KHz 31924 32613 31785 31756 30780 26390 9053 0 0 0 4969 26722 28778 26068 37867 31964 32319 32194 32478 32092 32219 32284 31606 32209 31805 32309 32038 32546 31391 32637 31875 32379
9 75 50KHz 33881 29436 31894 31052 29700 29065 26891 9472 0 0 0 6084 34272 57272 5251 32238 31276 32394 30840 33302 32889 31855 36561 32388 34403 31074 33612 30273 36279 30220 33203 28449
10 75 50KHz 31813 31521 31651 31528 30940 29876 29944 27422 1180 0 0 0 15874 31110 30701 31442 31683 31857 31864 32026 32074 32029 32267 32033 32122 31939 32083 31885 32285 31861 32053 31454
11 76 50KHz 30452 34013 31533 32137 32163 30767 31518 29333 25768 4737 0 0 0 948 55332 30464 32137 31539 32938 31061 31546 32255 28660 31869 30153 32729 30939 33558 28518 33723 30933 34111
12 76 50KHz 35332 28644 31786 30789 29274 30471 28239 32161 27797 34320 15072 0 0 0 5343 29850 29962 32082 29726 33695 33106 31312 38980 32271 35312 30009 34318 29090 37884 29252 33202 25952
13 76 50KHz 36216 9305 32999 17439 1330 19596 7228 45546 12666 41541 25907 0 0 0 0 46768 19926 40276 5792 54608 45338 24152 41349 37108 65535 10282 58279 0 64003 2383 52964 0
14 76 50KHz 0 32397 33032 35859 45812 23584 65535 17169 44089 10005 26283 62030 16883 0 0 0 9771 14013 37032 10566 16894 38554 4772 29271 15429 53397 8857 50460 21755 39558 37326 65535
15 76 50KHz 31912 31974 31909 31977 31894 31874 31872 31972 31799 31804 31419 30517 29521 32438 0 0 0 10599 25551 28649 30347 31078 31455 31614 31602 31628 31775 31912 31789 31949 31842 31587
16 76 50KHz 31275 32370 31976 32180 32299 31977 32495 31818 32181 30846 31636 32252 29841 27830 28408 0 0 0 5623 23991 28579 30540 30018 31412 30984 31889 31340 32299 31016 32347 31757 32638
17 76 50KHz 31801 31780 32091 32101 32072 31959 32246 32095 32137 32123 31913 31729 31823 33964 27789 12321 0 0 0 2325 24902 29416 30798 31342 31478 31616 31694 31866 32112 31872 32107 31913
18 77 50KHz 31264 32801 32066 32354 32543 32165 32719 31869 32399 30532 31863 33082 29819 24567 38859 26533 9071 0 0 0 1845 25667 28508 30943 30419 31799 31155 32535 30571 32651 31661 33021
19 77 50KHz 32321 31469 32208 32087 31943 32020 32045 32370 32144 33136 32195 31380 33296 38118 25003 29320 25011 2804 0 0 0 2121 27750 30355 31471 31110 31858 31495 32889 31562 32366 31314
20 77 50KHz 32091 31687 32168 32125 32049 32035 32177 32271 32203 32645 32154 31778 32725 35498 27953 30653 28987 25217 1143 0 0 0 6503 27686 30273 30750 31494 31562 32384 31722 32184 31598
21 77 50KHz 31997 32656 32071 32265 32287 32258 32219 32157 32256 31596 32078 32453 31181 27698 36190 31282 30806 29579 25692 1483 0 0 0 5478 25871 29515 30754 31840 31031 32269 31633 32065
22 77 50KHz 33541 29202 32322 31568 30971 31651 31095 32945 31702 36788 32565 28878 38352 60250 2017 31751 30212 30818 28271 26750 3950 0 0 0 3413 23465 31075 29401 36009 29716 33286 28819
23 77 50KHz 31826 31952 31912 31993 31949 31989 31967 32091 32050 32083 31968 31881 31948 31600 31744 31543 31325 31109 30615 29609 26397 2705 0 0 0 0 22327 29305 30566 31300 31492 31225
24 77 50KHz 32908 30676 31947 31646 31239 31828 31085 32564 31666 34658 32224 29936 35287 44619 17918 31646 30877 31321 30027 31058 29639 23881 1580 0 0 0 390 23271 31393 29665 31745 29003
25 78 50KHz 31034 33193 31585 32071 32204 32122 32010 31769 32060 30238 31690 32856 29289 19577 43957 31385 31743 31278 31544 30407 30077 28499 21385 0 0 0 0 21 19274 28751 29293 30760
26 78 50KHz 31602 30687 31854 31692 31485 31665 31624 32249 31857 33527 32055 30823 34026 41024 21833 31728 31222 31500 30883 31500 31161 30267 30503 21711 687 0 0 0 0 17075 28064 28157
27 78 50KHz 29854 32982 31683 32206 32537 32007 32767 31533 32367 29413 31636 33791 28538 18447 45605 31718 32222 31619 32461 31011 31195 31546 28704 29316 23586 752 0 0 0 0 19569 29532
28 78 50KHz 34214 30070 31842 31278 30393 31961 29562 33226 31061 37468 32556 27563 38578 53147 10588 31941 30883 32180 30153 33090 32499 30743 36688 30518 31291 18949 0 0 0 0 0 18994
29 78 50KHz 27187 32151 31433 32009 32479 31596 33123 31206 32413 28861 31412 34134 28145 19224 44645 31599 32176 31433 32545 30832 31160 31935 28561 31026 29224 28653 16151 0 0 0 0 1883
30 78 50KHz 27975 31454 31353 31557 31279 31983 30794 32328 31534 33205 31988 30532 33071 33352 29419 31762 31631 31984 31406 32199 32032 31323 33149 31393 31524 29270 27745 18051 0 0 0 0
31 78 50KHz 21741 19475 25013 29545 30732 30178 31951 30608 31999 26308 30808 34700 24209 23 64923 31073 32498 31407 33009 30388 30889 31644 27026 30908 28314 30797 27734 29630 18661 3502 0 0
0 93 50KHz 0 0 6499 26137 28094 28193 30582 31752 31462 34261 31849 29509 35732 53398 9105 31859 31038 31567 30854 32097 32158 31453 34105 31506 33051 30912 31359 29411 34431 27790 28659 16600
1 93 50KHz 0 0 0 149 23523 27689 32502 30521 32324 27905 30609 34887 27528 18324 46039 31797 32221 31432 32641 30986 30605 33127 27809 32128 30230 33149 30600 33238 29267 32448 31143 22357
2 93 50KHz 7979 0 0 0 0 22986 29408 31231 31516 31525 31610 31562 31468 30256 33408 31955 32063 32063 32094 32043 32099 31997 32035 31979 31882 31819 31921 31917 31725 31825 31546 26518
3 93 50KHz 27321 1408 0 0 0 2203 27297 30559 31428 30623 31351 32223 30572 27107 36841 31988 32199 32032 32316 31908 31890 32294 31224 32106 31602 32207 31810 32379 31228 32252 31667 30285
4 93 50KHz 29080 25417 0 0 0 0 4029 27319 30262 29339 30724 32187 29363 23172 40907 31934 32305 32028 32483 31811 31776 32400 30695 32144 31307 32319 31720 32680 30601 32550 31471 31081
5 93 50KHz 29319 29010 24186 2547 0 0 0 3406 25504 28743 29868 30816 30310 30322 33476 31971 32082 31970 32197 31921 31889 32355 31449 32163 31852 32303 31836 32267 31829 32083 32053 30843
6 93 50KHz 31213 32846 30039 28234 6735 0 0 0 8936 27242 30136 31684 28666 19094 45228 31961 32536 32244 32706 31943 31976 32359 30804 32218 31224 32251 31925 32943 30093 32977 31222 32121
7 94 50KHz 32125 31285 31586 31027 28172 5325 0 0 0 14711 29018 29881 32062 35819 28014 32184 32095 32232 32083 32360 32431 32173 32870 32244 32580 32136 32377 31937 32984 31941 32478 31470
8 94 50KHz 31833 32624 31730 31698 30681 26441 9862 0 0 0 5927 27006 28629 26012 37866 31949 32283 32171 32423 32078 32120 32343 31557 32252 31792 32298 32095 32570 31350 32566 31838 32301
9 94 50KHz 34041 29119 31828 30965 29593 28851 26925 11472 0 0 0 7153 33707 55951 5987 32118 31420 32359 31061 33096 33430 31199 36733 31972 34377 31062 33264 30167 36420 30493 33336 28519
10 94 50KHz 31911 30977 31608 31352 30606 29467 29638 27770 1574 0 0 0 16771 34550 27079 31436 31554 31815 31665 32066 32186 31862 32789 31964 32399 31820 32157 31610 32897 31622 32266 31042
11 94 50KHz 30045 34535 31446 32144 32108 30550 31453 29275 26007 5394 0 0 0 0 59175 30451 32048 31458 32803 30990 30935 32750 28007 32159 29853 32770 31100 33858 27831 33655 30602 34209
12 94 50KHz 35673 28346 31714 30697 29193 30244 27873 31972 27597 33662 16204 0 0 0 6506 29852 30311 32076 30102 33364 34048 30174 39269 31596 35292 29969 33849 28969 38005 29670 33373 26061
13 94 50KHz 36693 7642 32585 16343 772 17983 5948 44795 11911 41257 34699 0 0 0 0 45473 22994 40673 12241 52680 55641 10482 41982 29262 65535 9888 53324 0 64178 2012 57328 0
14 95 50KHz 0 32961 33340 36607 46177 24106 65535 17949 44127 10445 19475 62640 18210 0 0 0 7901 13471 33215 12484 5359 48533 4589 34425 14848 53596 11605 50499 21298 40317 35170 65535
15 95 50KHz 31904 32072 31902 31987 31902 31861 31850 31943 31774 31678 31390 30554 29502 31752 0 0 0 10791 25274 28179 30060 30931 31277 31555 31495 31592 31756 31950 31659 31983 31776 31621
16 95 50KHz 31222 32348 31984 32165 32251 31930 32474 31834 32142 31010 31526 32186 30151 28857 27559 0 0 0 5500 23318 27957 30407 29904 31406 30949 31793 31397 32242 31103 32222 31765 32500
17 95 50KHz 31751 31764 32073 32088 32051 31917 32230 32075 32108 32082 31860 31675 31796 34017 27723 12390 0 0 0 2427 24530 29089 30539 31206 31345 31510 31612 31828 32079 31873 32086 31867
18 95 50KHz 31176 32768 32058 32327 32473 32101 32689 31883 32346 30732 31702 32964 30107 25849 37390 26229 8335 0 0 0 2353 25865 28381 30944 30366 31671 31229 32469 30642 32468 31642 32811
19 95 50KHz 32294 31476 32168 32075 31939 31992 32008 32326 32117 32952 32193 31336 33026 37312 25736 28867 24338 2844 0 0 0 2670 27786 30215 31308 31011 31698 31479 32742 31650 32306 31300
20 95 50KHz 32240 31113 32171 32011 31862 31903 32015 32337 32118 33215 32244 31249 33522 39393 23775 30361 28322 24678 1303 0 0 0 8148 27959 30605 30591 31529 31232 33030 31465 32402 31149
21 96 50KHz 31704 33220 31988 32324 32413 32303 32314 32019 32277 30896 31878 32898 30196 23394 40562 31087 30619 29195 25752 1811 0 0 0 6185 25756 29551 30582 32126 30160 32445 31271 32300
22 96 50KHz 33850 28417 32308 31459 30842 31546 30919 32982 31659 37053 32951 28321 38718 63108 308 31589 30046 30525 28083 26767 5548 0 0 0 4391 23753 30842 29030 36669 29792 33586 28623
23 96 50KHz 31558 32257 31848 32025 32035 31994 32049 31989 32074 31577 31856 32189 31262 28763 34642 31441 31284 30932 30589 29438 26808 3479 0 0 0 0 22266 29493 29910 31396 31232 31313
24 96 50KHz 33017 30302 31922 31589 31184 31761 30993 32554 31654 34688 32442 29676 35297 45360 17175 31541 30822 31163 29954 30866 30055 24027 2517 0 0 0 572 23338 31605 29696 31837 28805
25 96 50KHz 30832 33310 31537 32054 32177 32069 32009 31736 32044 30200 31554 32918 29237 19361 44196 31332 31615 31140 31370 30287 29868 28674 21832 270 0 0 0 243 19081 28587 29116 30341
26 96 50KHz 31259 30682 31815 31717 31577 31612 31777 32152 31930 33076 32063 31095 33483 39299 23672 31692 31273 31396 30972 31306 31181 30174 30243 21918 957 0 0 0 0 17092 28045 28186
27 97 50KHz 29533 33285 31680 32251 32586 32007 32887 31526 32401 29324 31421 34073 28483 17756 46372 31770 32175 31600 32394 31048 30853 31954 28452 29645 23889 1143 0 0 0 0 19589 29425
28 97 50KHz 34743 29327 31841 31199 30312 31897 29379 33252 31069 37676 33100 27012 38685 54239 9743 31868 31025 32183 30306 32920 33304 29781 37298 29922 31554 19067 0 0 0 0 0 19107
29 97 50KHz 27252 32349 31397 31973 32352 31597 32951 31317 32321 29271 31230 33974 28696 20320 43414 31657 32028 31457 32308 31007 30852 32244 28744 31193 29277 28535 16124 0 0 0 0 2247
30 97 50KHz 28463 31107 31306 31465 31150 31892 30627 32338 31488 33446 32175 30167 33307 34943 27797 31701 31629 31968 31374 32137 32304 30913 33496 31145 31623 29065 27661 17552 0 0 0 0
31 97 50KHz 22131 20722 24739 29292 30299 29683 31638 30504 31839 26363 30373 34720 24359 0 65051 31087 32299 31324 32707 30387 30247 32053 26772 31068 28018 30358 27730 29452 18163 3694 0 0
