
0 33 50KHz 0 0 28068 30510 20069 24058 25956 28317 26253 31346 29384 28910 29602 29958 28815 30386 29223 30379 29943 30200 29373 29519 29737 30129 28879 28597 27468 26198 24821 13080 28160 7904
1 33 50KHz 0 0 0 27099 30449 20396 24811 27090 27882 29210 29160 29376 29336 29033 29970 29573 30395 29686 29602 29380 29588 30715 30961 27523 29625 28065 27551 27516 26900 18762 30664 26931
2 33 50KHz 28318 0 0 0 26253 30127 18166 24915 20944 32291 28267 27261 28955 30274 26926 30854 27545 30837 30005 30847 28950 28207 28488 33141 28679 30233 29428 28223 28214 27506 24243 15033
3 33 50KHz 30761 27624 0 0 0 27658 30986 23339 26390 28797 28936 29216 29492 28982 30345 29862 30584 30031 30187 29981 29884 30918 31245 28793 30193 29419 28965 29789 29371 26339 25462 22405
4 33 50KHz 21291 30634 26160 0 0 0 27922 30891 20547 27846 27253 27768 28789 29057 28978 29824 29798 30023 29686 29771 29836 30482 30704 29130 30226 29460 29585 29563 29922 26825 27480 25241
5 33 50KHz 24844 21161 7850 26925 0 0 0 27351 30280 25397 24744 25832 27552 28336 27774 29615 28788 29926 29504 29822 29272 29712 30020 30052 29721 29655 29578 29498 29822 28015 28320 26925
6 34 50KHz 26489 25188 18474 30749 27436 0 0 0 27711 18909 22681 25469 27377 27698 29093 29305 30080 29749 29727 29661 29895 30890 31171 28645 30507 29591 29678 30290 30426 27911 28807 28258
7 34 50KHz 28921 27686 25798 22744 30872 27307 0 0 0 29180 30839 20138 24656 26577 26056 29398 27306 29952 29622 30302 28485 28490 28942 32250 28877 30387 29638 29643 29510 30770 29415 29068
8 34 50KHz 25611 27251 19048 24290 17015 29648 26238 0 0 0 28435 18792 24773 25189 32745 27692 34786 28781 29507 28079 32684 35713 35662 21377 33983 28191 30148 32047 32780 23380 29149 29131
9 34 50KHz 31637 29203 33309 28155 27771 25826 31242 28809 0 0 0 25760 29958 17653 14924 27413 19210 29185 27721 30402 24422 22492 23319 38873 24801 31028 29138 27026 27216 34497 29967 28870
10 34 50KHz 30023 29726 29197 29009 27784 25870 23826 31039 29263 0 0 0 27397 30490 19627 26461 25570 28955 28679 29675 28362 28654 29140 31735 29302 30345 30094 29819 30163 30459 30283 29860
11 34 50KHz 29533 29891 28012 29256 28072 26503 26002 20979 20370 26792 0 0 0 27235 30966 23800 26470 28177 28617 29200 29277 30466 30898 29401 30535 30084 30159 30741 30883 29416 30162 30191
12 34 50KHz 30029 29718 29515 29402 28968 28046 27712 25345 25341 30538 26894 0 0 0 28095 31025 20545 26289 26893 28545 27296 28208 28891 31314 29021 30120 29810 29783 30026 30410 30115 29907
13 35 50KHz 30360 29503 30795 28955 29341 28970 28232 27527 26210 22443 30534 27192 0 0 0 27091 29950 20755 23109 26814 23717 24983 26209 33538 26725 30047 28896 28641 28642 31889 29562 29329
14 35 50KHz 29623 30603 27871 30581 29455 28541 29625 26939 32177 19381 19821 30934 28159 0 0 0 27928 14129 22442 25965 28233 31193 31944 27321 31740 29894 30708 31513 31971 28355 30763 30788
15 35 50KHz 30637 29897 31165 29765 29968 29983 29567 29968 28199 29704 27023 24268 17689 27051 0 0 0 27565 30419 21664 20549 23934 25706 32902 26716 29933 29087 28664 28904 31655 29908 29559
16 35 50KHz 29855 30943 28176 30806 30134 29318 30467 27827 34046 22095 25517 26043 20484 29780 27234 0 0 0 28387 17790 24380 30455 31937 26518 31960 29899 30770 32021 32235 28619 30854 31252
17 35 50KHz 30442 29779 30939 29726 29929 30005 29725 30188 28832 30565 29001 27967 26541 20635 30725 26990 0 0 0 27955 30006 19601 23492 31480 25578 29199 28577 28365 28762 31302 29745 29464
18 35 50KHz 30212 29910 30295 30068 29787 29786 29892 30021 29625 29467 28884 28565 27336 23599 21385 30404 28107 0 0 0 25743 12624 20898 29130 24936 28417 28369 28338 29125 30375 29890 29536
19 35 50KHz 30601 29947 31178 30094 30109 30293 30077 30845 28933 31707 30179 29561 29361 28006 26109 23257 31278 28631 0 0 0 28661 30893 28767 22811 28057 27865 27747 28595 31185 29869 29460
20 36 50KHz 29804 30037 29352 29887 30004 29652 30142 28931 32165 26712 28527 29118 27618 24050 27374 20756 23136 30153 25432 0 0 0 27312 15118 19089 25458 26526 28397 29207 29536 29481 29894
21 36 50KHz 30113 31223 28798 31139 30797 30196 31233 28948 34852 24803 28799 30295 28355 24950 30542 23780 29380 19854 9719 27825 0 0 0 28852 31347 25523 28132 30656 31464 28638 30679 31327
22 36 50KHz 29594 31546 27411 31591 30720 29840 31544 28012 37080 21389 27816 30404 27443 22889 31689 22232 31369 19833 15079 29673 24261 0 0 0 29218 20900 27101 31528 32680 26515 31002 31772
23 36 50KHz 28883 25834 32673 26639 27533 28849 26998 32083 19648 40238 31461 28277 31274 35056 25104 34435 24518 33084 30413 30697 30951 28406 0 0 0 27763 29889 11768 17497 30781 24614 23630
24 36 50KHz 29137 29978 28785 30138 30280 29907 30656 28995 33535 26224 29171 30242 28934 26405 31156 26408 31173 25583 24269 20882 15787 31059 29204 0 0 0 27479 30942 24335 26185 27873 29149
25 36 50KHz 28320 27924 29885 28746 29029 29370 29268 30268 28213 31578 30071 29636 29978 30109 29075 30056 29133 29514 28395 27699 24746 24442 21687 28389 0 0 0 27573 30756 24316 24597 25707
26 36 50KHz 27523 27747 29282 28536 29388 29519 29575 29636 30055 29989 29939 29820 29752 28876 30097 29143 30133 28874 28358 27446 25935 27346 26516 30436 27365 0 0 0 28166 17397 21423 24654
27 37 50KHz 26215 27806 27944 29492 29414 29479 30317 29560 32080 27708 29541 30430 29583 28286 31026 28375 31499 28310 27939 26781 27577 29914 29623 14974 30761 27119 0 0 0 28213 30928 22393
28 37 50KHz 24069 26631 27511 28684 29522 29545 30213 29124 32566 27537 29691 30370 29587 27866 31452 28253 31657 28338 28454 27371 28163 30699 30780 18984 22397 30428 27003 0 0 0 28546 16450
29 37 50KHz 10425 31139 25423 24004 25089 26603 26635 29929 23237 34062 29474 28309 29675 31593 26751 31467 27351 31229 29960 30895 28813 27373 27213 32214 25507 24379 15275 27818 0 0 0 26643
30 37 50KHz 28345 30774 23331 24478 26973 27999 28558 29159 29263 30298 29930 29709 29880 29317 30138 29781 30261 29819 29736 29498 29068 30091 30421 26910 27542 24977 21091 30897 28842 0 0 0
31 37 50KHz 14186 27204 13770 20598 24302 26395 27911 28708 29273 29282 29427 29716 29628 29016 30103 29359 30631 29485 29282 28939 29417 30725 30939 25903 28669 25850 24194 21685 16941 26732 0 0
0 195 50KHz 0 0 28165 30513 20027 23968 25693 28463 27105 30140 29612 28874 29816 30583 28493 30924 28784 30810 30218 30638 29162 28739 29141 30752 27773 27801 25572 22974 20875 10734 28338 7896
1 195 50KHz 0 0 0 27091 30457 20413 24699 27184 27789 28957 29394 29495 29632 29660 30014 30162 30324 30205 30077 30000 29813 30405 30414 28739 29230 28028 26604 25405 23527 14832 30584 27194
2 195 50KHz 28528 0 0 0 26213 30106 17894 24945 23323 29178 28509 27380 29212 30830 26912 31359 27465 31288 30392 31318 29052 27834 28596 33362 28059 29853 28505 26449 26359 25709 24289 17227
3 195 50KHz 30833 27726 0 0 0 27648 30969 23237 26346 28006 29016 29320 29685 29336 30571 30253 30755 30425 30625 30494 30292 30992 31091 29735 30300 29774 28895 29063 27825 24723 24311 22632
4 195 50KHz 21726 30700 26214 0 0 0 27906 30877 20809 26021 27297 27861 28946 29374 29225 30195 30036 30411 30134 30273 30307 30634 30689 29935 30408 29813 29597 29024 28701 25462 26511 25325
5 195 50KHz 25138 21519 7892 26954 0 0 0 27300 30306 21805 24693 25876 27641 28548 28040 29922 29086 30288 29952 30303 29798 29949 30215 30623 29947 29980 29623 29033 28834 26847 27537 26962
6 196 50KHz 26517 25322 18473 30744 27433 0 0 0 27395 14050 22456 25368 27331 27715 29289 29465 30342 29993 30079 30056 30410 31222 31214 29401 30944 30130 30032 30275 29725 27107 27882 28048
7 196 50KHz 29258 27937 25974 22725 30864 27267 0 0 0 28035 30807 19987 24572 26563 26154 29525 27507 30194 29958 30655 28914 28705 29412 32349 29006 30534 29611 29177 28942 30122 29257 29264
8 196 50KHz 27608 28091 23633 25471 19809 30164 26907 0 0 0 27890 12572 22038 24515 27840 28216 30354 29396 29434 29378 30865 32073 31781 28117 31957 30047 30785 31019 30889 26535 28738 28873
9 196 50KHz 30689 29348 29938 27605 25976 22151 30879 27754 0 0 0 26327 30254 18535 20092 27366 24120 29298 28796 30228 27438 26886 28049 33578 27793 30463 29387 28271 28535 31036 30037 29746
10 196 50KHz 30378 30032 29499 29127 27844 25833 23653 31015 28384 0 0 0 27369 30465 19519 26354 25633 29007 28848 29885 28729 28936 29608 31800 29596 30616 30283 29709 29896 30082 30232 30093
11 196 50KHz 29634 30095 28210 29421 28209 26574 25956 20863 13118 26671 0 0 0 27224 30954 23603 26451 28101 28649 29288 29572 30772 31034 29785 31029 30590 30658 31078 30749 29204 29748 30150
12 196 50KHz 30372 30091 29840 29646 29147 28135 27677 25246 22686 30487 26859 0 0 0 28102 31005 20541 26197 26925 28614 27603 28536 29377 31234 29424 30423 30096 29827 29867 30023 30052 30153
13 197 50KHz 31055 30131 31369 29327 29633 29129 28222 27478 25540 21226 30497 27160 0 0 0 27084 29940 20612 23108 26849 24018 25289 27132 32972 27018 30168 28969 28301 28345 31258 29860 29940
14 197 50KHz 29424 30692 27912 30840 29703 28790 29814 27030 28409 21998 19635 30912 28145 0 0 0 27914 13796 22193 25775 28247 31409 31696 27691 32294 30442 31376 32249 32037 28226 30041 30465
15 197 50KHz 31241 30479 31690 30165 30307 30225 29673 30044 28635 28631 26833 23966 17371 27008 0 0 0 27506 30390 21538 20584 24039 26429 32228 26868 29957 29081 28310 28599 30972 30129 30081
16 197 50KHz 29493 30886 28104 30998 30368 29591 30719 28005 30613 25123 25527 25993 20407 29752 27197 0 0 0 28325 17461 24130 30453 31399 26911 32328 30356 31347 32726 32261 28557 30002 30753
17 197 50KHz 30989 30349 31469 30180 30331 30342 29936 30396 29392 29867 28987 27816 26362 20345 30681 26921 0 0 0 27935 29991 19529 24058 30707 25620 29188 28556 27984 28378 30510 29812 29883
18 197 50KHz 30600 30411 30747 30548 30236 30196 30201 30323 29606 29544 29003 28547 27292 23485 21090 30371 28049 0 0 0 25745 12635 21313 28365 25031 28501 28472 28117 28737 29511 29680 29756
19 197 50KHz 31109 30533 31681 30604 30565 30697 30387 31138 29852 30997 30326 29588 29356 27953 25898 23090 31248 28615 0 0 0 28667 30955 27642 22875 28051 27864 27330 28125 30132 29790 29810
20 198 50KHz 29738 30286 29527 30322 30469 30135 30607 29340 30949 28313 28870 29389 27869 24280 27389 20761 22923 30137 25430 0 0 0 27235 14003 19239 25745 26897 28489 28725 28497 28552 29556
21 198 50KHz 29464 30956 28473 31231 30951 30423 31548 29180 32218 27720 29083 30626 28671 25260 30790 23901 29398 19792 9704 27830 0 0 0 28685 31379 25987 28745 31323 31357 28263 29476 30500
22 198 50KHz 28645 30712 27284 31240 30616 29994 31550 28578 32318 26765 28520 30673 28310 24626 31519 23673 30860 21075 16399 29904 24515 0 0 0 28971 20780 26753 30865 31364 26836 29042 30102
23 198 50KHz 30269 27808 33476 28271 28868 29842 28132 32378 26723 34109 31637 28752 31148 34214 25594 33460 25050 32091 29416 29047 30788 28257 0 0 0 27881 30054 11842 16997 26491 24495 24980
24 198 50KHz 28136 29623 28195 30260 30469 30136 31105 29153 32006 28193 29498 30774 29334 26701 31793 26548 31583 25568 24277 20806 15831 31072 28770 0 0 0 27713 31109 24172 24348 25462 27632
25 198 50KHz 27720 28006 29668 29190 29444 29756 29831 30484 29749 30604 30386 30129 30254 30210 29621 30031 29563 29423 28371 27550 24845 24741 20994 28223 0 0 0 27779 30726 20737 21672 24177
26 198 50KHz 25813 26921 28412 28420 29382 29568 29909 29620 30641 29660 30141 30283 29998 28903 30763 29088 30668 28764 28347 27294 26120 27819 25967 30420 27456 0 0 0 28324 13197 16140 21399
27 199 50KHz 22924 25679 25922 28540 28713 28917 30273 29018 31023 28290 29365 30748 29561 27799 31826 27879 32223 27768 27524 26054 27416 30473 28763 13830 30838 27174 0 0 0 28178 30248 16615
28 199 50KHz 19499 22836 24960 26445 27814 28197 29279 28283 30623 28117 29216 30098 29275 27353 31414 27768 31573 27786 27842 26607 27331 30348 29302 17874 21698 30356 27131 0 0 0 28013 10584
29 199 50KHz 9274 30727 22843 21696 23193 25072 25586 29020 25291 30273 28887 27905 29103 30710 26365 30509 27064 30212 28751 29348 27230 26604 26857 27691 22978 20125 11774 27693 0 0 0 26150
30 199 50KHz 28454 30645 22734 22773 25569 26831 27346 28685 28408 29698 29622 29083 29603 29389 29193 29802 29260 29698 29309 29191 27820 28622 28794 26138 24859 21809 15357 30191 28304 0 0 0
31 199 50KHz 14305 27345 15058 20365 23999 26080 27413 28670 28471 29435 29488 29511 29713 29499 29643 29763 30052 29757 29353 29164 28878 29725 29576 26353 26912 23993 20374 14690 10318 26219 0 0
