
0 179 50KHz 0 0 13844 28090 31699 28644 39573 21851 30720 48004 15283 32533 30009 30420 33980 33992 27619 31466 30973 47847 15861 31452 34600 45318 24822 21983 31156 41271 20374 42441 13460 13595
1 179 50KHz 0 0 0 6907 26576 30617 30721 31097 31445 31877 30953 31334 31528 31491 31377 31313 31725 31505 31533 32055 30646 31579 31355 32402 30378 31296 31379 31981 30664 31946 30413 18460
2 180 50KHz 11033 0 0 0 7677 25291 35957 24969 30880 42156 20819 32158 30532 30839 33175 33129 29044 31571 31259 42000 21381 31583 33569 40288 27170 25635 31773 37788 25227 38364 23673 26548
3 180 50KHz 26938 4799 0 0 0 8945 29991 28536 30816 35138 27450 31631 31002 31111 32026 32022 30438 31504 31406 35402 27532 31509 32271 34711 29753 29068 31528 33818 28952 34055 28233 29071
4 180 50KHz 30536 25078 4802 0 0 0 22622 22130 29988 43439 18960 32287 30037 30555 33510 33593 27907 31508 31108 43741 19656 31410 34177 41042 27317 24054 31756 38648 24200 39479 21978 29152
5 180 50KHz 28058 30133 24424 8616 0 0 0 30197 28077 6874 53300 29172 32922 32309 27478 27379 36716 31243 32000 10189 50798 31337 26785 14390 38298 42924 30528 18979 42838 17750 45816 31722
6 180 50KHz 40058 29750 35857 28142 16925 0 0 0 5663 65535 0 38432 22359 25782 45907 47051 6181 31923 29080 65535 0 30988 50689 63566 12441 0 33952 65298 93 65535 0 23970
7 180 50KHz 19847 30138 23358 27367 19809 29644 0 0 0 2760 63284 21757 37325 34407 16583 15498 53095 29964 32617 1030 62385 31160 12453 4690 46203 65535 28214 3066 60846 1140 65535 36342
8 180 50KHz 30620 31472 30848 30934 30188 29365 16050 0 0 0 38915 28838 31390 31352 29820 30064 33190 31575 31895 23276 39390 31582 30110 24486 35036 35732 31282 26637 36169 26283 36843 31607
9 181 50KHz 40715 30996 37629 33800 40622 16134 65535 0 0 0 0 26812 22786 26456 45585 46235 9688 32045 29241 40805 0 31411 34446 65535 7576 0 34230 37427 0 37870 0 26475
10 181 50KHz 21458 30871 24555 28206 21797 44097 0 65535 29908 0 0 0 21761 31155 15493 15743 51367 30128 32897 0 65535 32624 13609 0 34866 36912 28198 0 36762 0 38007 35662
11 181 50KHz 32472 31462 32211 31779 32569 29642 37018 24409 28996 39917 0 0 0 13207 29637 32149 28671 31439 31290 40735 22897 31614 33645 38926 28461 26209 31917 37017 26336 37603 24813 30928
12 181 50KHz 29905 31478 30456 31012 29993 33253 24434 37715 31489 19907 32906 0 0 0 14059 26129 33634 30853 31652 19227 42720 31521 28829 21905 35343 38307 31092 24489 38130 23744 40001 32077
13 181 50KHz 30481 31586 30923 31272 30709 32733 27497 35146 31578 25305 35672 16069 0 0 0 19485 31552 30564 31472 23987 38446 31632 29880 25940 33683 35912 31396 27423 35630 26915 36934 31998
14 181 50KHz 33917 31673 33263 32266 33823 28321 41404 20965 30163 48983 13259 29791 14410 0 0 0 17165 29565 30569 47560 16882 31548 35805 43805 27777 21695 32283 41052 22809 42321 19296 30269
15 182 50KHz 32550 31388 32269 31756 32686 29503 37762 24460 30685 43063 19346 31083 26636 16084 0 0 0 19259 28229 40974 21553 31132 33622 39528 28029 25298 31763 37547 25521 38223 23738 30660
16 182 50KHz 28524 31434 29547 30581 28614 35139 17675 45306 32454 6280 54868 29153 32447 30170 16822 0 0 0 17534 1838 53943 30589 25749 11788 39599 44724 30407 17271 44695 15932 48103 32438
17 182 50KHz 31457 31626 31622 31641 31661 31661 31902 31286 31696 32364 30855 31477 31121 30636 29635 23148 0 0 0 19283 31993 30005 30652 31244 31383 31703 31461 31636 31523 31658 31624 31569
18 182 50KHz 31008 31646 31337 31552 31269 32343 30081 33282 31996 29213 34119 31336 31874 31559 30543 29036 21410 0 0 0 32765 27797 29030 28758 32008 33628 31268 29859 33196 29661 34032 31867
19 182 50KHz 42094 31455 38634 34567 41965 17066 65535 0 27237 41759 0 38496 22757 25489 45624 47034 913 5879 0 0 0 19038 34317 65535 6484 0 34571 37794 0 38252 0 27015
20 182 50KHz 21243 30533 24624 28257 22449 42862 0 65535 35076 476 65444 25012 38149 35585 19259 16734 51664 29440 24335 0 0 0 0 1730 49150 65535 27526 434 63866 0 65535 35058
21 182 50KHz 31383 31684 31578 31611 31467 31822 30591 32616 31708 29713 33389 31577 31730 31692 31326 31146 31196 29863 27372 27187 0 0 0 21689 32600 32334 30757 29970 32725 30208 32752 31459
22 183 50KHz 34153 31555 33443 32398 34363 27778 45397 17206 30546 35194 6025 33494 29331 30082 35535 35985 24330 30401 28487 35088 0 0 0 0 21047 18044 31240 34027 18276 46635 14810 30260
23 183 50KHz 37161 31348 35206 32914 36788 23375 57694 1163 28807 37386 0 35130 26606 28247 39131 40263 17127 30606 28589 65535 0 15482 0 0 0 0 30459 56893 4613 61968 0 28596
24 183 50KHz 29402 30565 30105 30564 30136 31765 29323 31933 31414 29551 31961 30342 31481 31257 30178 29617 32596 30586 30508 28548 30906 29277 20059 0 0 0 7167 26029 31229 28444 33281 30984
25 183 50KHz 24611 30884 27016 29255 25194 38844 829 60861 33447 0 37507 27158 35731 34179 22995 21569 44783 30917 32420 0 37033 30542 19827 0 0 0 0 0 55739 0 65535 32304
26 183 50KHz 30887 31373 31700 31559 31819 30883 33032 29703 31319 34212 28594 31819 31172 31333 32078 32106 30274 31296 31061 34577 27864 30543 31080 33773 18740 0 0 0 18206 28004 29032 29605
27 183 50KHz 40278 31525 37563 33926 39920 19098 65535 0 27342 39748 0 37372 24065 26670 43422 45438 9660 31346 28900 39615 0 30085 34160 64730 10810 0 0 0 0 47711 0 25530
28 183 50KHz 19761 29980 24931 28307 23247 41312 1717 62611 34570 2332 38318 25588 37195 34937 20736 18485 49633 30635 32589 415 37816 31343 16866 3952 44841 35877 12939 0 0 0 59279 27991
29 184 50KHz 36455 31306 35698 33187 37551 22654 63220 0 28657 37912 0 35688 26224 28061 40164 41489 16046 31466 29746 37758 0 30888 33757 65535 15579 0 24909 35069 0 0 0 8818
30 184 50KHz 13958 29730 25117 28321 23031 41164 0 65535 34061 0 39114 25769 37119 35058 20245 18627 49103 30851 32978 0 38539 31130 17129 0 51665 36178 28069 0 46235 0 0 0
31 184 50KHz 20896 19449 26995 29379 29371 32305 24868 37217 31609 20682 41864 30741 32161 31922 29821 29713 33565 31401 31730 22171 40247 31306 29643 23748 35118 35536 29874 25633 32460 20327 0 0
0 198 50KHz 0 0 14672 28502 31779 28691 38977 22169 30631 47243 15958 32408 29934 30293 33926 34004 27370 31541 30988 47339 16409 31227 34519 44794 25184 21808 30931 41063 20390 42333 13249 13533
1 199 50KHz 0 0 0 7562 27276 30881 30695 31074 31412 31880 30930 31295 31491 31451 31358 31291 31741 31505 31527 32058 30593 31562 31320 32426 30339 31235 31326 31994 30590 31980 30259 18285
2 199 50KHz 11851 0 0 0 8275 26085 35905 25128 30883 41880 21072 32104 30517 30799 33155 33143 28910 31625 31276 41783 21618 31470 33540 40061 27311 25586 31745 37678 25284 38283 23699 26396
3 199 50KHz 27428 5420 0 0 0 9618 30331 28549 30823 35170 27395 31606 30960 31061 32040 32047 30335 31527 31405 35460 27474 31451 32284 34741 29753 28957 31514 33855 28879 34112 28114 28981
4 199 50KHz 30676 25945 5374 0 0 0 23630 22162 30077 43743 18687 32278 29987 30478 33620 33741 27557 31584 31117 44014 19445 31262 34318 41292 27255 23670 31772 38808 24020 39730 21654 29065
5 199 50KHz 28124 30448 25343 9351 0 0 0 31351 28539 5930 53761 29057 32913 32340 27258 27101 37271 31103 31958 9521 51230 31522 26519 14024 38252 43437 30465 18633 43117 17334 46243 31680
6 199 50KHz 39253 29698 35839 28709 18915 0 0 0 6255 65535 0 38291 22373 25523 46109 47353 4103 32392 29261 65535 0 30109 50903 63901 12449 0 34029 65289 50 40982 25734 30117
7 200 50KHz 29087 30847 29671 29742 27065 11894 0 0 0 0 64644 21536 32085 31495 26858 26816 37621 31008 31971 4513 56334 31924 12206 5011 45561 65535 28105 3140 60754 1178 65535 35686
8 200 50KHz 30528 31442 30852 30940 30237 29759 14785 0 0 0 39217 28783 31182 31143 29669 29970 33244 31509 31859 23301 39299 31614 30076 24548 34950 35759 31246 26662 36117 26309 36750 31472
9 200 50KHz 40376 30935 37465 33823 40976 15551 56580 0 0 0 0 27760 23077 26316 45942 46724 7717 32484 29434 40792 0 30620 34476 65535 8112 0 34360 37428 0 37892 0 26619
10 200 50KHz 21718 30868 24698 28169 21492 44569 3018 60071 30570 0 0 0 22321 31131 15021 15191 52520 29672 32665 0 65535 32693 13351 0 34785 36960 28058 0 36738 0 37970 35281
11 200 50KHz 32336 31418 32153 31750 32571 29530 34376 26665 28933 40201 0 0 0 13798 29581 32052 28466 31430 31276 40540 23092 31482 33616 38724 28560 26155 31898 36929 26376 37541 24876 30860
12 200 50KHz 29826 31431 30443 30976 29931 33277 27068 34763 31286 20340 32927 0 0 0 14143 25914 33716 30710 31566 19173 42598 31568 28725 21957 35203 38381 31037 24500 38080 23745 39912 31919
13 200 50KHz 30359 31541 30885 31228 30627 32788 28763 33568 31395 25209 35690 16522 0 0 0 19215 31738 30485 31425 23563 38693 31641 29722 25706 33713 36137 31338 27219 35790 26689 37106 31886
14 201 50KHz 33874 31659 33255 32283 33936 28097 37985 24178 30012 49591 12508 29743 14511 0 0 0 17010 29902 30672 47985 16637 31321 35956 43999 27785 21222 32312 41350 22498 42678 18936 30271
15 201 50KHz 32223 31369 32059 31677 32469 29797 34391 27774 30746 41124 21151 30777 26744 16001 0 0 0 20366 28566 38965 23492 30989 33089 37935 28579 26390 31695 36418 26587 36950 25226 30803
16 201 50KHz 28639 31449 29654 30603 28608 35196 23608 39381 32367 7252 54273 29155 32242 30081 17019 0 0 0 17820 2142 53513 30607 25640 12191 39355 44693 30365 17469 44521 16155 47729 32282
17 201 50KHz 31539 31640 31686 31674 31743 31557 31883 31276 31647 32904 30308 31490 31006 30578 29967 23853 0 0 0 19791 31693 29742 30565 31555 31269 31374 31479 31946 31247 32010 31226 31512
18 201 50KHz 31031 31644 31362 31559 31283 32322 30551 32777 31967 29459 33864 31334 31807 31525 30637 29323 21316 0 0 0 32962 27383 28607 28743 31945 33522 31243 29966 33095 29778 33871 31788
19 201 50KHz 41943 31460 38509 34608 42296 16412 63688 0 27228 41774 0 38326 22646 25075 45979 44119 2198 6601 0 0 0 18156 34318 65535 6821 0 34734 37822 0 38303 0 27323
20 201 50KHz 21478 30493 24798 28239 22196 43227 5518 55825 34964 701 65190 25169 37989 35721 19167 19224 49964 29159 24496 0 0 0 0 1917 48068 65535 27332 551 63703 0 65535 34511
21 202 50KHz 31154 31654 31459 31544 31293 32010 30701 32497 31729 28448 34574 31439 31781 31700 31063 30938 31286 29555 26918 26112 0 0 0 20467 32965 32988 30618 29174 33439 29327 33636 31409
22 202 50KHz 34066 31529 33408 32407 34479 27559 39724 22856 30523 35226 5505 33453 29247 29926 35651 35165 24572 30225 27949 35129 0 0 0 0 21211 17563 31285 34049 18094 46891 14614 30232
23 202 50KHz 36880 31337 35046 32896 36852 23192 47055 14473 28854 37274 0 34968 26655 28116 39110 38501 18279 30692 28412 65535 0 14977 0 0 0 0 30790 56394 5592 60957 0 28796
24 202 50KHz 29309 30528 30053 30484 30054 31842 28814 32456 31429 29023 32175 30288 31493 31271 30054 29670 32543 30498 30407 28353 30822 29033 20207 0 0 0 7590 26106 31591 28061 33670 30805
25 202 50KHz 24141 30813 27034 29197 24992 39147 14292 48276 33390 0 37514 27196 35712 34301 22733 23143 43731 30631 32208 0 37017 30852 19345 0 0 0 0 0 56477 0 65535 31784
26 202 50KHz 30658 31328 31680 31551 31839 30830 32565 30176 31287 34284 28506 31805 31119 31272 32102 32025 30252 31299 31023 34740 27680 30422 31145 33986 19645 0 0 0 19344 28694 29228 29352
27 202 50KHz 40157 31549 37455 33976 40158 18657 56300 2974 27387 39751 0 37274 24071 26435 43740 43076 11112 31720 29042 39641 0 29296 34203 64599 11151 0 0 0 0 51034 0 26324
28 203 50KHz 19593 29864 24971 28234 23007 41677 9042 52800 34496 2368 38319 25629 37144 35105 20430 20391 48514 30327 32458 408 37795 32018 16488 4029 44456 35996 13865 0 0 0 61339 28196
29 203 50KHz 36449 31309 35633 33222 37757 22290 49444 12274 28680 37940 0 35635 26195 27876 40414 39880 16935 31720 29827 37818 0 30310 33792 65535 15807 0 26059 37698 0 0 0 10876
30 203 50KHz 13553 29554 25130 28235 22809 41497 8591 53590 33929 0 39047 25836 37002 35160 20033 20599 47681 30530 32808 0 38455 31763 16823 0 50914 36226 28372 0 48409 0 0 0
31 203 50KHz 20819 19356 26919 29330 29336 32278 27610 34029 31480 21413 41054 30689 32005 31807 29837 30065 33220 31337 31642 22979 39324 31293 29641 24583 34540 34998 29666 26359 32330 21730 0 0
