
0 48 50KHz 0 0 27244 20050 29520 30793 31462 31643 31673 31905 31988 32126 32303 32359 31939 31818 32652 31786 31642 31997 32349 32482 31791 32975 32528 31666 32833 30685 31416 26969 17752 20272
1 48 50KHz 0 0 0 27711 24021 29468 31226 31632 31852 32007 32041 32083 32125 32367 31946 34124 30339 31600 32049 32186 32338 32339 32234 32480 32393 32082 32302 31931 31496 30361 27572 28211
2 48 50KHz 27515 0 0 0 29382 25133 30299 31217 31511 31795 31900 31937 32001 31539 31891 28557 35155 32722 32160 32221 32265 32369 32031 32425 32302 32103 32490 31654 32344 31157 30348 20115
3 49 50KHz 20539 27684 0 0 0 30003 27909 30613 31475 31810 31918 31817 31713 30890 31986 27520 36034 33463 32841 32501 32151 32147 32581 31550 31963 32725 31714 33049 31690 31562 31291 28012
4 49 50KHz 29875 24704 29576 0 0 0 9853 25916 29139 30648 31208 31567 31948 31277 31702 25638 38847 32950 31606 32001 32385 32691 31310 33350 32682 31496 33690 29994 34053 31743 32013 31499
5 49 50KHz 31056 29722 25618 30148 0 0 0 28585 21437 28101 30105 30878 31238 32014 31721 37458 27058 31217 32445 32404 32395 32235 32796 32058 32330 32591 31827 33340 31354 32637 32309 31908
6 49 50KHz 31646 31351 30455 28171 10208 0 0 0 28448 17927 26171 29162 30559 31864 31614 37381 27831 31115 32165 32285 32432 32349 32508 32483 32493 32295 32249 32619 31917 32662 32416 32284
7 49 50KHz 31823 31735 31351 30740 26102 28555 0 0 0 27125 13390 23835 28174 30806 31254 36487 28231 31179 32154 32288 32430 32350 32511 32481 32473 32307 32265 32631 31907 32654 32440 32345
8 49 50KHz 31832 31911 31612 31522 29159 20449 28099 0 0 0 26067 8956 22471 28832 30565 39159 25538 30635 32303 32347 32419 32243 32768 32220 32408 32531 31877 33337 31288 32833 32474 32371
9 49 50KHz 32026 32036 31862 31822 30709 27657 16910 26726 0 0 0 25910 9784 23977 29221 35209 28894 31373 32237 32281 32351 32276 32537 32201 32362 32454 32045 32786 31690 32564 32372 32296
10 50 50KHz 32085 32065 31947 31945 31265 29797 25636 12113 25748 0 0 0 26295 13315 26504 33413 30423 31572 32153 32237 32312 32287 32390 32305 32335 32365 32132 32537 31961 32431 32330 32279
11 50 50KHz 32167 32095 31949 31807 31552 30641 28778 23024 30253 25630 0 0 0 27087 19076 30917 32313 31896 32137 32208 32226 32242 32321 32172 32238 32374 32109 32489 32104 32291 32237 32164
12 50 50KHz 32342 32107 31990 31678 31935 31014 30297 27685 21754 8448 26026 0 0 0 28624 25617 36019 32459 32037 32116 32109 32218 32080 32124 32146 32057 32405 31944 32640 31994 32108 32028
13 50 50KHz 32352 32378 31449 30817 30978 31860 31677 30322 27937 22289 9189 26088 0 0 0 32460 24443 30769 33265 32613 31829 31425 34226 29678 31327 36165 27040 37810 27636 32720 32117 31628
14 50 50KHz 31791 31711 31681 31764 31466 31240 31136 30633 29747 28151 24720 15574 27598 0 0 0 33024 27301 30251 31154 31630 31782 31684 32072 31999 31499 32221 31694 31986 31925 31981 31944
15 50 50KHz 30722 31634 31383 32631 29753 32417 31876 31709 32224 31307 30364 28655 24222 15209 0 0 0 29751 27147 30012 31240 30893 33426 31231 31908 64917 0 32251 31182 32177 37329 26255
16 50 50KHz 33090 32474 31723 30255 32747 32108 32699 32601 32409 31949 31656 30889 29580 25830 9960 0 0 0 10235 25153 28267 29654 31739 29074 30239 25364 37893 34176 30757 30731 19759 41100
17 51 50KHz 31549 31193 32495 33268 32999 30556 30453 30517 29956 30810 31138 31672 32346 30810 28028 11457 0 0 0 26955 14129 24525 23998 33429 31923 11770 53354 24156 36887 30055 16167 49465
18 51 50KHz 31798 32088 32236 32864 31774 32373 32135 32126 32250 32225 32171 32166 32090 33045 30862 28387 16479 0 0 0 26424 9293 22780 28730 30371 37081 26492 31839 31506 32407 32319 32541
19 51 50KHz 32108 32224 32283 32524 32127 32349 32265 32260 32292 32274 32247 32229 32181 32434 31550 30562 27265 27870 0 0 0 25557 9593 24184 28439 33085 30311 31840 31823 32181 32239 32336
20 51 50KHz 32460 32367 32316 32171 32487 32357 32417 32406 32365 32333 32314 32248 32170 31840 31926 31463 29579 17657 26544 0 0 0 26799 14991 25035 29235 33611 31989 31973 31906 32142 32077
21 51 50KHz 32521 32331 32373 32159 32741 32179 32313 32301 32174 32235 32254 32250 32259 31529 32028 31450 30790 26420 10518 25772 0 0 0 27645 15403 24684 37251 31025 32551 31577 31904 32124
22 51 50KHz 31792 32291 32148 32781 31395 32847 32561 32546 32849 32601 32472 32379 32181 33936 31979 32546 31614 25345 22283 8097 26356 0 0 0 27311 39370 19424 33084 29972 32895 32685 32325
23 51 50KHz 33004 32443 32356 31426 33339 31959 32374 32371 32054 32158 32198 32119 32096 29921 32167 31419 30176 33710 28603 23894 13976 27221 0 0 0 29781 44690 29563 32620 30518 31394 31493
24 52 50KHz 32563 32368 32299 31950 32697 32272 32422 32410 32317 32307 32300 32222 32156 31379 32159 29782 34729 32117 30300 28454 24792 14600 27306 0 0 0 32928 27574 30814 30778 31650 31726
25 52 50KHz 30606 31991 31861 33577 30079 33238 32482 32461 33151 32689 32481 32403 32176 35805 31886 44802 21040 25069 30527 30176 29371 25568 19411 28219 0 0 0 30653 24527 31583 32225 32420
26 52 50KHz 33164 32100 32459 31087 34436 31035 31764 31796 31078 31586 31815 31931 32244 28110 32052 15639 46225 38000 31436 31332 30944 31067 27506 26583 30140 0 0 0 11267 22367 28795 30300
27 52 50KHz 30790 32047 31893 33290 30323 33318 32689 32666 33297 32836 32620 32511 32222 35895 32092 53287 12851 25787 31775 31896 32041 31109 32933 29757 27163 30570 0 0 0 2967 26974 30745
28 52 50KHz 31096 31251 32053 31527 33621 31238 31701 31726 31184 31637 31847 32045 32394 29713 31964 15465 47761 35792 31287 31594 31764 32290 29899 32456 30568 25491 30630 0 0 0 28429 19468
29 52 50KHz 27230 30454 31226 31650 31811 32677 32727 32707 32876 32616 32500 32319 32061 32603 32195 38284 25732 30977 32487 32252 31934 31628 32847 30706 30877 31449 23569 29784 0 0 0 4590
30 52 50KHz 17208 27458 30311 31334 32035 32278 32410 32413 32457 32374 32333 32246 32137 32093 32168 33006 30977 32045 32370 32241 32089 31998 32407 31581 31669 31775 29635 26976 28576 0 0 0
31 53 50KHz 20787 27698 18605 27469 31243 31673 32164 32231 32256 32216 32190 32084 31968 31469 32048 29709 34310 32681 32437 32246 32005 31977 32329 31465 31681 32275 30536 30472 19407 4824 0 0
0 53 50KHz 0 0 27247 20037 29520 30806 31466 31654 31679 31903 31989 32126 32306 32292 31938 31676 32904 31821 31671 31995 32365 32469 31694 33051 32546 31601 32900 31273 30613 26985 17154 18734
1 53 50KHz 0 0 0 27706 24055 29498 31223 31633 31852 31997 32045 32081 32126 32361 31945 34180 30449 31593 32048 32184 32341 32330 32215 32505 32394 32088 32327 32054 31350 30406 27554 28142
2 53 50KHz 27509 0 0 0 29399 25183 30298 31203 31510 31804 31900 31937 32001 31532 31891 30290 33633 32711 32173 32219 32270 32363 32116 32353 32306 32148 32482 32067 31964 31119 30351 20082
3 53 50KHz 20561 27690 0 0 0 30006 27893 30615 31476 31808 31914 31815 31710 30881 31987 27877 35754 33482 32837 32503 32146 32155 32463 31686 31959 32638 31810 32443 32380 31555 31304 27988
4 53 50KHz 29876 24736 29579 0 0 0 9742 25880 29117 30643 31204 31565 31955 31284 31708 26272 37845 33001 31615 31998 32400 32671 31782 32944 32664 31907 33281 31969 32142 31764 32048 31463
5 53 50KHz 31059 29739 25604 30152 0 0 0 28580 21418 28098 30099 30877 31239 32017 31722 32240 32216 31211 32441 32411 32387 32244 32649 32260 32333 32492 31920 32493 32263 32628 32305 31895
6 54 50KHz 31642 31343 30468 28142 10023 0 0 0 28443 17904 26165 29163 30560 31867 31616 32038 32715 31120 32161 32287 32432 32351 32463 32551 32482 32287 32284 32410 32174 32665 32439 32282
7 54 50KHz 31827 31737 31353 30739 26085 28581 0 0 0 27128 13321 23827 28160 30810 31249 31936 32642 31168 32172 32291 32429 32353 32449 32543 32482 32292 32283 32421 32199 32654 32436 32341
8 54 50KHz 31832 31917 31609 31540 29162 20585 28105 0 0 0 26056 8971 22476 28841 30598 31880 32539 30677 32296 32344 32417 32248 32636 32373 32418 32454 31954 32530 32110 32837 32469 32394
9 54 50KHz 32021 32034 31865 31855 30714 27685 16904 26740 0 0 0 25913 9787 23991 29242 31452 32180 31358 32219 32281 32350 32284 32442 32379 32381 32317 32201 33109 31376 32551 32378 32316
10 54 50KHz 32079 32066 31955 31950 31261 29826 25651 12067 25765 0 0 0 26307 13364 26517 30888 31958 31559 32149 32235 32314 32291 32357 32369 32357 32271 32276 32600 31843 32445 32335 32282
11 54 50KHz 32170 32087 31949 31825 31545 30639 28784 23019 30259 25626 0 0 0 27104 19119 29699 31344 31868 32144 32204 32228 32237 32301 32216 32245 32280 32222 32542 31918 32287 32245 32161
12 54 50KHz 32334 32111 31988 31675 31939 31037 30296 27685 21742 8352 26037 0 0 0 28616 26997 31205 32455 32039 32121 32109 32217 32136 32070 32138 32287 32264 31427 32972 31984 32103 32017
13 55 50KHz 32360 32385 31454 30800 30963 31902 31698 30357 28023 22311 9458 26103 0 0 0 19224 25756 30662 33256 32642 31829 31426 33335 30420 31450 32606 30541 41152 24441 32732 32069 31681
14 55 50KHz 31782 31713 31679 31787 31471 31243 31129 30635 29743 28148 24715 15553 27595 0 0 0 12656 27210 30235 31150 31631 31784 31740 32053 32004 31821 32036 31567 32052 31942 31994 31940
15 55 50KHz 31687 31748 31725 31912 31609 31629 31612 31477 31287 30923 30268 28839 25052 13169 0 0 0 30307 26732 29700 30867 31284 31363 31731 31747 31630 31858 31409 32127 31631 31830 31819
16 55 50KHz 32809 32509 31647 30542 32087 32468 32888 32795 32821 32169 31795 30964 29476 26962 9036 0 0 0 10480 25374 28464 29572 31469 29615 30556 32128 30113 38769 26337 31660 31499 31196
17 55 50KHz 31532 31180 32487 33329 33050 30494 30412 30476 29870 30808 31097 31661 32364 30799 27954 12475 0 0 0 26943 14117 24553 26051 31654 31533 30046 33849 14919 45680 30364 31846 32265
18 55 50KHz 31788 32082 32238 32864 31760 32367 32121 32118 32243 32217 32167 32168 32104 33047 30868 28104 15892 0 0 0 26414 9276 22429 28481 30331 30767 31672 32873 30618 32404 32373 32510
19 56 50KHz 32103 32219 32281 32533 32132 32347 32263 32259 32299 32277 32248 32230 32182 32517 31562 30422 27084 27903 0 0 0 25544 8629 23687 28394 30368 31511 32179 31534 32185 32246 32328
20 56 50KHz 32439 32368 32317 32175 32470 32356 32423 32412 32373 32338 32314 32248 32169 31838 31925 31336 29543 17655 26524 0 0 0 26576 14074 24978 29550 31144 31865 32159 31906 32097 32108
21 56 50KHz 32516 32334 32374 32144 32729 32180 32309 32302 32167 32237 32253 32245 32256 31523 32025 31782 30250 26433 10450 25760 0 0 0 27403 15250 26700 30646 29694 34023 31582 31989 32033
22 56 50KHz 32053 32310 32239 32544 31899 32613 32473 32465 32632 32478 32411 32345 32218 33132 32026 31487 32133 26712 22581 8685 26427 0 0 0 27268 18808 28782 35008 28522 32453 32313 32411
23 56 50KHz 32880 32479 32335 31583 33101 32162 32485 32464 32254 32273 32280 32173 32092 30450 32181 31977 29941 32834 28544 23731 13762 27169 0 0 0 28415 24859 28586 34137 30864 31595 31593
24 56 50KHz 32520 32373 32286 31984 32628 32297 32442 32432 32359 32332 32315 32236 32153 31491 32161 32032 31002 31902 30310 28370 24765 14482 27128 0 0 0 29932 28166 31916 30870 31657 31802
25 56 50KHz 32004 32103 32252 32493 32226 32218 32157 32161 32161 32214 32219 32254 32303 32485 32014 31772 32366 30725 30697 30309 29412 26394 18256 28326 0 0 0 30765 29815 29687 31333 31838
26 57 50KHz 32501 32207 32327 31894 33028 31968 32207 32219 31981 32125 32182 32195 32260 30894 32129 31473 31440 33603 31551 31451 31115 30638 28786 25255 30007 0 0 0 19552 24372 29800 30925
27 57 50KHz 31309 32089 32091 32680 31620 32702 32487 32470 32675 32514 32443 32397 32298 33414 32181 32568 32393 29886 31845 31907 31914 31475 31591 30372 27353 30233 0 0 0 1737 26018 30162
28 57 50KHz 30541 31359 31956 32251 32444 31999 32045 32060 31932 32095 32156 32270 32422 32151 32037 31456 32806 32005 31419 31747 32001 32048 31341 31875 30562 26380 29984 0 0 0 28525 20211
29 57 50KHz 27240 30455 31235 31636 31827 32671 32721 32707 32876 32605 32500 32318 32056 32546 32197 32792 30940 31032 32482 32249 31935 31633 32443 30991 30959 29797 24286 29292 0 0 0 4531
30 57 50KHz 17218 27466 30316 31289 32076 32249 32395 32408 32431 32358 32324 32239 32136 31972 32171 32287 31437 32253 32371 32239 32076 32003 32246 31660 31683 31379 29802 25575 28318 0 0 0
31 57 50KHz 20790 27689 18615 27509 31200 31705 32176 32248 32288 32231 32201 32094 31970 31579 32053 32136 31149 32571 32446 32251 32014 31965 32246 31569 31722 31780 30817 29720 18724 4813 0 0
0 57 50KHz 0 0 27248 20054 29542 30793 31460 31650 31669 31904 31985 32125 32307 32374 31931 32199 32560 31796 31646 31983 32369 32478 31975 32829 32492 32010 32496 31497 30420 27060 17118 18678
1 58 50KHz 0 0 0 27700 24021 29462 31226 31631 31845 31993 32041 32082 32127 32358 31943 32047 32474 31627 32019 32182 32348 32333 32232 32518 32386 32136 32273 32030 31379 30379 27557 28144
2 58 50KHz 27533 0 0 0 29374 25120 30294 31210 31508 31798 31897 31937 32003 31529 31889 32123 31716 32731 32166 32219 32272 32363 32030 32447 32287 32270 32361 32077 31962 31164 30356 20048
3 58 50KHz 20560 27676 0 0 0 29992 27908 30624 31486 31813 31924 31821 31712 30877 31993 31796 31189 33497 32848 32512 32142 32153 32576 31500 32001 32493 31974 32487 32353 31539 31296 28007
4 58 50KHz 29885 24691 29572 0 0 0 9821 25868 29107 30649 31202 31566 31955 31270 31699 32672 31620 33018 31594 32003 32415 32675 31353 33424 32585 32258 32952 31805 32271 31791 32055 31463
5 58 50KHz 31071 29753 25659 30150 0 0 0 28575 21409 28098 30103 30878 31237 32031 31723 31642 32767 31189 32453 32401 32382 32250 32771 32113 32375 32283 32150 32576 32178 32639 32311 31898
6 58 50KHz 31648 31348 30485 28140 9902 0 0 0 28440 17897 26154 29160 30558 31864 31613 31860 32870 31099 32155 32283 32431 32353 32506 32505 32499 32233 32361 32423 32156 32652 32426 32279
7 58 50KHz 31823 31747 31347 30727 26088 28544 0 0 0 27111 13347 23831 28163 30806 31245 31762 32795 31161 32169 32290 32427 32354 32506 32481 32486 32242 32366 32426 32187 32658 32444 32336
8 59 50KHz 31830 31918 31614 31563 29155 20572 28104 0 0 0 26054 8913 22456 28843 30559 31351 33028 30647 32300 32342 32403 32248 32771 32217 32449 32211 32215 32542 32126 32818 32599 32267
9 59 50KHz 32023 32033 31868 31828 30714 27660 16841 26736 0 0 0 25907 9764 23964 29231 31185 32352 31362 32230 32280 32341 32272 32495 32302 32387 32253 32281 32426 32218 32536 32415 32263
10 59 50KHz 32080 32067 31950 31937 31261 29812 25648 11967 25758 0 0 0 26290 13298 26488 30719 31999 31569 32164 32238 32309 32281 32386 32313 32371 32256 32314 32371 32237 32438 32342 32262
11 59 50KHz 32180 32091 31951 31811 31551 30640 28778 23002 30256 25609 0 0 0 27083 19017 29501 31337 31897 32139 32204 32222 32237 32329 32164 32249 32266 32259 32353 32328 32284 32253 32147
12 59 50KHz 32339 32114 31991 31648 31938 31024 30297 27680 21752 8377 26035 0 0 0 28621 26519 30193 32414 32039 32114 32114 32218 32065 32139 32139 32307 32251 32277 32426 31989 32099 32019
13 59 50KHz 32360 32378 31442 30786 30968 31906 31694 30345 28001 22355 9381 26098 0 0 0 16889 26903 30701 33272 32745 31684 31446 34377 29247 31524 32124 31215 33126 32597 32661 32209 31529
14 59 50KHz 31782 31715 31679 31790 31458 31245 31131 30632 29744 28148 24688 15548 27593 0 0 0 15490 27215 30233 31147 31640 31784 31712 32107 32004 31855 31993 31949 31839 31946 31973 31952
15 60 50KHz 31299 31695 31573 32221 30836 31964 31713 31561 31622 31066 30317 28759 24770 14040 0 0 0 30092 26887 29866 30976 31129 31984 31626 31899 31411 31616 32061 31366 32518 32184 32111
16 60 50KHz 33277 32467 31756 30024 33064 31894 32620 32551 32230 31849 31593 30840 29579 25272 10202 0 0 0 10279 25157 28144 29672 31051 29126 30333 31813 30914 32240 32812 30574 31172 30637
17 60 50KHz 31528 31181 32510 33328 33022 30485 30426 30478 29871 30792 31094 31670 32365 30828 27946 10566 0 0 0 26957 14518 24510 25587 32341 31416 31053 32515 29821 30993 30446 31526 32575
18 60 50KHz 31773 32086 32234 32876 31754 32376 32125 32121 32251 32226 32169 32168 32102 33083 30861 28637 16843 0 0 0 26456 9326 22488 28524 30332 30784 31613 31783 31456 32425 32365 32529
19 60 50KHz 32078 32221 32271 32550 32078 32371 32270 32265 32319 32288 32253 32237 32174 32614 31550 30842 27435 27874 0 0 0 25564 8766 23741 28407 30341 31475 31879 31750 32260 32276 32354
20 60 50KHz 32478 32365 32320 32112 32557 32299 32396 32385 32318 32306 32292 32232 32165 31680 31921 31443 29666 17950 26550 0 0 0 26585 14117 24946 29489 31146 31827 32078 31815 32058 32058
21 60 50KHz 32515 32333 32374 32145 32731 32174 32307 32302 32163 32227 32252 32244 32256 31508 32023 31625 30455 26453 10143 25821 0 0 0 27404 15310 26673 30513 31480 32017 31580 31967 32048
22 61 50KHz 32108 32316 32251 32503 31963 32574 32461 32449 32576 32452 32393 32332 32226 32916 32031 31849 31709 27194 22572 9027 26496 0 0 0 27255 18321 28842 31373 31552 32259 32340 32248
23 61 50KHz 32787 32482 32314 31696 32892 32280 32543 32523 32384 32350 32332 32208 32093 30889 32188 31931 30263 32144 28498 23765 13709 27142 0 0 0 28325 24674 30360 31769 31125 31736 31685
24 61 50KHz 32550 32373 32296 31942 32678 32280 32434 32420 32337 32320 32307 32228 32156 31416 32162 31974 30956 32012 30302 28422 24849 14529 27066 0 0 0 29859 27102 30510 30819 31657 31766
25 61 50KHz 32177 32121 32308 32354 32548 32071 32117 32120 32022 32143 32179 32232 32317 31925 32037 31703 32046 31681 30745 30302 29466 26542 18051 28299 0 0 0 30093 25905 29356 31169 31747
26 61 50KHz 32352 32229 32302 32076 32747 32142 32288 32290 32160 32233 32256 32251 32272 31486 32148 31872 31496 32706 31581 31454 31188 30576 28910 25116 29999 0 0 0 3795 24708 29948 31125
27 61 50KHz 31717 32116 32161 32489 31961 32557 32445 32440 32561 32458 32412 32379 32311 33038 32193 32260 32443 30571 31852 31953 31869 31525 31408 30466 27363 30179 0 0 0 1527 25978 30060
28 61 50KHz 30454 31372 31943 32364 32259 32114 32092 32105 32047 32158 32200 32307 32429 32534 32048 31772 32765 31398 31449 31721 32071 32026 31530 31802 30614 26238 29882 0 0 0 28542 20397
29 62 50KHz 27245 30448 31231 31622 31844 32664 32716 32704 32866 32606 32499 32316 32062 32533 32195 32449 31260 31109 32444 32352 31878 31625 32262 31178 30893 29449 24423 29203 0 0 0 4753
30 62 50KHz 17198 27473 30296 31400 31887 32363 32426 32437 32537 32415 32369 32263 32134 32391 32166 32119 31953 31548 32348 32303 32081 31953 32270 31797 31688 31161 29813 25364 28237 0 0 0
31 62 50KHz 20805 27686 18586 27356 31410 31596 32132 32209 32178 32170 32160 32057 31960 31189 32043 31943 31044 33105 32439 32263 31963 31981 32120 31589 31661 31698 30934 29490 18624 4808 0 0
0 138 50KHz 0 0 27239 20024 29473 30778 31454 31642 31667 31891 31980 32137 32317 32399 31924 31584 33180 31654 31694 31935 32364 32463 32078 32733 32467 32024 32512 30684 31133 26861 17378 18848
1 138 50KHz 0 0 0 27688 23832 29434 31219 31626 31852 31997 32042 32088 32133 32382 31945 31942 32582 31538 32054 32178 32333 32316 32272 32480 32368 32122 32254 31881 31409 30199 27456 28185
2 138 50KHz 27509 0 0 0 29303 25031 30289 31218 31511 31796 31908 31957 32026 31514 31919 31744 32018 32801 32185 32184 32262 32364 32199 32291 32271 32275 32378 31682 32236 30990 30221 20016
3 138 50KHz 20586 27680 0 0 0 29965 27885 30618 31489 31827 31937 31831 31733 30894 32028 32273 30702 33564 32810 32537 32144 32155 32376 31743 32013 32472 31937 32996 31818 31502 31268 27895
4 138 50KHz 29845 24500 29513 0 0 0 9780 25869 29115 30628 31203 31594 31977 31232 31729 31034 33117 33116 31743 31918 32413 32678 32003 32801 32560 32309 33051 30363 33644 31654 31949 31488
5 138 50KHz 31043 29724 25561 30126 0 0 0 28556 21344 28088 30105 30869 31230 32010 31713 32354 32168 31172 32405 32441 32380 32245 32527 32363 32390 32277 32113 33190 31567 32629 32307 31800
6 138 50KHz 31638 31341 30482 28133 10011 0 0 0 28429 17869 26159 29159 30555 31857 31599 32094 32733 31078 32147 32296 32436 32352 32435 32593 32500 32233 32362 32537 31973 32650 32399 32250
7 139 50KHz 31828 31734 31355 30736 26108 28545 0 0 0 27115 13363 23841 28168 30795 31233 31998 32659 31113 32155 32301 32429 32357 32438 32583 32490 32248 32354 32555 32004 32664 32420 32322
8 139 50KHz 31832 31937 31620 31536 29168 20540 28093 0 0 0 26059 8938 22440 28830 30534 32114 32447 30603 32260 32387 32408 32249 32528 32499 32462 32225 32161 33160 31515 32838 32477 32336
9 139 50KHz 32012 32042 31870 31855 30700 27656 16787 26726 0 0 0 25901 9617 23962 29200 31584 32150 31291 32213 32319 32349 32279 32413 32425 32398 32260 32252 32673 31890 32571 32378 32284
10 139 50KHz 32077 32070 31963 31971 31264 29812 25623 11961 25705 0 0 0 26259 13200 26428 30960 31942 31528 32143 32247 32309 32288 32347 32389 32363 32260 32296 32464 32050 32443 32332 32257
11 139 50KHz 32188 32097 31969 31822 31577 30635 28786 23016 30252 25556 0 0 0 27043 18912 29726 31328 31947 32140 32209 32222 32243 32285 32224 32249 32274 32269 32406 32214 32261 32228 32127
12 139 50KHz 32356 32127 32017 31697 31962 31025 30304 27695 21733 8331 26044 0 0 0 28580 26501 30208 32554 32040 32112 32114 32231 32162 32066 32131 32305 32280 32154 32524 31993 32088 31994
13 139 50KHz 32388 32419 31434 30830 30942 31886 31683 30347 27986 22318 9239 26049 0 0 0 15284 27794 30757 33096 32784 31813 31423 32744 30926 31558 32347 30720 36146 29770 32809 32185 31420
14 140 50KHz 31769 31718 31719 31834 31505 31241 31117 30614 29743 28126 24694 15477 27555 0 0 0 11093 27279 30242 31135 31639 31798 31780 32052 32006 31837 32060 31712 31978 31919 31965 31921
15 140 50KHz 31754 31751 31754 31936 31651 31624 31619 31487 31297 30908 30276 28812 24948 12939 0 0 0 30314 26748 29683 30872 31275 31383 31724 31747 31647 31832 31658 31828 31714 31834 31821
16 140 50KHz 32851 32558 31570 30432 32033 32487 32946 32845 32876 32236 31818 30890 29361 26731 8784 0 0 0 10418 25504 28403 29506 31418 29442 30569 31947 30175 35068 30460 31638 31508 30969
17 140 50KHz 31434 31082 32594 33354 33135 30453 30347 30410 29788 30657 31034 31743 32465 30819 27960 12457 0 0 0 26849 14000 24521 26062 31728 31346 30448 33649 25394 34770 30297 31763 32447
18 140 50KHz 31828 32079 32246 32816 31893 32324 32109 32103 32200 32197 32158 32159 32111 32881 30858 28138 16143 0 0 0 26402 9217 22345 28418 30276 30791 31703 31579 31640 32324 32321 32456
19 140 50KHz 32072 32215 32271 32561 32084 32381 32278 32274 32334 32300 32260 32238 32182 32631 31556 30392 27262 27895 0 0 0 25552 8630 23679 28415 30360 31517 31903 31771 32271 32271 32337
20 140 50KHz 32424 32370 32311 32194 32472 32349 32421 32411 32370 32339 32313 32247 32171 31835 31929 31350 29529 17742 26500 0 0 0 26557 14032 24996 29519 31165 31917 32017 31905 32096 32090
21 141 50KHz 32500 32324 32379 32153 32732 32183 32305 32311 32173 32229 32251 32257 32265 31513 32040 31713 30294 26504 10293 25735 0 0 0 27352 15254 26693 30628 31177 32307 31582 31986 32034
22 141 50KHz 32174 32316 32263 32440 32111 32507 32439 32431 32521 32431 32379 32318 32232 32687 32040 31700 31735 27613 22556 8861 26489 0 0 0 27251 18598 28861 31636 31420 32154 32208 32231
23 141 50KHz 32762 32480 32305 31743 32813 32324 32567 32555 32433 32385 32358 32227 32102 31012 32218 31922 30343 32012 28447 23680 13693 27148 0 0 0 28367 24733 30731 31636 31235 31767 31720
24 141 50KHz 32489 32361 32280 32017 32581 32328 32449 32441 32386 32350 32326 32241 32157 31583 32172 31959 31081 31854 30266 28363 24790 14491 26990 0 0 0 29887 27541 30575 30934 31688 31780
25 141 50KHz 32036 32090 32266 32450 32335 32172 32138 32145 32119 32186 32205 32253 32312 32308 32027 31913 32122 31037 30738 30294 29415 26435 17826 28208 0 0 0 30183 26875 29586 31258 31785
26 141 50KHz 32473 32183 32340 31909 33048 31972 32224 32227 31972 32118 32185 32220 32288 30863 32175 32074 30722 33848 31638 31431 31144 30681 28910 25045 30002 0 0 0 6755 24365 29745 30909
27 141 50KHz 31017 32042 31927 33062 30806 33097 32610 32588 33101 32770 32585 32455 32243 35181 32087 32037 34467 26890 31664 31994 32007 31252 31581 30703 27368 30104 0 0 0 2649 26440 30478
28 142 50KHz 30722 31189 31978 31790 33128 31572 31851 31890 31497 31800 31959 32168 32427 30679 32021 31837 31081 34392 31497 31601 31877 32200 31311 31490 30469 26790 30070 0 0 0 28486 19668
29 142 50KHz 27110 30292 31090 31581 31747 32657 32713 32693 32884 32627 32503 32292 32028 32606 32166 32099 31771 30902 32390 32327 31942 31630 32118 31302 31004 29691 24136 29577 0 0 0 4116
30 142 50KHz 17325 27315 30140 31243 31970 32241 32377 32394 32447 32363 32318 32224 32116 32103 32141 32077 31752 31996 32312 32255 32083 31987 32139 31773 31697 31284 29675 26226 28459 0 0 0
31 142 50KHz 20800 27723 18457 27305 31187 31573 32111 32195 32197 32180 32161 32052 31944 31318 32021 31957 31087 32888 32397 32241 31981 31962 32095 31597 31693 31715 30742 30077 19038 4302 0 0
0 142 50KHz 0 0 27242 19986 29443 30770 31451 31642 31667 31892 31982 32137 32317 32396 31925 31912 32842 31732 31696 31941 32356 32462 32114 32717 32468 32014 32501 30912 30810 26892 17310 18662
1 142 50KHz 0 0 0 27681 23823 29422 31214 31627 31847 32001 32045 32088 32134 32401 31943 31974 32573 31542 32049 32171 32332 32320 32296 32480 32373 32119 32253 31916 31345 30224 27426 28182
2 143 50KHz 27512 0 0 0 29301 25036 30291 31210 31506 31798 31908 31956 32026 31507 31918 31936 31829 32811 32163 32194 32264 32364 32202 32292 32271 32275 32371 31805 32105 31019 30221 19972
3 143 50KHz 20507 27675 0 0 0 29968 27862 30623 31491 31824 31935 31831 31727 30895 32028 32091 30904 33560 32810 32534 32154 32159 32355 31757 32021 32476 31949 32852 31978 31478 31235 27881
4 143 50KHz 29807 24515 29513 0 0 0 9727 25865 29115 30634 31205 31594 31980 31241 31731 31821 32315 33136 31744 31935 32398 32679 32067 32753 32553 32306 33037 30764 33134 31668 32041 31406
5 143 50KHz 31039 29718 25578 30114 0 0 0 28559 21318 28083 30108 30871 31229 32012 31712 32010 32499 31162 32401 32439 32387 32245 32506 32385 32388 32278 32113 32963 31794 32622 32270 31837
6 143 50KHz 31640 31351 30465 28143 9913 0 0 0 28426 17861 26168 29165 30556 31858 31594 31964 32839 31084 32149 32290 32435 32357 32427 32611 32499 32234 32356 32484 32047 32643 32395 32243
7 143 50KHz 31817 31739 31365 30698 26110 28534 0 0 0 27105 13369 23855 28169 30801 31237 31863 32774 31119 32159 32301 32432 32359 32432 32587 32491 32244 32361 32498 32079 32668 32414 32320
8 143 50KHz 31830 31928 31615 31552 29179 20554 28098 0 0 0 26057 9008 22460 28843 30542 31718 32805 30607 32260 32379 32411 32247 32497 32528 32467 32225 32155 32932 31753 32837 32464 32360
9 144 50KHz 31999 32043 31872 31844 30698 27633 16822 26728 0 0 0 25901 9629 23983 29212 31388 32301 31282 32212 32312 32351 32272 32396 32444 32398 32258 32238 32622 31988 32566 32365 32292
10 144 50KHz 32078 32075 31970 31960 31263 29828 25632 11943 25734 0 0 0 26266 13229 26489 30838 32006 31512 32149 32244 32316 32285 32338 32388 32364 32258 32284 32453 32130 32434 32320 32267
11 144 50KHz 32185 32095 31968 31820 31579 30635 28771 22984 30251 25602 0 0 0 27046 18918 29595 31315 31979 32147 32205 32225 32244 32281 32241 32256 32273 32251 32386 32237 32264 32216 32138
12 144 50KHz 32348 32119 32019 31695 31974 31035 30299 27682 21738 8437 26040 0 0 0 28581 26416 30101 32549 32050 32112 32113 32224 32185 32056 32141 32300 32268 32161 32488 31959 32090 32002
13 144 50KHz 32396 32412 31428 30819 30940 31867 31679 30321 27983 22288 9045 26061 0 0 0 15170 27801 30796 33080 32793 31811 31428 32432 31219 31571 32344 30725 35303 30686 32727 32088 31538
14 144 50KHz 31768 31719 31720 31827 31511 31238 31119 30621 29716 28122 24687 15465 27550 0 0 0 11052 27297 30226 31125 31638 31799 31792 32044 32005 31842 32062 31783 31951 31912 31963 31918
15 144 50KHz 31851 31765 31798 31853 31821 31561 31595 31469 31224 30889 30263 28823 24957 12710 0 0 0 30359 26723 29655 30855 31297 31393 31665 31734 31667 31871 31591 31900 31634 31815 31793
16 145 50KHz 32823 32539 31566 30467 32018 32530 32969 32864 32906 32254 31838 30890 29335 26781 8722 0 0 0 10506 25544 28423 29516 31016 29859 30596 31937 30142 34829 30739 31684 31480 31018
17 145 50KHz 31422 31086 32589 33367 33135 30435 30350 30413 29785 30668 31033 31743 32486 30873 27988 12071 0 0 0 26853 14012 24499 26720 31014 31335 30472 33701 26093 34102 30256 31777 32425
18 145 50KHz 31816 32080 32249 32812 31901 32322 32111 32103 32199 32199 32158 32160 32111 32897 30868 28150 16129 0 0 0 26405 9212 22279 28340 30283 30786 31711 31595 31653 32316 32321 32455
19 145 50KHz 32061 32213 32268 32571 32079 32392 32279 32275 32342 32302 32264 32241 32168 32642 31545 30415 27316 27895 0 0 0 25552 8247 23561 28411 30366 31503 31903 31774 32259 32272 32333
20 145 50KHz 32421 32358 32314 32180 32471 32348 32420 32408 32366 32339 32311 32248 32171 31841 31927 31347 29525 17714 26525 0 0 0 26486 13780 24993 29509 31142 31940 32019 31901 32092 32086
21 145 50KHz 32506 32319 32378 32155 32722 32204 32310 32310 32175 32228 32256 32255 32267 31519 32040 31688 30366 26502 10361 25740 0 0 0 27281 15286 26698 30635 31238 32246 31585 31991 32031
22 145 50KHz 32290 32324 32304 32343 32315 32406 32408 32406 32418 32375 32348 32305 32252 32312 32061 31770 31426 28306 22649 9195 26500 0 0 0 27239 18438 28895 31352 31683 31935 32115 32170
23 146 50KHz 32652 32492 32286 31881 32614 32447 32619 32603 32556 32453 32406 32258 32116 31413 32213 31936 30633 31376 28398 23643 13584 27127 0 0 0 28366 24684 30924 31431 31449 31847 31822
24 146 50KHz 32484 32361 32279 32016 32584 32326 32450 32440 32392 32354 32328 32242 32156 31590 32172 31964 31070 31797 30285 28376 24800 14547 26908 0 0 0 29881 27430 30557 30932 31673 31790
25 146 50KHz 32039 32089 32271 32453 32352 32158 32147 32151 32119 32187 32207 32253 32313 32309 32028 31900 32068 31054 30725 30308 29422 26425 17671 28152 0 0 0 30154 26679 29572 31264 31761
26 146 50KHz 32473 32187 32340 31910 33063 31965 32220 32224 31978 32117 32183 32215 32289 30834 32178 32048 30738 33870 31641 31431 31146 30689 28878 24910 29997 0 0 0 6120 24333 29744 30876
27 146 50KHz 31125 32049 31965 32965 30984 33018 32587 32569 33012 32724 32562 32449 32253 34896 32097 31968 34328 27353 31685 31988 31991 31295 31391 30858 27340 30120 0 0 0 2491 26340 30427
28 146 50KHz 30679 31199 31967 31868 33009 31643 31897 31922 31580 31854 31997 32185 32431 30953 32027 31953 31173 34009 31482 31611 31904 32172 31516 31350 30478 26738 30057 0 0 0 28488 19722
29 146 50KHz 27122 30304 31091 31585 31750 32653 32710 32702 32883 32627 32503 32294 32027 32605 32164 32013 31890 30898 32406 32324 31938 31634 32030 31379 30981 29665 24103 29523 0 0 0 4009
30 147 50KHz 17319 27312 30150 31210 32032 32213 32374 32384 32413 32346 32310 32216 32118 31977 32146 32045 31705 32180 32318 32247 32060 31997 32104 31787 31685 31301 29691 26008 28433 0 0 0
31 147 50KHz 20803 27727 18435 27341 31141 31605 32119 32201 32230 32195 32175 32061 31947 31438 32021 31928 31201 32706 32392 32251 31988 31955 32088 31656 31699 31705 30712 30005 18937 4293 0 0
0 147 50KHz 0 0 27238 19974 29473 30768 31452 31642 31680 31890 31980 32136 32318 32400 31926 31992 32750 31716 31687 31941 32357 32460 32152 32663 32461 32017 32513 30977 30711 26942 17273 18680
1 147 50KHz 0 0 0 27675 23836 29434 31212 31637 31860 32000 32047 32091 32133 32385 31944 31985 32566 31533 32038 32167 32334 32323 32278 32477 32367 32120 32250 31923 31322 30236 27429 28157
2 147 50KHz 27555 0 0 0 29299 25043 30292 31212 31507 31795 31908 31957 32032 31504 31920 31981 31783 32793 32183 32192 32265 32361 32220 32271 32271 32276 32396 31849 32074 31007 30206 19920
3 147 50KHz 20526 27659 0 0 0 29961 27876 30614 31486 31828 31936 31833 31729 30895 32028 32049 30950 33549 32799 32535 32147 32158 32331 31790 32016 32473 31933 32830 32041 31517 31225 27892
4 147 50KHz 29806 24559 29506 0 0 0 9651 25876 29126 30636 31204 31594 31980 31247 31732 31977 32147 33136 31741 31922 32399 32674 32138 32682 32545 32312 33058 30932 32968 31694 32030 31384
5 148 50KHz 31043 29720 25563 30124 0 0 0 28557 21350 28080 30104 30887 31230 32016 31711 31941 32563 31165 32400 32438 32384 32246 32475 32417 32394 32279 32111 32905 31868 32619 32268 31844
6 148 50KHz 31630 31349 30469 28157 10068 0 0 0 28430 17854 26171 29169 30552 31858 31598 31946 32860 31085 32143 32300 32426 32354 32423 32621 32500 32233 32346 32466 32090 32645 32396 32243
7 148 50KHz 31816 31747 31365 30750 26107 28545 0 0 0 27106 13359 23842 28157 30802 31231 31847 32791 31111 32131 32304 32421 32362 32424 32602 32490 32245 32366 32504 32107 32650 32416 32330
8 148 50KHz 31836 31931 31627 31545 29179 20568 28122 0 0 0 26050 9064 22464 28836 30542 31660 32856 30598 32259 32405 32381 32251 32462 32568 32459 32227 32159 32890 31804 32824 32449 32364
9 148 50KHz 32008 32037 31866 31842 30698 27663 16823 26705 0 0 0 25895 9737 23993 29217 31339 32338 31281 32213 32314 32332 32277 32385 32452 32386 32259 32250 32583 32040 32562 32361 32301
10 148 50KHz 32083 32073 31965 31961 31263 29837 25635 11955 25729 0 0 0 26263 13276 26459 30791 32024 31533 32150 32249 32305 32276 32340 32415 32366 32255 32310 32429 32149 32436 32317 32260
11 148 50KHz 32177 32086 31968 31811 31566 30638 28775 23012 30253 25588 0 0 0 27061 18969 29546 31317 31925 32156 32209 32218 32240 32276 32234 32254 32270 32243 32361 32255 32255 32220 32130
12 149 50KHz 32337 32121 32018 31681 31950 31031 30284 27663 21730 8257 26030 0 0 0 28597 26371 30036 32528 32055 32096 32117 32225 32193 32054 32138 32301 32270 32178 32463 31972 32093 31999
13 149 50KHz 32384 32411 31425 30812 30925 31886 31678 30327 27882 22307 9197 26056 0 0 0 14294 28310 30718 33079 32883 31710 31423 32320 31336 31596 32352 30683 35076 30916 32737 32025 31583
14 149 50KHz 31754 31717 31718 31833 31498 31252 31109 30617 29720 28133 24677 15456 27550 0 0 0 10515 27217 30240 31124 31651 31795 31801 32032 32009 31835 32067 31790 31928 31914 31976 31911
15 149 50KHz 32020 31786 31862 31729 32126 31436 31557 31432 31094 30829 30244 28849 25126 12357 0 0 0 30452 26678 29572 30837 31354 31335 31529 31668 31721 31996 31296 32182 31315 31723 31689
16 149 50KHz 32685 32555 31526 30621 31715 32691 33031 32923 33074 32354 31892 30917 29315 27298 8525 0 0 0 10564 25793 28404 29500 31046 30046 30698 31912 30008 34890 30763 32038 31540 31182
17 149 50KHz 31431 31091 32589 33383 33164 30448 30345 30410 29789 30658 31028 31729 32482 30822 27957 12651 0 0 0 26849 14280 24518 26915 30790 31326 30461 33741 26525 33641 30213 31857 32352
18 150 50KHz 31826 32076 32247 32815 31890 32324 32110 32103 32196 32193 32156 32158 32110 32892 30846 28070 15999 0 0 0 26427 9166 22257 28296 30282 30791 31665 31598 31614 32322 32323 32456
19 150 50KHz 32026 32222 32259 32590 32035 32408 32288 32282 32357 32314 32271 32242 32175 32723 31549 30348 27333 27880 0 0 0 25559 8163 23549 28433 30360 31480 31954 31734 32308 32287 32360
20 150 50KHz 32455 32359 32318 32151 32520 32324 32402 32403 32339 32320 32301 32241 32175 31736 31931 31322 29525 17972 26514 0 0 0 26466 13694 24944 29515 31157 31857 32024 31842 32066 32068
21 150 50KHz 32505 32316 32376 32167 32717 32190 32309 32309 32164 32230 32254 32254 32267 31537 32040 31725 30310 26512 10427 25766 0 0 0 27270 15301 26716 30634 31288 32193 31573 31997 32027
22 150 50KHz 32289 32326 32305 32335 32340 32401 32404 32399 32411 32378 32345 32306 32254 32276 32068 31751 31410 28369 22637 9249 26542 0 0 0 27241 18521 28898 31309 31686 31925 32108 32165
23 150 50KHz 32650 32503 32283 31858 32611 32449 32625 32602 32556 32457 32407 32262 32101 31422 32215 31869 30705 31349 28408 23690 13584 27122 0 0 0 28368 24686 30873 31470 31484 31848 31839
24 150 50KHz 32487 32360 32282 32016 32575 32331 32446 32452 32391 32354 32328 32243 32156 31600 32173 31941 31016 31802 30253 28405 24780 14501 26898 0 0 0 29879 27400 30522 30940 31674 31793
25 151 50KHz 32037 32084 32267 32448 32347 32173 32146 32149 32119 32183 32204 32252 32311 32296 32025 31938 32045 31026 30723 30292 29435 26436 17692 28158 0 0 0 30136 26525 29556 31270 31760
26 151 50KHz 32458 32184 32342 31903 33053 31963 32219 32228 31982 32118 32185 32216 32288 30832 32178 32138 30626 33853 31642 31413 31183 30689 28921 24836 29992 0 0 0 5713 24323 29755 30873
27 151 50KHz 31222 32047 31995 32900 31147 32940 32555 32547 32946 32685 32541 32440 32265 34614 32116 31819 34252 27858 31714 32043 31915 31337 31306 30836 27398 30131 0 0 0 2325 26235 30362
28 151 50KHz 30614 31210 31956 31943 32886 31717 31933 31952 31659 31904 32029 32206 32428 31185 32029 32167 31217 33598 31489 31580 31986 32146 31566 31359 30510 26640 30029 0 0 0 28500 19796
29 151 50KHz 27122 30300 31084 31593 31731 32672 32715 32706 32888 32635 32506 32299 32027 32636 32171 31757 32163 30838 32398 32393 31882 31628 31935 31481 31007 29655 24096 29466 0 0 0 3999
30 151 50KHz 17260 27318 30152 31202 32047 32210 32375 32382 32406 32358 32307 32219 32119 31946 32148 31975 31755 32234 32321 32262 32055 31999 32076 31802 31686 31304 29704 25905 28398 0 0 0
31 151 50KHz 20800 27719 18455 27345 31133 31615 32129 32209 32234 32197 32176 32064 31948 31463 32027 31870 31270 32679 32394 32270 31973 31959 32052 31697 31711 31704 30730 29935 18861 4208 0 0
0 152 50KHz 0 0 27238 19977 29453 30772 31456 31644 31673 31893 31982 32134 32315 32395 31923 32123 32628 31728 31704 31900 32401 32469 32222 32617 32452 32017 32496 31078 30634 26889 17291 18741
1 152 50KHz 0 0 0 27676 23813 29435 31215 31631 31851 31998 32046 32087 32134 32379 31941 32001 32532 31525 32064 32167 32333 32316 32295 32440 32372 32119 32256 31930 31316 30216 27418 28165
2 152 50KHz 27515 0 0 0 29295 25024 30279 31213 31504 31792 31902 31954 32027 31502 31917 32038 31725 32817 32180 32167 32285 32361 32254 32250 32269 32275 32381 31865 32050 31027 30214 19957
3 152 50KHz 20510 27679 0 0 0 29954 27860 30623 31486 31822 31934 31833 31727 30897 32031 31980 31027 33543 32798 32546 32128 32146 32294 31829 32023 32475 31954 32756 32062 31478 31216 27900
4 152 50KHz 29810 24520 29503 0 0 0 9681 25873 29134 30638 31205 31589 31974 31236 31723 32203 31943 33157 31748 31862 32475 32669 32259 32577 32537 32310 33023 31043 32907 31684 32031 31365
5 152 50KHz 31047 29719 25558 30107 0 0 0 28558 21356 28089 30111 30877 31237 32022 31720 31830 32664 31135 32399 32468 32349 32247 32432 32476 32392 32280 32115 32850 31926 32617 32282 31824
6 152 50KHz 31640 31343 30492 28107 10038 0 0 0 28430 17865 26171 29174 30562 31865 31605 31927 32888 31059 32148 32302 32422 32353 32417 32623 32500 32233 32362 32456 32099 32651 32400 32251
7 153 50KHz 31822 31733 31357 30719 26070 28532 0 0 0 27108 13342 23853 28169 30808 31240 31808 32839 31119 32157 32308 32419 32357 32418 32607 32496 32244 32366 32456 32130 32640 32429 32315
8 153 50KHz 31834 31930 31614 31548 29177 20579 28097 0 0 0 26060 9011 22481 28860 30555 31469 33029 30576 32259 32390 32393 32251 32438 32592 32465 32229 32164 32792 31902 32830 32460 32371
9 153 50KHz 32011 32041 31870 31842 30705 27656 16887 26727 0 0 0 25901 9669 24000 29221 31239 32404 31269 32204 32307 32341 32279 32374 32459 32397 32259 32248 32521 32122 32564 32365 32293
10 153 50KHz 32074 32072 31969 31968 31266 29825 25626 11940 25732 0 0 0 26271 13263 26454 30743 32040 31528 32146 32248 32312 32286 32335 32414 32377 32258 32292 32404 32200 32440 32326 32265
11 153 50KHz 32179 32093 31966 31828 31567 30637 28751 23003 30254 25593 0 0 0 27060 18963 29489 31273 31935 32138 32208 32222 32238 32279 32247 32250 32269 32244 32372 32285 32269 32222 32142
12 153 50KHz 32335 32120 32016 31699 31953 31022 30299 27684 21731 8282 26027 0 0 0 28590 26301 29977 32545 32055 32104 32118 32222 32201 32055 32135 32297 32267 32231 32446 31963 32099 32022
13 153 50KHz 32395 32422 31421 30820 30936 31876 31681 30327 27968 22305 9208 26043 0 0 0 13489 28751 30747 33087 32878 31710 31432 32269 31397 31584 32365 30715 34189 31813 32734 31989 31597
14 154 50KHz 31752 31716 31718 31820 31503 31244 31113 30608 29713 28124 24683 15470 27515 0 0 0 9922 27270 30243 31123 31646 31794 31807 32028 32002 31836 32068 31860 31876 31916 31970 31919
15 154 50KHz 32181 31803 31929 31632 32421 31314 31528 31405 30977 30781 30228 28871 25219 11769 0 0 0 30531 26672 29516 30794 31397 31308 31394 31610 31769 32098 31333 32193 31076 31650 31605
16 154 50KHz 32560 32574 31481 30764 31449 32820 33103 32999 33219 32442 31943 30947 29285 27756 8068 0 0 0 10614 25871 28484 29471 31034 30284 30774 31916 29957 34157 31492 32329 31701 31265
17 154 50KHz 31422 31067 32604 33383 33167 30446 30334 30413 29792 30654 31035 31721 32476 30804 27975 13125 0 0 0 26853 14239 24500 27027 30667 31319 30429 33727 27954 32264 30210 31865 32356
18 154 50KHz 31821 32078 32247 32809 31902 32323 32105 32101 32198 32199 32154 32157 32111 32892 30857 28007 15765 0 0 0 26425 9207 22245 28279 30285 30785 31712 31644 31591 32318 32323 32450
19 154 50KHz 32046 32213 32258 32583 32070 32408 32286 32280 32353 32312 32269 32242 32180 32736 31540 30277 27316 27886 0 0 0 25552 8187 23528 28429 30363 31489 31915 31760 32313 32286 32352
20 154 50KHz 32445 32358 32317 32158 32518 32351 32405 32400 32345 32318 32304 32242 32173 31750 31930 31294 29449 17922 26514 0 0 0 26448 13655 24973 29518 31156 31883 32068 31855 32073 32062
21 155 50KHz 32497 32313 32379 32155 32716 32189 32298 32308 32177 32230 32256 32251 32267 31521 32041 31787 30252 26507 10377 25767 0 0 0 27260 15274 26696 30622 31355 32142 31585 31997 32031
22 155 50KHz 32319 32329 32317 32322 32372 32382 32402 32396 32392 32361 32340 32303 32263 32210 32069 31724 31362 28494 22615 9208 26531 0 0 0 27240 18523 28914 31263 31716 31887 32095 32151
23 155 50KHz 32635 32495 32279 31879 32578 32467 32628 32606 32577 32469 32414 32267 32101 31562 32217 31733 30901 31232 28406 23679 13594 27098 0 0 0 28371 24695 30841 31497 31525 31860 31860
24 155 50KHz 32500 32366 32278 32015 32571 32325 32456 32445 32391 32351 32328 32242 32156 31579 32173 31894 31169 31822 30274 28383 24783 14511 26892 0 0 0 29880 27344 30544 30937 31670 31793
25 155 50KHz 32032 32084 32269 32456 32340 32175 32154 32149 32126 32188 32207 32250 32311 32317 32025 32013 31978 30997 30724 30287 29450 26436 17651 28138 0 0 0 30125 26386 29580 31273 31763
26 155 50KHz 32471 32183 32350 31897 33058 31966 32220 32227 31980 32111 32185 32213 32298 30827 32175 32304 30454 33883 31639 31421 31163 30700 28900 24861 29996 0 0 0 5348 24316 29747 30864
27 155 50KHz 31285 32063 32017 32830 31285 32880 32546 32530 32881 32658 32517 32433 32273 34294 32129 31586 34295 28285 31725 32007 31935 31371 31270 30822 27366 30150 0 0 0 2176 26149 30293
28 156 50KHz 30550 31219 31949 32021 32759 31803 31967 31991 31743 31953 32065 32226 32428 31479 32029 32421 31186 33131 31485 31627 31984 32121 31623 31412 30508 26571 30003 0 0 0 28506 19883
29 156 50KHz 27127 30306 31078 31585 31737 32672 32719 32706 32890 32633 32506 32303 32030 32634 32174 31463 32433 30854 32398 32358 31909 31631 31899 31519 30997 29695 24121 29387 0 0 0 3939
30 156 50KHz 17320 27301 30140 31199 32046 32212 32369 32384 32409 32344 32309 32220 32125 31975 32147 31882 31892 32098 32311 32264 32069 31980 32074 31861 31703 31290 29647 25735 28335 0 0 0
31 156 50KHz 20819 27718 18435 27287 31222 31562 32104 32193 32182 32164 32154 32049 31946 31298 32025 31810 31198 32980 32400 32244 31966 31970 32026 31661 31682 31728 30768 29681 18809 4224 0 0
0 156 50KHz 0 0 27233 19960 29443 30781 31455 31647 31682 31892 31990 32131 32311 32406 31919 32349 32440 31726 31689 31936 32366 32460 32241 32598 32455 32009 32490 31213 30431 26874 17364 18795
1 156 50KHz 0 0 0 27666 23810 29449 31221 31632 31857 32003 32049 32089 32137 32406 31942 32031 32529 31474 32043 32171 32334 32317 32298 32475 32376 32115 32234 31974 31271 30198 27459 28164
2 157 50KHz 27510 0 0 0 29293 25012 30267 31211 31493 31792 31900 31947 32021 31460 31913 32172 31596 32848 32179 32187 32267 32367 32259 32233 32267 32274 32380 31986 31955 30968 30192 19928
3 157 50KHz 20475 27662 0 0 0 29947 27860 30623 31497 31824 31938 31837 31734 30899 32036 31823 31158 33567 32809 32522 32144 32160 32282 31832 32021 32480 31957 32581 32246 31496 31251 27870
4 157 50KHz 29833 24526 29495 0 0 0 9565 25896 29132 30641 31202 31583 31963 31227 31719 32682 31490 33157 31751 31932 32417 32668 32287 32549 32539 32294 33027 31543 32439 31672 31966 31448
5 157 50KHz 31052 29736 25567 30097 0 0 0 28555 21358 28086 30110 30883 31255 32022 31726 31661 32825 31171 32397 32437 32382 32248 32421 32475 32391 32284 32118 32607 32181 32625 32284 31821
6 157 50KHz 31641 31354 30477 28102 9789 0 0 0 28426 17859 26159 29170 30561 31884 31603 31869 32925 31057 32145 32293 32433 32359 32415 32623 32502 32234 32357 32398 32177 32645 32399 32248
7 157 50KHz 31824 31730 31359 30761 26101 28535 0 0 0 27103 13336 23856 28172 30804 31235 31777 32842 31129 32153 32302 32429 32361 32415 32619 32492 32246 32365 32411 32230 32648 32416 32318
8 157 50KHz 31838 31930 31617 31565 29179 20537 28087 0 0 0 26062 8990 22489 28855 30551 31373 33104 30598 32256 32385 32410 32252 32428 32606 32466 32231 32161 32464 32253 32834 32471 32328
9 158 50KHz 32016 32043 31864 31845 30700 27637 16769 26718 0 0 0 25900 9520 23992 29217 31189 32438 31297 32216 32304 32351 32283 32370 32469 32398 32263 32252 32403 32270 32559 32375 32285
10 158 50KHz 32074 32079 31961 31963 31270 29806 25633 11921 25735 0 0 0 26264 13231 26445 30708 32034 31526 32147 32245 32316 32285 32337 32414 32367 32259 32296 32378 32272 32442 32319 32257
11 158 50KHz 32182 32090 31969 31823 31571 30637 28772 22963 30255 25594 0 0 0 27055 18963 29449 31324 31937 32134 32209 32226 32242 32280 32252 32250 32272 32244 32346 32377 32266 32207 32137
12 158 50KHz 32340 32118 32015 31692 31961 31036 30301 27682 21791 8373 26039 0 0 0 28588 26240 29924 32567 32051 32117 32119 32225 32199 32050 32132 32303 32268 32294 32424 31951 32087 32006
13 158 50KHz 32379 32441 31391 30807 30934 31893 31682 30328 27963 22381 9185 26058 0 0 0 12840 29104 30713 33083 32769 31817 31432 32226 31434 31578 32363 30732 32732 33267 32772 32134 31480
14 158 50KHz 31761 31716 31719 31833 31507 31241 31112 30609 29717 28129 24677 15460 27553 0 0 0 9336 27276 30225 31130 31639 31801 31811 32025 32009 31838 32056 31983 31784 31912 31965 31929
15 158 50KHz 32316 31800 31992 31522 32646 31216 31498 31382 30882 30725 30218 28891 25301 11618 0 0 0 30596 26651 29501 30713 31433 31288 31272 31561 31813 32182 31715 31876 30842 31520 31578
16 159 50KHz 32439 32610 31419 30889 31208 32974 33153 33035 33339 32530 31991 30965 29242 28221 7872 0 0 0 10681 25806 28654 29455 31038 30479 30841 31891 29908 32506 33162 32625 31906 31255
17 159 50KHz 31430 31030 32642 33390 33159 30439 30341 30411 29790 30619 31031 31715 32483 30836 27933 13414 0 0 0 26854 13965 24516 27115 30573 31338 30423 33676 30608 29684 30155 31670 32539
18 159 50KHz 31822 32066 32247 32816 31900 32327 32112 32103 32194 32199 32164 32157 32111 32895 30860 27978 15612 0 0 0 26394 9259 22232 28270 30283 30788 31704 31776 31433 32311 32311 32462
19 159 50KHz 32069 32215 32274 32559 32093 32385 32280 32269 32330 32300 32262 32235 32183 32634 31547 30278 27146 27912 0 0 0 25545 8027 23477 28414 30367 31502 31876 31743 32256 32265 32332
20 159 50KHz 32430 32360 32315 32169 32482 32350 32417 32415 32373 32337 32314 32249 32170 31834 31930 31245 29491 17719 26513 0 0 0 26452 13681 24970 29530 31157 31845 32080 31912 32093 32087
21 159 50KHz 32503 32317 32383 32147 32734 32195 32310 32311 32177 32233 32256 32254 32266 31499 32039 31817 30170 26504 10347 25732 0 0 0 27252 15289 26694 30621 31539 31955 31582 31988 32040
22 159 50KHz 32330 32336 32318 32309 32385 32378 32396 32391 32382 32356 32344 32302 32258 32164 32071 31722 31332 28553 22679 9139 26513 0 0 0 27233 18520 28915 31167 31734 31866 32090 32142
23 160 50KHz 32628 32499 32277 31889 32566 32474 32635 32617 32587 32472 32419 32270 32100 31500 32220 31652 30933 31175 28393 23601 13500 27106 0 0 0 28370 24717 30416 31758 31552 31891 31846
24 160 50KHz 32478 32364 32279 32011 32567 32337 32456 32446 32391 32349 32329 32242 32156 31600 32177 31861 31161 31849 30271 28372 24774 14505 26883 0 0 0 29887 26967 30506 30946 31682 31790
25 160 50KHz 32039 32084 32271 32455 32337 32174 32145 32151 32121 32172 32206 32252 32313 32316 32024 32050 31934 31022 30727 30294 29398 26446 17673 28138 0 0 0 30032 25590 29570 31261 31778
26 160 50KHz 32457 32179 32346 31911 33030 31965 32227 32230 31989 32117 32178 32215 32286 30860 32173 32376 30417 33818 31633 31445 31147 30684 28911 24821 29994 0 0 0 3011 24311 29746 30905
27 160 50KHz 31785 32095 32186 32387 32193 32459 32417 32416 32466 32416 32387 32367 32332 32652 32211 32006 32481 31227 31860 31918 31887 31607 31235 30487 27388 30221 0 0 0 1313 25695 29832
28 160 50KHz 30181 31276 31868 32502 31998 32263 32159 32169 32203 32246 32261 32359 32446 33063 32050 32149 32859 30651 31479 31793 32104 31999 31734 31784 30643 26195 29890 0 0 0 28561 20412
29 160 50KHz 27097 30296 31072 31602 31725 32676 32723 32708 32898 32644 32511 32303 32031 32656 32176 31312 32621 30817 32406 32317 31946 31633 31899 31522 31000 29688 24127 29219 0 0 0 3949
30 161 50KHz 17316 27307 30134 31207 32015 32222 32369 32388 32417 32349 32306 32221 32118 31993 32150 31837 31930 32149 32337 32245 32075 31993 32064 31820 31682 31305 29696 25433 28278 0 0 0
31 161 50KHz 20791 27718 18394 27309 31165 31588 32114 32195 32210 32183 32167 32060 31948 31369 32029 31755 31322 32846 32396 32238 31983 31969 32030 31685 31690 31733 30770 29571 18677 4183 0 0
0 161 50KHz 0 0 27224 19915 29464 30778 31460 31647 31661 31894 31978 32127 32308 32416 31915 32405 32386 31693 31696 31953 32355 32460 32250 32588 32462 32007 32480 31364 30287 26908 17286 18750
1 161 50KHz 0 0 0 27653 23815 29451 31221 31632 31863 32004 32050 32088 32131 32409 31941 32035 32531 31482 32052 32177 32329 32312 32301 32473 32375 32115 32245 32007 31251 30221 27435 28163
2 161 50KHz 27492 0 0 0 29278 25010 30282 31216 31503 31789 31899 31949 32020 31485 31913 32173 31587 32845 32180 32193 32264 32365 32264 32227 32269 32268 32380 31994 31926 30977 30214 19906
3 161 50KHz 20490 27656 0 0 0 29946 27856 30622 31491 31824 31937 31836 31737 30905 32038 31826 31159 33675 32806 32522 32152 32163 32280 31844 32017 32482 31954 32561 32292 31482 31242 27836
4 161 50KHz 29825 24508 29497 0 0 0 9524 25881 29130 30644 31203 31583 31966 31238 31719 32672 31491 33158 31760 31962 32391 32666 32295 32529 32544 32288 33023 31627 32362 31683 31982 31449
5 162 50KHz 31053 29722 25587 30100 0 0 0 28549 21325 28082 30116 30879 31238 32024 31725 31665 32823 31159 32398 32426 32390 32249 32418 32471 32383 32286 32119 32649 32135 32612 32284 31818
6 162 50KHz 31641 31339 30462 28103 9884 0 0 0 28421 17818 26151 29161 30559 31858 31602 31872 32906 31068 32146 32282 32433 32356 32414 32626 32503 32230 32359 32425 32144 32654 32399 32244
7 162 50KHz 31824 31728 31363 30740 26099 28528 0 0 0 27106 13371 23853 28171 30803 31238 31776 32847 31182 32150 32299 32432 32361 32416 32617 32493 32246 32362 32427 32178 32651 32415 32315
8 162 50KHz 31833 31939 31611 31533 29177 20491 28106 0 0 0 26059 9097 22477 28858 30548 31386 33098 30587 32250 32370 32419 32254 32426 32597 32466 32233 32157 32625 32074 32829 32464 32356
9 162 50KHz 32010 32048 31856 31863 30701 27635 16762 26664 0 0 0 25906 9747 24000 29222 31203 32446 31281 32215 32305 32354 32277 32369 32473 32397 32262 32246 32459 32177 32561 32365 32292
10 162 50KHz 32074 32072 31960 31967 31267 29831 25625 11986 25734 0 0 0 26272 13274 26460 30711 32054 31513 32141 32241 32317 32286 32334 32415 32361 32264 32291 32393 32216 32453 32320 32258
11 162 50KHz 32170 32095 31966 31829 31574 30621 28770 23020 30251 25603 0 0 0 27064 18967 29458 31321 31838 32141 32202 32225 32242 32280 32247 32256 32275 32257 32364 32302 32261 32223 32141
12 163 50KHz 32340 32119 32017 31696 31953 31019 30270 27702 21749 8179 26039 0 0 0 28597 26264 29943 32595 32032 32115 32113 32223 32194 32046 32140 32303 32283 32244 32443 31962 32088 32007
13 163 50KHz 32392 32443 31388 30821 30926 31897 31665 30351 27982 22297 9366 26062 0 0 0 13027 29012 30732 33089 32742 31836 31437 32334 31325 31565 32378 30722 33779 32255 32713 32047 31554
14 163 50KHz 31766 31709 31720 31836 31498 31244 31117 30619 29744 28121 24691 15478 27557 0 0 0 9581 27275 30237 31135 31635 31797 31798 32031 32008 31840 32055 31896 31850 31922 31964 31921
15 163 50KHz 32266 31799 31977 31558 32567 31251 31510 31387 30900 30740 30213 28888 25281 11772 0 0 0 30573 26670 29531 30713 31435 31241 31352 31575 31796 32136 31371 32169 30915 31560 31583
16 163 50KHz 32485 32615 31419 30832 31280 32936 33136 33022 33326 32497 31990 30957 29255 28076 7983 0 0 0 10682 25734 28652 29456 31187 30270 30809 31912 29936 33782 31910 32484 31810 31273
17 163 50KHz 31421 31016 32651 33378 33161 30414 30353 30425 29765 30657 31009 31715 32477 30805 27942 13428 0 0 0 26854 13884 24463 26815 30880 31347 30406 33674 28789 31427 30233 31732 32478
18 163 50KHz 31821 32073 32247 32821 31893 32319 32111 32106 32185 32197 32154 32157 32111 32901 30857 27981 15738 0 0 0 26387 9155 22256 28322 30284 30771 31714 31694 31526 32328 32319 32456
19 164 50KHz 32089 32215 32270 32548 32100 32375 32278 32272 32327 32297 32262 32238 32182 32627 31572 30287 27231 27913 0 0 0 25537 8210 23548 28416 30336 31491 31879 31789 32267 32269 32333
20 164 50KHz 32434 32363 32311 32175 32494 32344 32416 32407 32363 32332 32310 32247 32171 31806 31931 31247 29481 17805 26512 0 0 0 26488 13798 24986 29515 31158 31893 32057 31899 32091 32086
21 164 50KHz 32497 32317 32380 32162 32714 32189 32313 32306 32178 32233 32255 32254 32267 31534 32039 31800 30185 26497 10442 25745 0 0 0 27296 15309 26691 30638 31443 32058 31597 31987 32042
22 164 50KHz 32272 32327 32294 32361 32271 32434 32415 32404 32429 32385 32354 32310 32247 32385 32057 31652 31554 28157 22622 9007 26503 0 0 0 27237 18519 28901 31290 31683 31992 32137 32182
23 164 50KHz 32696 32491 32283 31841 32668 32412 32607 32588 32521 32435 32395 32252 32100 31304 32222 31746 30708 31543 28427 23623 13613 27117 0 0 0 28360 24747 30590 31668 31411 31836 31797
24 164 50KHz 32484 32363 32276 32026 32574 32328 32460 32442 32387 32350 32328 32242 32158 31580 32175 31873 31139 31830 30277 28396 24783 14516 26931 0 0 0 29891 27181 30510 30941 31682 31793
25 165 50KHz 32027 32085 32272 32457 32335 32171 32150 32142 32123 32187 32203 32251 32310 32317 32021 32036 31964 31014 30725 30294 29429 26432 17762 28168 0 0 0 30096 26113 29596 31271 31788
26 165 50KHz 32463 32179 32347 31908 33033 31967 32224 32224 32004 32113 32176 32213 32282 30822 32170 32362 30410 33887 31641 31436 31167 30697 28852 24971 30001 0 0 0 4800 24316 29744 30907
27 165 50KHz 31353 32075 32037 32750 31444 32805 32515 32507 32805 32616 32505 32422 32289 34087 32153 31570 34066 28790 31748 31973 31932 31411 31417 30679 27360 30153 0 0 0 2036 26164 30228
28 165 50KHz 30509 31214 31938 32106 32625 31897 32007 32028 31845 32015 32099 32251 32423 31852 32025 32538 31442 32511 31491 31697 31999 32084 31547 31628 30569 26460 29970 0 0 0 28523 20112
29 165 50KHz 27110 30313 31073 31588 31743 32664 32709 32689 32881 32635 32515 32302 32036 32623 32185 31219 32684 30861 32413 32323 31927 31638 32064 31358 30983 29659 24096 29297 0 0 0 3912
30 165 50KHz 17323 27309 30145 31201 32043 32210 32368 32391 32421 32345 32309 32218 32120 31938 32151 31837 31906 32206 32319 32246 32068 31996 32116 31782 31685 31298 29705 25463 28300 0 0 0
31 165 50KHz 20781 27714 18375 27318 31134 31606 32117 32202 32227 32195 32174 32062 31949 31447 32028 31740 31400 32682 32404 32245 31991 31963 32084 31660 31710 31704 30751 29621 18677 4207 0 0
0 166 50KHz 0 0 27220 19910 29461 30783 31453 31647 31679 31888 31972 32126 32304 32388 31914 32391 32395 31716 31692 31953 32353 32457 32150 32681 32464 32031 32478 31326 30294 26925 17311 18676
1 166 50KHz 0 0 0 27649 23818 29452 31225 31632 31860 32003 32047 32088 32128 32364 31940 32027 32537 31480 32047 32166 32331 32314 32281 32478 32376 32118 32237 31988 31254 30207 27418 28143
2 166 50KHz 27494 0 0 0 29279 25012 30282 31209 31499 31791 31898 31950 32022 31482 31918 32152 31606 32870 32177 32197 32263 32364 32226 32278 32271 32282 32382 31980 31936 30989 30207 19881
3 166 50KHz 20451 27673 0 0 0 29945 27855 30607 31477 31828 31937 31835 31734 30901 32037 31874 31142 33583 32807 32520 32153 32160 32343 31777 32016 32465 31966 32578 32283 31509 31223 27872
4 166 50KHz 29833 24505 29492 0 0 0 9643 25843 29131 30624 31198 31587 31974 31230 31721 32605 31562 33155 31744 31957 32399 32668 32098 32707 32551 32340 33009 31589 32370 31688 32029 31383
5 166 50KHz 31048 29715 25553 30102 0 0 0 28541 21307 28071 30112 30880 31238 32020 31724 31688 32813 31152 32402 32432 32386 32248 32490 32401 32389 32266 32123 32657 32139 32629 32270 31831
6 166 50KHz 31642 31364 30486 28111 9783 0 0 0 28415 17813 26157 29166 30559 31855 31602 31883 32917 31051 32144 32294 32435 32358 32429 32602 32498 32231 32369 32439 32154 32646 32395 32246
7 167 50KHz 31817 31739 31349 30780 26089 28522 0 0 0 27105 13377 23865 28171 30807 31236 31761 32843 31130 32157 32300 32427 32359 32429 32586 32505 32242 32360 32432 32175 32646 32416 32320
8 167 50KHz 31838 31933 31610 31541 29178 20501 28087 0 0 0 26058 9030 22478 28848 30550 31412 33087 30603 32260 32373 32415 32261 32488 32537 32456 32215 32195 32606 32085 32838 32461 32348
9 167 50KHz 32016 32043 31868 31855 30699 27684 16756 26713 0 0 0 25908 9703 24001 29222 31207 32438 31286 32217 32307 32353 32279 32391 32435 32400 32254 32261 32462 32172 32581 32368 32292
10 167 50KHz 32068 32077 31962 31958 31258 29815 25613 11891 25735 0 0 0 26274 13293 26491 30718 32061 31493 32148 32249 32317 32285 32349 32401 32367 32254 32292 32387 32213 32446 32330 32270
11 167 50KHz 32182 32091 31965 31837 31574 30638 28770 22996 30255 25597 0 0 0 27062 18973 29489 31322 31940 32135 32209 32223 32238 32281 32240 32257 32271 32254 32357 32322 32257 32216 32140
12 167 50KHz 32343 32117 32017 31696 31933 31034 30302 27682 21762 8392 26043 0 0 0 28595 26271 29942 32561 32064 32106 32110 32226 32179 32059 32133 32307 32266 32260 32439 31977 32111 32004
13 167 50KHz 32390 32441 31393 30827 30925 31866 31668 30321 27993 22275 9339 26073 0 0 0 13028 29015 30728 33080 32778 31797 31440 32526 31138 31575 32266 30867 33615 32343 32757 32025 31578
14 168 50KHz 31759 31713 31719 31839 31499 31244 31110 30616 29721 28126 24697 15492 27562 0 0 0 9578 27261 30246 31125 31642 31794 31788 32016 32011 31842 32046 31916 31848 31929 31964 31920
15 168 50KHz 32274 31807 31972 31562 32581 31238 31510 31387 30911 30737 30212 28895 25325 11732 0 0 0 30584 26667 29505 30750 31419 31194 31402 31571 31836 32119 31437 32131 30892 31572 31564
16 168 50KHz 32467 32609 31420 30829 31277 32962 33134 33039 33338 32502 32015 30954 29244 28086 8043 0 0 0 10750 25857 28568 29450 31355 30123 30806 31769 30074 33584 32083 32529 31810 31299
17 168 50KHz 31414 31026 32650 33392 33158 30390 30350 30389 29762 30656 30982 31724 32484 30835 27950 13367 0 0 0 26850 14066 24457 26638 31061 31340 30609 33446 29097 31199 30183 31741 32486
18 168 50KHz 31821 32075 32246 32814 31901 32326 32113 32100 32195 32199 32154 32160 32110 32896 30857 27988 15682 0 0 0 26397 9151 22266 28338 30287 30795 31685 31701 31530 32325 32319 32458
19 168 50KHz 32070 32215 32266 32566 32080 32388 32282 32272 32341 32303 32262 32237 32158 32650 31547 30268 27235 27914 0 0 0 25538 8252 23573 28416 30369 31495 31876 31796 32271 32269 32338
20 168 50KHz 32451 32352 32314 32167 32517 32346 32414 32404 32360 32332 32309 32246 32171 31796 31931 31262 29503 17823 26496 0 0 0 26489 13830 24996 29521 31158 31880 32074 31887 32095 32086
21 169 50KHz 32497 32319 32383 32156 32721 32180 32313 32306 32180 32229 32255 32254 32265 31522 32037 31808 30158 26510 10463 25757 0 0 0 27299 15311 26729 30599 31466 32041 31591 31990 32042
22 169 50KHz 32267 32326 32293 32364 32258 32440 32419 32412 32449 32391 32359 32313 32246 32419 32057 31626 31596 28099 22630 9054 26460 0 0 0 27242 18512 28883 31296 31679 32009 32139 32191
23 169 50KHz 32688 32496 32288 31823 32677 32408 32596 32592 32516 32428 32393 32249 32092 31289 32221 31739 30723 31591 28431 23659 13697 27101 0 0 0 28356 24762 30558 31708 31402 31830 31793
24 169 50KHz 32491 32361 32278 32023 32568 32329 32456 32451 32385 32351 32327 32241 32156 31536 32176 31877 31151 31847 30240 28382 24775 14513 26939 0 0 0 29883 27175 30512 30939 31682 31788
25 169 50KHz 32054 32085 32276 32437 32380 32147 32144 32145 32104 32173 32194 32248 32311 32237 32027 32066 31882 31155 30742 30271 29423 26475 17790 28174 0 0 0 30070 25941 29537 31248 31780
26 169 50KHz 32445 32179 32339 31938 33001 31996 32244 32242 32013 32129 32190 32221 32282 30934 32168 32336 30541 33714 31644 31441 31195 30680 28923 24964 29988 0 0 0 3900 24369 29765 30937
27 169 50KHz 31588 32084 32108 32565 31818 32632 32469 32461 32634 32518 32447 32394 32307 33370 32180 31791 33292 29994 31806 31941 31917 31509 31325 30605 27357 30208 0 0 0 1619 25898 30013
28 170 50KHz 30327 31256 31902 32300 32308 32084 32085 32098 32029 32127 32179 32303 32434 32435 32039 32286 32172 31606 31493 31753 32045 32037 31647 31705 30597 26326 29942 0 0 0 28540 20279
29 170 50KHz 27125 30302 31073 31596 31748 32655 32713 32712 32887 32636 32517 32302 32033 32644 32180 31380 32509 30837 32394 32309 31944 31636 32023 31400 31011 29649 24098 29205 0 0 0 3985
30 170 50KHz 17339 27319 30137 31225 31988 32237 32368 32391 32430 32358 32317 32222 32116 32043 32146 31844 31944 32079 32318 32251 32065 31990 32108 31804 31692 31285 29669 25279 28243 0 0 0
31 170 50KHz 20791 27716 18420 27309 31190 31584 32107 32196 32199 32177 32163 32055 31951 31353 32027 31788 31280 32866 32390 32238 31983 31965 32065 31653 31694 31712 30754 29491 18602 4175 0 0
0 170 50KHz 0 0 27229 19928 29492 30785 31454 31646 31684 31899 31976 32130 32311 32393 31917 32341 32406 31723 31667 31953 32362 32456 32175 32650 32457 32031 32512 31416 30200 26909 17354 18653
1 170 50KHz 0 0 0 27658 23806 29447 31220 31630 31857 32003 32047 32088 32131 32411 31940 32019 32529 31484 32041 32175 32339 32318 32288 32480 32376 32118 32248 31987 31242 30229 27439 28163
2 170 50KHz 27492 0 0 0 29277 24997 30276 31202 31494 31784 31898 31949 32024 31479 31914 32147 31604 32867 32178 32193 32258 32361 32228 32242 32269 32283 32406 32030 31901 30982 30205 19954
3 171 50KHz 20477 27657 0 0 0 29944 27843 30607 31479 31817 31935 31833 31731 30914 32037 31860 31137 33571 32797 32525 32151 32159 32317 31800 32020 32466 31952 32502 32345 31503 31239 27874
4 171 50KHz 29822 24523 29483 0 0 0 9462 25860 29129 30629 31199 31588 31973 31239 31725 32579 31562 33160 31745 31964 32399 32663 32178 32647 32541 32334 33046 31691 32255 31677 31998 31429
5 171 50KHz 31050 29732 25540 30100 0 0 0 28540 21305 28070 30109 30875 31237 32031 31723 31696 32817 31146 32400 32430 32389 32252 32459 32435 32397 32269 32115 32623 32185 32630 32278 31823
6 171 50KHz 31648 31340 30469 28109 9944 0 0 0 28413 17794 26149 29163 30574 31856 31599 31882 32914 31079 32143 32291 32434 32361 32421 32616 32498 32231 32363 32417 32157 32642 32399 32239
7 171 50KHz 31822 31745 31351 30730 26083 28528 0 0 0 27107 13321 23840 28165 30786 31237 31785 32848 31120 32145 32294 32433 32359 32423 32603 32493 32243 32376 32423 32183 32648 32413 32326
8 171 50KHz 31841 31932 31631 31542 29185 20514 28079 0 0 0 26073 9181 22493 28849 30548 31425 33078 30602 32255 32357 32415 32259 32463 32560 32459 32220 32164 32598 32139 32827 32457 32342
9 172 50KHz 32013 32046 31872 31882 30693 27643 16721 26711 0 0 0 25904 9670 24002 29219 31211 32447 31276 32230 32307 32358 32277 32390 32453 32397 32256 32242 32466 32192 32576 32364 32289
10 172 50KHz 32078 32072 31961 31952 31260 29824 25605 11878 25733 0 0 0 26254 13286 26459 30718 32051 31534 32145 32245 32316 32280 32343 32433 32369 32256 32288 32389 32238 32449 32329 32262
11 172 50KHz 32186 32094 31965 31827 31567 30634 28766 23000 30254 25593 0 0 0 27060 18978 29469 31314 31951 32139 32205 32222 32246 32280 32245 32256 32273 32242 32391 32319 32263 32219 32137
12 172 50KHz 32343 32115 32018 31696 31963 31037 30305 27683 21741 8246 26041 0 0 0 28597 26265 29937 32565 32055 32122 32112 32226 32186 32065 32135 32305 32283 32253 32425 31956 32089 32003
13 172 50KHz 32402 32435 31392 30828 30930 31889 31669 30335 27949 22323 9379 26060 0 0 0 13115 29003 30734 33087 32748 31815 31439 32390 31261 31579 32291 30688 33605 32515 32758 32055 31530
14 172 50KHz 31756 31712 31718 31837 31506 31247 31110 30613 29721 28103 24694 15488 27557 0 0 0 9583 27286 30232 31133 31637 31788 31796 32036 32009 31841 32073 31901 31835 31924 31963 31925
15 172 50KHz 32247 31808 31969 31561 32564 31248 31512 31391 30920 30740 30228 28890 25276 11749 0 0 0 30581 26663 29531 30725 31419 31235 31372 31576 31818 32143 31452 32085 30922 31576 31589
16 173 50KHz 32488 32612 31419 30822 31285 32949 33140 33037 33333 32506 31996 30950 29248 28029 8008 0 0 0 10768 25768 28626 29457 31241 30200 30813 31815 29874 33560 32244 32543 31808 31260
17 173 50KHz 31397 31035 32643 33386 33182 30417 30339 30377 29772 30645 30996 31718 32496 30791 27945 13366 0 0 0 26852 13938 24467 26801 30906 31327 30544 33714 29113 30960 30175 31723 32501
18 173 50KHz 31826 32076 32243 32801 31899 32322 32110 32102 32198 32184 32154 32157 32110 32899 30851 27974 15698 0 0 0 26385 9210 22265 28308 30285 30791 31703 31707 31511 32309 32322 32458
19 173 50KHz 32070 32215 32271 32549 32107 32378 32271 32270 32324 32298 32259 32236 32183 32600 31555 30310 27201 27916 0 0 0 25547 8152 23530 28414 30359 31518 31877 31799 32248 32263 32330
20 173 50KHz 32425 32376 32311 32178 32480 32348 32423 32408 32370 32337 32313 32250 32171 31826 31933 31252 29512 17778 26504 0 0 0 26482 13810 24999 29518 31144 31889 32088 31904 32094 32095
21 173 50KHz 32494 32320 32382 32153 32715 32191 32314 32311 32176 32231 32254 32255 32264 31536 32040 31798 30194 26507 10398 25752 0 0 0 27281 15318 26704 30626 31463 32031 31594 31992 32042
22 173 50KHz 32296 32326 32301 32347 32307 32417 32411 32403 32420 32373 32348 32308 32250 32331 32063 31673 31503 28277 22736 9069 26501 0 0 0 27237 18544 28882 31257 31705 31955 32120 32171
23 174 50KHz 32671 32498 32285 31855 32623 32434 32612 32602 32544 32446 32384 32259 32100 31383 32223 31723 30793 31406 28403 23621 13634 27141 0 0 0 28358 24708 30571 31686 31471 31855 31818
24 174 50KHz 32484 32368 32277 32015 32589 32314 32455 32446 32392 32349 32329 32243 32157 31578 32176 31869 31119 31835 30286 28367 24783 14516 26903 0 0 0 29873 27131 30551 30943 31681 31795
25 174 50KHz 32053 32087 32278 32438 32381 32162 32141 32144 32105 32177 32198 32249 32311 32256 32024 32062 31848 31165 30726 30300 29428 26456 17701 28146 0 0 0 30056 25908 29544 31254 31775
26 174 50KHz 32473 32183 32350 31945 33037 31977 32227 32237 31994 32117 32185 32215 32285 30853 32175 32365 30430 33873 31611 31456 31158 30692 28908 24839 30001 0 0 0 3868 24317 29737 30924
27 174 50KHz 31583 32085 32112 32576 31816 32637 32471 32461 32638 32527 32453 32398 32313 33397 32182 31787 33312 29959 31808 31940 31922 31515 31262 30650 27461 30187 0 0 0 1614 25915 30023
28 174 50KHz 30339 31253 31902 32322 32285 32095 32093 32105 32040 32140 32187 32305 32436 32486 32039 32288 32237 31533 31487 31756 32045 32039 31703 31655 30616 26327 29923 0 0 0 28540 20295
29 174 50KHz 27113 30295 31072 31585 31736 32676 32709 32706 32879 32640 32513 32304 32032 32643 32178 31354 32562 30769 32401 32310 31942 31635 31900 31532 31005 29636 24094 29180 0 0 0 3979
30 175 50KHz 17316 27309 30132 31228 31979 32238 32380 32391 32434 32365 32318 32223 32114 32047 32147 31828 31985 32086 32309 32248 32084 31993 32070 31859 31690 31284 29662 25242 28239 0 0 0
31 175 50KHz 20786 27716 18402 27304 31188 31579 32112 32192 32199 32174 32164 32054 31945 31345 32028 31777 31295 32896 32388 32239 31981 31972 32027 31677 31699 31711 30760 29481 18582 4161 0 0
0 175 50KHz 0 0 27219 19916 29458 30783 31464 31648 31685 31892 31979 32130 32315 32401 31919 32381 32371 31717 31696 31953 32359 32453 32253 32582 32461 32035 32495 31427 30181 26891 17209 18721
1 175 50KHz 0 0 0 27658 23789 29443 31218 31627 31857 31993 32047 32088 32132 32404 31941 32041 32517 31497 32062 32172 32336 32315 32299 32481 32373 32122 32251 31999 31241 30212 27421 28162
2 175 50KHz 27490 0 0 0 29273 25003 30279 31204 31502 31786 31898 31949 32024 31485 31916 32174 31577 32865 32175 32190 32264 32365 32265 32229 32269 32285 32376 32016 31889 30990 30201 19904
3 175 50KHz 20458 27647 0 0 0 29945 27857 30608 31477 31823 31938 31836 31732 30896 32038 31836 31177 33577 32801 32519 32151 32163 32278 31846 32015 32463 31964 32508 32360 31475 31237 27873
4 175 50KHz 29810 24519 29487 0 0 0 9512 25860 29125 30640 31203 31587 31975 31234 31727 32662 31465 33097 31751 31966 32402 32663 32301 32525 32540 32336 33028 31769 32221 31665 31987 31446
5 176 50KHz 31050 29721 25538 30092 0 0 0 28536 21295 28058 30102 30876 31231 32028 31718 31661 32854 31149 32400 32429 32387 32251 32415 32472 32395 32267 32132 32589 32199 32630 32279 31804
6 176 50KHz 31643 31345 30484 28075 9850 0 0 0 28414 17802 26134 29155 30553 31846 31598 31879 32922 31072 32146 32296 32434 32360 32412 32621 32499 32233 32365 32414 32170 32637 32396 32241
7 176 50KHz 31822 31738 31361 30744 26091 28521 0 0 0 27105 13342 23813 28167 30808 31233 31781 32856 31120 32150 32306 32430 32365 32415 32617 32496 32245 32376 32430 32186 32660 32416 32319
8 176 50KHz 31841 31925 31613 31540 29175 20531 28080 0 0 0 26066 9046 22485 28851 30547 31391 33123 30550 32248 32371 32412 32257 32422 32612 32463 32218 32202 32569 32132 32837 32456 32334
9 176 50KHz 32017 32048 31863 31844 30697 27634 16737 26718 0 0 0 25904 9641 23987 29221 31194 32450 31293 32209 32302 32353 32281 32366 32470 32397 32256 32254 32461 32211 32571 32368 32280
10 176 50KHz 32074 32082 31959 31954 31262 29805 25607 11524 25732 0 0 0 26268 13255 26453 30703 32063 31524 32149 32241 32316 32283 32334 32433 32375 32257 32299 32394 32232 32456 32322 32266
11 176 50KHz 32183 32093 31964 31820 31575 30637 28772 22970 30264 25593 0 0 0 27057 18952 29449 31325 31931 32134 32208 32225 32247 32278 32250 32253 32275 32253 32357 32328 32252 32221 32137
12 177 50KHz 32338 32113 32007 31689 31959 31044 30287 27687 21753 8209 26028 0 0 0 28592 26239 29906 32599 32051 32116 32115 32227 32199 32044 32136 32308 32282 32269 32431 31963 32082 31994
13 177 50KHz 32403 32439 31398 30812 30935 31898 31660 30332 27981 22275 9274 26079 0 0 0 12805 29164 30761 33059 32742 31813 31446 32181 31486 31576 32289 30819 33428 32575 32735 32070 31502
14 177 50KHz 31766 31711 31719 31838 31508 31243 31112 30613 29718 28126 24695 15488 27554 0 0 0 9344 27266 30234 31136 31639 31801 31813 32018 32018 31840 32058 31914 31812 31920 31959 31924
15 177 50KHz 32308 31815 31994 31519 32652 31205 31509 31384 30871 30721 30213 28899 25314 11620 0 0 0 30608 26659 29517 30711 31426 31303 31248 31557 31839 32158 31469 32101 30811 31528 31561
16 177 50KHz 32415 32612 31407 30875 31184 33020 33160 33065 33391 32538 32017 30960 29226 28212 7874 0 0 0 10786 25791 28654 29460 30977 30542 30847 31792 29961 33421 32285 32678 31926 31228
17 177 50KHz 31388 31040 32641 33409 33183 30403 30344 30381 29748 30658 31008 31710 32504 30785 27963 13420 0 0 0 26855 13917 24442 27177 30466 31327 30573 33530 29351 30893 30146 31616 32601
18 177 50KHz 31826 32077 32247 32817 31874 32327 32108 32097 32195 32203 32156 32159 32109 32897 30851 27956 15626 0 0 0 26384 9138 22219 28258 30287 30793 31696 31714 31503 32322 32315 32458
19 178 50KHz 32080 32214 32272 32554 32108 32385 32273 32270 32337 32299 32259 32237 32184 32591 31547 30281 27137 27924 0 0 0 25537 7972 23454 28418 30375 31504 31862 31803 32244 32260 32331
20 178 50KHz 32437 32358 32312 32185 32493 32349 32422 32408 32366 32334 32314 32249 32173 31819 31923 31236 29538 17784 26490 0 0 0 26435 13642 25002 29507 31206 31874 32075 31915 32092 32090
21 178 50KHz 32491 32332 32382 32163 32709 32188 32311 32311 32183 32232 32255 32255 32267 31533 32042 31801 30166 26505 10394 25733 0 0 0 27241 15300 26695 30609 31492 32019 31588 31987 32051
22 178 50KHz 32349 32328 32325 32297 32423 32346 32396 32388 32367 32349 32332 32301 32261 32116 32073 31736 31256 28678 22762 9273 26511 0 0 0 27222 18480 28936 31207 31744 31828 32077 32123
23 178 50KHz 32611 32499 32273 31920 32522 32505 32636 32628 32610 32486 32433 32276 32100 31604 32217 31628 31039 31046 28390 23589 13596 27095 0 0 0 28359 24729 30610 31673 31608 31917 31869
24 178 50KHz 32503 32363 32277 32025 32573 32330 32450 32445 32392 32347 32328 32242 32164 31586 32177 31860 31151 31822 30294 28374 24793 14496 26860 0 0 0 29878 27117 30513 30951 31686 31791
25 179 50KHz 32051 32085 32278 32436 32389 32154 32140 32145 32105 32176 32197 32249 32314 32268 32026 32078 31842 31143 30724 30297 29410 26478 17665 28119 0 0 0 30059 25879 29542 31253 31771
26 179 50KHz 32432 32182 32341 31944 32996 31979 32242 32239 32014 32126 32194 32221 32286 30943 32177 32357 30478 33707 31633 31477 31161 30678 28899 24806 29999 0 0 0 3807 24367 29774 30934
27 179 50KHz 31622 32085 32120 32540 31878 32611 32455 32447 32608 32503 32436 32392 32312 33264 32181 31799 33210 30151 31812 31942 31909 31527 31228 30636 27400 30188 0 0 0 1552 25873 29980
28 179 50KHz 30313 31258 31897 32334 32266 32106 32095 32111 32049 32150 32195 32312 32442 32529 32044 32290 32276 31483 31485 31760 32052 32038 31735 31640 30605 26306 29919 0 0 0 28546 20316
29 179 50KHz 27105 30294 31070 31591 31722 32671 32711 32705 32889 32641 32510 32304 32029 32680 32178 31313 32637 30819 32404 32310 31944 31645 31832 31592 31016 29647 24071 29191 0 0 0 3930
30 179 50KHz 17332 27300 30122 31222 31990 32221 32373 32389 32428 32357 32314 32223 32114 32046 32146 31814 31996 32058 32317 32256 32076 31991 32045 31870 31691 31284 29672 25251 28202 0 0 0
31 179 50KHz 20784 27708 18391 27298 31186 31575 32104 32191 32195 32173 32158 32053 31947 31341 32026 31771 31304 32888 32393 32234 31975 31974 32011 31703 31690 31722 30772 29448 18608 4099 0 0
0 180 50KHz 0 0 27218 19929 29452 30787 31464 31641 31686 31896 31982 32132 32312 32416 31921 32394 32393 31809 31693 31959 32361 32451 32291 32543 32460 32015 32495 31457 30166 26888 17337 18730
1 180 50KHz 0 0 0 27646 23791 29430 31213 31627 31857 32003 32049 32087 32130 32403 31940 32038 32531 31490 32043 32168 32337 32317 32306 32467 32378 32115 32251 32001 31229 30217 27446 28158
2 180 50KHz 27492 0 0 0 29271 24988 30270 31199 31493 31783 31899 31947 32025 31478 31916 32172 31574 32866 32178 32189 32269 32363 32283 32217 32271 32279 32385 32036 31889 30992 30190 19954
3 180 50KHz 20458 27663 0 0 0 29943 27859 30616 31481 31819 31935 31835 31728 30901 32038 31830 31172 33589 32804 32521 32153 32167 32256 31872 32020 32471 31924 32513 32364 31499 31234 27886
4 180 50KHz 29802 24579 29484 0 0 0 9556 25844 29121 30632 31204 31587 31974 31230 31728 32661 31451 33166 31758 31960 32403 32660 32373 32459 32542 32314 33050 31766 32202 31674 31987 31442
5 180 50KHz 31048 29725 25510 30098 0 0 0 28537 21290 28067 30101 30875 31233 32024 31718 31657 32861 31139 32405 32436 32385 32253 32386 32511 32392 32277 32107 32602 32213 32628 32274 31816
6 180 50KHz 31645 31343 30457 28100 9713 0 0 0 28410 17788 26146 29168 30556 31852 31597 31873 32929 31059 32147 32289 32438 32361 32408 32630 32501 32233 32368 32423 32168 32635 32391 32243
7 181 50KHz 31828 31733 31353 30741 26094 28516 0 0 0 27100 13293 23825 28164 30801 31230 31779 32867 31123 32146 32296 32432 32368 32410 32623 32495 32243 32363 32421 32189 32651 32415 32318
8 181 50KHz 31843 31920 31607 31542 29160 20527 28081 0 0 0 26064 9069 22473 28828 30546 31384 33126 30587 32251 32367 32412 32258 32391 32644 32466 32225 32154 32594 32137 32844 32468 32334
9 181 50KHz 32017 32040 31850 31852 30697 27649 16737 26706 0 0 0 25897 9673 23984 29210 31191 32460 31280 32219 32305 32351 32280 32352 32464 32397 32261 32240 32453 32194 32569 32365 32275
10 181 50KHz 32075 32073 31969 31955 31266 29817 25597 11882 25698 0 0 0 26259 13236 26439 30703 32070 31515 32145 32245 32316 32287 32328 32427 32367 32257 32294 32383 32239 32445 32321 32259
11 181 50KHz 32180 32095 31966 31809 31573 30640 28776 22991 30254 25578 0 0 0 27053 18950 29447 31313 31915 32134 32211 32224 32241 32275 32255 32256 32273 32246 32369 32322 32274 32229 32138
12 181 50KHz 32347 32120 32017 31693 31963 31037 30298 27685 21746 8365 26039 0 0 0 28587 26232 29900 32584 32063 32110 32116 32228 32211 32042 32139 32306 32274 32262 32434 31960 32087 32008
13 181 50KHz 32408 32427 31404 30832 30936 31899 31663 30332 27975 22305 9226 26067 0 0 0 12750 29181 30726 33105 32735 31813 31450 31998 31644 31585 32343 30737 33415 32624 32760 32076 31507
14 182 50KHz 31766 31714 31721 31849 31514 31236 31117 30611 29724 28123 24687 15483 27550 0 0 0 9279 27254 30230 31132 31638 31798 31830 32005 32014 31837 32062 31921 31830 31905 31970 31927
15 182 50KHz 32308 31817 31995 31535 32650 31209 31506 31387 30879 30713 30216 28895 25309 11560 0 0 0 30611 26656 29516 30713 31427 31373 31172 31556 31827 32186 31477 32098 30826 31527 31563
16 182 50KHz 32444 32617 31406 30884 31155 33033 33165 33068 33398 32558 32003 30972 29202 28261 7790 0 0 0 10791 25819 28659 29460 30750 30771 30858 31846 29849 33437 32330 32686 31909 31284
17 182 50KHz 31392 31035 32644 33388 33177 30396 30333 30374 29760 30625 31007 31716 32506 30834 27943 13585 0 0 0 26854 13913 24452 27477 30152 31307 30471 33715 29340 30861 30154 31684 32541
18 182 50KHz 31822 32078 32243 32785 31899 32315 32109 32103 32199 32201 32155 32157 32109 32906 30849 27958 15646 0 0 0 26388 9147 22193 28216 30279 30782 31713 31718 31489 32318 32318 32457
19 182 50KHz 32078 32221 32272 32534 32121 32376 32279 32266 32325 32291 32259 32237 32181 32609 31550 30278 27168 27925 0 0 0 25567 7812 23401 28408 30374 31506 31868 31803 32253 32263 32326
20 182 50KHz 32432 32363 32314 32175 32480 32347 32417 32407 32368 32335 32317 32250 32172 31805 31927 31221 29531 17808 26487 0 0 0 26417 13541 25009 29517 31184 31874 32077 31901 32092 32090
21 183 50KHz 32488 32322 32382 32166 32703 32184 32313 32316 32186 32232 32255 32252 32265 31532 32039 31807 30156 26501 10356 25742 0 0 0 27214 15300 26717 30628 31491 32058 31596 31993 32053
22 183 50KHz 32383 32334 32340 32254 32485 32333 32382 32381 32337 32328 32323 32297 32265 32011 32082 31791 31158 28866 22732 9214 26527 0 0 0 27230 18498 28950 31166 31769 31769 32051 32107
23 183 50KHz 32587 32506 32263 31949 32451 32532 32662 32637 32641 32513 32445 32285 32100 31696 32221 31575 31197 30843 28445 23595 13506 27084 0 0 0 28365 24743 30644 31666 31667 31940 31901
24 183 50KHz 32482 32364 32280 32019 32577 32328 32462 32446 32391 32351 32329 32244 32160 31591 32176 31849 31170 31823 30283 28372 24790 14483 26823 0 0 0 29882 27129 30504 30951 31685 31799
25 183 50KHz 32030 32088 32273 32453 32346 32172 32145 32147 32121 32184 32203 32250 32311 32308 32026 32065 31925 31017 30708 30298 29431 26441 17518 28120 0 0 0 30057 25862 29579 31266 31784
26 183 50KHz 32455 32181 32348 31941 33026 31978 32229 32234 31998 32114 32186 32216 32286 30879 32176 32380 30390 33820 31640 31446 31160 30679 28934 24762 29994 0 0 0 3756 24317 29747 30919
27 183 50KHz 31624 32090 32119 32532 31891 32601 32458 32453 32601 32500 32439 32390 32311 33207 32181 31801 33197 30202 31826 31940 31910 31530 31197 30642 27370 30198 0 0 0 1522 25844 29977
28 184 50KHz 30309 31259 31901 32341 32257 32115 32102 32116 32059 32154 32200 32314 32440 32572 32045 32296 32262 31454 31484 31755 32055 32032 31755 31624 30605 26271 29929 0 0 0 28536 20306
29 184 50KHz 27130 30304 31073 31594 31743 32676 32709 32702 32881 32640 32509 32304 32026 32633 32175 31284 32659 30820 32409 32314 31934 31645 31773 31650 31014 29681 24148 29169 0 0 0 3875
30 184 50KHz 17317 27307 30139 31229 32027 32229 32374 32390 32423 32354 32314 32223 32114 31995 32147 31816 31976 32116 32303 32247 32073 31995 32025 31874 31683 31300 29693 25143 28227 0 0 0
31 184 50KHz 20794 27717 18394 27311 31168 31583 32111 32196 32203 32179 32163 32059 31948 31385 32027 31749 31330 32829 32391 32226 31986 31973 31998 31735 31692 31720 30768 29436 18575 4072 0 0
0 184 50KHz 0 0 27229 19926 29436 30787 31467 31650 31687 31898 31984 32132 32315 32419 31920 32401 32418 31699 31695 31959 32364 32451 32330 32518 32466 32017 32476 31477 30157 26890 17382 18725
1 184 50KHz 0 0 0 27652 23769 29440 31216 31624 31856 32002 32046 32086 32132 32400 31939 32039 32519 31428 32029 32173 32335 32318 32312 32459 32374 32120 32237 32007 31235 30211 27442 28155
2 185 50KHz 27507 0 0 0 29274 24992 30262 31201 31495 31778 31905 31949 32025 31486 31917 32185 31561 32868 32172 32184 32266 32363 32300 32201 32268 32280 32382 32043 31879 30985 30194 19839
3 185 50KHz 20458 27660 0 0 0 29943 27849 30606 31480 31817 31934 31833 31731 30892 32037 31814 31194 33579 32804 32520 32153 32166 32233 31896 32025 32473 31965 32490 32366 31495 31245 27885
4 185 50KHz 29805 24497 29485 0 0 0 9385 25855 29129 30630 31204 31587 31978 31237 31729 32707 31402 33175 31744 31962 32405 32658 32433 32412 32536 32315 33018 31807 32189 31695 32003 31421
5 185 50KHz 31052 29722 25541 30088 0 0 0 28535 21283 28052 30102 30876 31236 32032 31715 31643 32875 31133 32402 32435 32383 32254 32367 32534 32400 32274 32121 32576 32204 32636 32267 31819
6 185 50KHz 31648 31337 30482 28087 9946 0 0 0 28412 17765 26130 29156 30554 31862 31597 31876 32941 31075 32143 32290 32431 32361 32408 32634 32500 32234 32361 32410 32166 32645 32391 32262
7 185 50KHz 31824 31738 31352 30728 26070 28522 0 0 0 27099 13269 23819 28153 30801 31244 31776 32864 31107 32149 32297 32430 32364 32408 32638 32495 32243 32368 32419 32192 32647 32416 32308
8 185 50KHz 31847 31928 31611 31528 29184 20487 28094 0 0 0 26062 9008 22468 28835 30540 31374 33133 30605 32264 32370 32414 32262 32380 32657 32459 32227 32168 32560 32152 32817 32461 32345
9 186 50KHz 32014 32044 31864 31854 30694 27634 16801 26704 0 0 0 25896 9666 23981 29211 31178 32440 31270 32226 32304 32351 32282 32349 32503 32401 32258 32243 32452 32213 32556 32366 32282
10 186 50KHz 32078 32076 31958 31961 31268 29871 25606 11944 25729 0 0 0 26255 13210 26436 30698 32055 31514 32149 32242 32315 32290 32330 32432 32368 32259 32301 32385 32236 32442 32323 32256
11 186 50KHz 32182 32094 31964 31827 31572 30647 28796 22998 30254 25589 0 0 0 27050 18898 29435 31314 31950 32139 32209 32226 32244 32274 32241 32257 32272 32250 32363 32323 32268 32222 32140
12 186 50KHz 32343 32119 32009 31692 31967 31031 30298 27685 21757 8362 26031 0 0 0 28586 26230 29888 32596 32048 32111 32113 32223 32214 32043 32150 32307 32274 32271 32437 31956 32090 32013
13 186 50KHz 32415 32437 31399 30799 30929 31905 31663 30305 27960 22323 9289 26062 0 0 0 12655 29233 30720 33108 32746 31803 31449 31940 31705 31591 32334 30756 33386 32618 32710 32110 31520
14 186 50KHz 31766 31712 31722 31838 31512 31277 31113 30617 29711 28121 24682 15462 27551 0 0 0 9260 27308 30238 31128 31641 31804 31837 32005 32011 31839 32068 31924 31836 31919 31958 31923
15 186 50KHz 32331 31821 32007 31511 32690 31192 31506 31385 30864 30713 30214 28895 25324 11521 0 0 0 30624 26653 29515 30708 31436 31393 31132 31543 31838 32189 31465 32112 30801 31502 31557
16 187 50KHz 32440 32617 31393 30886 31104 33066 33181 33083 33426 32577 32022 30970 29191 28353 7684 0 0 0 10849 25844 28663 29448 30688 30848 30891 31841 29841 33450 32328 32691 31983 31297
17 187 50KHz 31382 31035 32638 33426 33180 30384 30331 30385 29764 30612 31008 31705 32521 30665 27943 13781 0 0 0 26849 13912 24441 27565 30066 31303 30465 33722 29340 30806 30249 31584 32538
18 187 50KHz 31821 32076 32243 32811 31898 32322 32112 32101 32200 32205 32156 32157 32110 32920 30836 27936 15682 0 0 0 26381 9092 22200 28204 30279 30782 31703 31714 31499 32328 32315 32469
19 187 50KHz 32079 32218 32271 32549 32105 32367 32292 32266 32324 32299 32259 32236 32183 32603 31543 30250 27230 27932 0 0 0 25540 7762 23390 28408 30364 31507 31866 31804 32243 32260 32329
20 187 50KHz 32419 32361 32307 32177 32485 32347 32422 32408 32366 32336 32314 32250 32178 31830 31931 31222 29473 17777 26508 0 0 0 26404 13511 24991 29522 31133 31868 32061 31909 32096 32094
21 187 50KHz 32495 32323 32381 32164 32703 32192 32315 32314 32189 32233 32259 32256 32269 31532 32041 31815 30140 26502 10350 25730 0 0 0 27207 15299 26702 30632 31474 32020 31609 31985 32046
22 187 50KHz 32393 32338 32339 32256 32505 32329 32381 32378 32327 32325 32320 32296 32268 31963 32089 31795 31086 28964 22742 9363 26524 0 0 0 27225 18501 28943 31160 31773 31744 32042 32110
23 188 50KHz 32583 32504 32264 31954 32459 32537 32671 32641 32648 32516 32448 32287 32099 31740 32218 31549 31273 30798 28367 23563 13507 27091 0 0 0 28359 24698 30678 31655 31673 31956 31908
24 188 50KHz 32481 32365 32277 32026 32559 32331 32453 32441 32389 32349 32331 32244 32145 31595 32179 31836 31127 31824 30267 28373 24761 14325 26833 0 0 0 29871 27105 30524 30951 31687 31801
25 188 50KHz 32040 32087 32273 32440 32349 32165 32146 32151 32117 32182 32203 32250 32312 32277 32023 32074 31886 31070 30721 30296 29412 26455 17444 28099 0 0 0 30049 25857 29571 31262 31775
26 188 50KHz 32473 32181 32355 31907 33056 31949 32227 32235 31983 32104 32185 32213 32289 30812 32189 32416 30297 33942 31644 31455 31157 30692 28951 24733 30001 0 0 0 3737 24271 29722 30897
27 188 50KHz 31596 32088 32119 32550 31857 32624 32453 32456 32621 32515 32444 32397 32313 33317 32182 31773 33274 30077 31812 31943 31917 31528 31199 30670 27415 30196 0 0 0 1545 25859 30002
28 188 50KHz 30317 31258 31893 32342 32246 32117 32100 32115 32060 32154 32200 32314 32440 32561 32040 32305 32284 31430 31478 31763 32062 32029 31762 31629 30609 26282 29917 0 0 0 28535 20307
29 188 50KHz 27133 30307 31074 31589 31726 32671 32710 32701 32882 32643 32510 32310 32033 32604 32181 31251 32691 30811 32411 32312 31936 31639 31752 31653 30999 29670 24042 29137 0 0 0 3867
30 189 50KHz 17355 27310 30136 31221 32002 32234 32372 32390 32425 32354 32316 32223 32115 32016 32146 31795 31976 32088 32312 32251 32075 31996 32016 31879 31692 31298 29654 25179 28239 0 0 0
31 189 50KHz 20791 27711 18380 27294 31174 31576 32076 32190 32201 32176 32162 32059 31948 31369 32029 31757 31330 32852 32390 32233 31984 31975 31995 31723 31699 31721 30755 29456 18532 4073 0 0
0 189 50KHz 0 0 27213 19864 29426 30786 31458 31647 31689 31896 31984 32130 32309 32423 31916 32415 32360 31655 31684 31963 32363 32455 32332 32526 32456 32018 32521 31434 30154 26916 17333 18719
1 189 50KHz 0 0 0 27645 23768 29425 31213 31621 31850 32000 32044 32087 32131 32403 31939 32042 32550 31500 32038 32176 32335 32318 32315 32470 32372 32120 32249 31996 31236 30223 27445 28164
2 189 50KHz 27489 0 0 0 29269 24991 30253 31209 31498 31783 31900 31949 32024 31481 31915 32188 31551 32874 32172 32190 32271 32365 32304 32201 32272 32283 32396 32034 31881 30998 30211 19902
3 189 50KHz 20476 27680 0 0 0 29944 27845 30604 31477 31818 31935 31836 31738 30894 32040 31814 31171 33573 32802 32519 32151 32169 32231 31896 32025 32471 31948 32511 32368 31518 31232 27886
4 189 50KHz 29805 24535 29479 0 0 0 9510 25844 29127 30625 31208 31586 31978 31227 31729 32710 31391 33170 31747 31964 32404 32656 32440 32402 32539 32320 33061 31755 32187 31679 32014 31428
5 190 50KHz 31050 29728 25458 30098 0 0 0 28531 21277 28060 30103 30876 31233 32024 31718 31643 32888 31134 32407 32432 32383 32253 32361 32534 32390 32272 32109 32597 32200 32628 32278 31812
6 190 50KHz 31637 31336 30468 28018 9858 0 0 0 28405 17767 26131 29156 30556 31852 31595 31891 32939 31062 32143 32292 32436 32360 32404 32636 32497 32234 32364 32415 32177 32654 32386 32238
7 190 50KHz 31824 31728 31348 30748 26086 28509 0 0 0 27097 13303 23829 28160 30801 31231 31772 32869 31111 32153 32294 32432 32366 32407 32626 32499 32243 32366 32421 32191 32655 32415 32313
8 190 50KHz 31845 31929 31611 31531 29193 20455 28092 0 0 0 26057 9077 22471 28834 30544 31370 33138 30610 32267 32362 32411 32261 32376 32652 32446 32224 32170 32557 32146 32832 32454 32339
9 190 50KHz 32017 32047 31875 31849 30691 27681 16757 26703 0 0 0 25893 9618 23996 29199 31179 32494 31255 32224 32298 32352 32281 32348 32500 32398 32257 32251 32443 32225 32568 32361 32287
10 190 50KHz 32076 32074 31962 31971 31270 29817 25598 11895 25726 0 0 0 26262 13231 26440 30695 32054 31523 32148 32252 32317 32288 32328 32432 32372 32258 32308 32380 32240 32407 32321 32245
11 190 50KHz 32176 32092 31966 31847 31580 30638 28771 22994 30250 25553 0 0 0 27053 18937 29433 31324 31932 32141 32208 32226 32231 32273 32261 32265 32272 32248 32358 32326 32280 32223 32140
12 191 50KHz 32342 32119 32020 31707 31956 31024 30305 27686 21735 8212 25999 0 0 0 28585 26204 29876 32592 32053 32112 32114 32224 32209 32037 32133 32308 32279 32279 32432 31949 32083 32002
13 191 50KHz 32418 32425 31403 30820 30943 31900 31661 30328 27957 22315 9181 26015 0 0 0 12588 29276 30745 33106 32746 31802 31454 31931 31708 31596 32316 30757 33376 32643 32764 32050 31523
14 191 50KHz 31767 31717 31723 31847 31514 31242 31114 30617 29718 28126 24687 15467 27561 0 0 0 9245 27272 30231 31127 31638 31798 31836 32008 32012 31840 32069 31923 31822 31884 31965 31926
15 191 50KHz 32342 31821 32008 31512 32688 31192 31502 31382 30862 30722 30216 28895 25333 11429 0 0 0 30632 26656 29512 30709 31440 31397 31122 31539 31841 32213 31465 32112 30772 31522 31544
16 191 50KHz 32431 32609 31399 30904 31085 33076 33187 33087 33435 32591 32040 30980 29190 28344 7627 0 0 0 10861 25861 28665 29447 30668 30886 30880 31845 29824 33425 32349 32788 31894 31320
17 191 50KHz 31383 31025 32638 33395 33187 30386 30326 30376 29764 30608 31017 31710 32516 30805 27954 13727 0 0 0 26853 13925 24438 27584 30041 31302 30466 33708 29419 30760 30135 31731 32511
18 192 50KHz 31822 32077 32246 32785 31905 32324 32112 32103 32198 32202 32154 32157 32112 32900 30846 27928 15660 0 0 0 26377 9151 22186 28196 30281 30785 31719 31724 31494 32334 32322 32456
19 192 50KHz 32084 32217 32271 32552 32118 32371 32281 32268 32323 32296 32259 32237 32183 32607 31541 30271 27163 27924 0 0 0 25533 7806 23379 28412 30365 31514 31862 31804 32250 32265 32328
20 192 50KHz 32430 32360 32313 32174 32490 32348 32415 32405 32367 32335 32304 32249 32173 31823 31932 31239 29514 17819 26507 0 0 0 26420 13516 24994 29515 31157 31875 32072 31905 32092 32089
21 192 50KHz 32495 32318 32379 32167 32705 32190 32307 32309 32186 32234 32260 32247 32268 31546 32037 31803 30179 26504 10360 25731 0 0 0 27203 15282 26694 30633 31487 32006 31596 31997 32045
22 192 50KHz 32403 32335 32347 32239 32510 32318 32379 32370 32319 32321 32318 32294 32271 31947 32090 31801 31085 28993 22764 9260 26527 0 0 0 27228 18487 28950 31157 31780 31725 32039 32097
23 192 50KHz 32573 32510 32261 31959 32431 32546 32658 32644 32656 32525 32452 32292 32100 31759 32223 31540 31288 30786 28335 23594 13501 27083 0 0 0 28369 24713 30657 31665 31699 31940 31927
24 192 50KHz 32486 32368 32281 32021 32566 32339 32460 32451 32392 32353 32327 32244 32157 31587 32177 31841 31172 31824 30285 28293 24774 14515 26812 0 0 0 29878 27119 30521 30951 31678 31805
25 193 50KHz 32037 32088 32280 32447 32361 32163 32143 32146 32117 32182 32201 32248 32311 32280 32022 32078 31898 31093 30721 30313 29428 26461 17536 28105 0 0 0 30058 25851 29557 31268 31764
26 193 50KHz 32452 32180 32353 31918 33032 31979 32231 32233 31996 32113 32189 32212 32282 30879 32174 32397 30368 33821 31634 31456 31161 30695 28936 24759 29995 0 0 0 3715 24323 29762 30904
27 193 50KHz 31626 32092 32119 32522 31892 32599 32460 32452 32603 32502 32435 32392 32314 33248 32183 31796 33179 30204 31814 31936 31911 31537 31191 30640 27394 30198 0 0 0 1521 25783 29985
28 193 50KHz 30304 31250 31900 32355 32246 32125 32103 32120 32066 32157 32209 32315 32439 32578 32041 32299 32283 31401 31477 31773 32059 32028 31769 31613 30615 26265 29910 0 0 0 28529 20284
29 193 50KHz 27139 30314 31068 31597 31734 32676 32713 32706 32888 32643 32510 32305 32031 32648 32178 31261 32693 30774 32409 32306 31935 31647 31750 31666 31007 29671 24099 29153 0 0 0 3789
30 193 50KHz 17335 27300 30141 31196 32047 32199 32366 32380 32403 32341 32307 32219 32117 31928 32152 31838 31901 32305 32324 32240 32062 32004 32014 31861 31688 31313 29713 25168 28225 0 0 0
31 193 50KHz 20796 27717 18408 27354 31115 31606 32108 32197 32224 32197 32175 32068 31952 31494 32031 31723 31446 32676 32392 32245 31998 31970 31994 31771 31719 31708 30751 29449 18557 4008 0 0
0 194 50KHz 0 0 27225 19925 29441 30785 31465 31650 31695 31898 31983 32132 32314 32421 31919 32410 32345 31685 31697 31958 32363 32452 32338 32511 32459 32027 32470 31474 30161 26943 17331 18670
1 194 50KHz 0 0 0 27657 23769 29430 31211 31627 31854 32002 32048 32087 32127 32408 31939 32041 32527 31454 32044 32176 32338 32316 32313 32462 32374 32122 32218 32000 31231 30227 27403 28148
2 194 50KHz 27474 0 0 0 29272 24979 30259 31194 31489 31786 31900 31948 32026 31475 31915 32187 31542 32877 32196 32196 32265 32368 32304 32207 32269 32285 32384 32026 31885 30998 30215 19903
3 194 50KHz 20473 27667 0 0 0 29941 27842 30607 31478 31821 31941 31837 31731 30894 32040 31806 31166 33579 32799 32503 32152 32170 32229 31902 32028 32469 31967 32483 32378 31510 31217 27908
4 194 50KHz 29799 24505 29482 0 0 0 9449 25845 29131 30629 31213 31591 31978 31240 31729 32716 31379 33176 31749 31969 32404 32655 32445 32393 32536 32323 33024 31813 32178 31683 32057 31377
5 194 50KHz 31040 29708 25527 30096 0 0 0 28532 21267 28064 30102 30879 31239 32033 31716 31638 32896 31141 32402 32426 32384 32252 32362 32538 32393 32272 32100 32578 32216 32634 32256 31834
6 194 50KHz 31641 31354 30465 28121 9762 0 0 0 28406 17762 26135 29156 30555 31857 31596 31870 32937 31059 32163 32290 32432 32358 32406 32642 32502 32231 32352 32421 32168 32653 32393 32244
7 195 50KHz 31825 31732 31348 30733 26076 28514 0 0 0 27098 13298 23822 28157 30798 31228 31778 32869 31110 32153 32282 32432 32367 32408 32635 32492 32244 32366 32418 32188 32645 32409 32320
8 195 50KHz 31849 31928 31610 31556 29191 20531 28085 0 0 0 26060 9039 22471 28824 30538 31370 33153 30595 32257 32367 32410 32264 32374 32656 32466 32225 32168 32553 32155 32816 32445 32351
9 195 50KHz 32010 32046 31865 31859 30695 27648 16773 26713 0 0 0 25896 9532 23994 29211 31175 32496 31223 32219 32305 32354 32282 32346 32509 32402 32260 32253 32447 32215 32575 32364 32294
10 195 50KHz 32082 32074 31963 31960 31271 29815 25579 11875 25731 0 0 0 26257 13218 26434 30702 32052 31536 32137 32237 32317 32290 32326 32437 32365 32258 32317 32389 32238 32441 32316 32269
11 195 50KHz 32178 32094 31961 31836 31574 30644 28776 22971 30250 25587 0 0 0 27049 18931 29435 31326 31938 32139 32220 32227 32242 32273 32255 32252 32273 32237 32363 32321 32269 32226 32148
12 195 50KHz 32343 32119 32019 31691 31962 31023 30304 27696 21694 8313 26031 0 0 0 28581 26208 29869 32567 32050 32114 32114 32225 32216 32037 32137 32309 32276 32270 32440 31960 32094 32009
13 195 50KHz 32417 32425 31404 30798 30949 31899 31675 30339 27939 22331 9222 26043 0 0 0 12560 29292 30723 33105 32755 31792 31458 31917 31738 31597 32332 30728 33375 32669 32752 31947 31619
14 196 50KHz 31759 31700 31722 31846 31512 31247 31108 30613 29714 28125 24690 15483 27551 0 0 0 9147 27267 30233 31129 31642 31796 31839 32007 32016 31839 32065 31948 31826 31900 31983 31920
15 196 50KHz 32341 31820 32010 31501 32713 31189 31499 31387 30869 30709 30218 28901 25325 11392 0 0 0 30638 26641 29513 30711 31437 31406 31115 31534 31843 32220 31456 32127 30762 31553 31511
16 196 50KHz 32413 32613 31391 30902 31067 33080 33205 33098 33442 32607 32024 30976 29173 28414 7684 0 0 0 10885 25888 28650 29446 30649 30910 30890 31817 29830 33443 32369 32787 31778 31455
17 196 50KHz 31368 31034 32644 33410 33186 30382 30308 30367 29760 30605 31010 31699 32518 30841 27944 13670 0 0 0 26852 13932 24450 27618 30006 31295 30492 33726 29402 30743 30139 31888 32344
18 196 50KHz 31817 32079 32243 32814 31892 32328 32110 32103 32199 32204 32163 32155 32110 32912 30841 27920 15709 0 0 0 26380 9119 22185 28200 30284 30786 31712 31724 31499 32326 32328 32451
19 196 50KHz 32078 32211 32275 32545 32106 32374 32274 32266 32322 32297 32259 32237 32180 32601 31544 30266 27097 27930 0 0 0 25531 7779 23370 28408 30371 31506 31863 31802 32246 32260 32328
20 196 50KHz 32430 32362 32312 32181 32495 32346 32416 32406 32362 32336 32313 32249 32173 31795 31933 31228 29544 17869 26502 0 0 0 26404 13479 25019 29530 31152 31868 32099 31897 32089 32094
21 197 50KHz 32489 32321 32383 32176 32701 32193 32314 32312 32191 32234 32259 32255 32267 31558 32040 31814 30118 26508 10390 25733 0 0 0 27202 15369 26724 30618 31485 32008 31597 32001 32042
22 197 50KHz 32407 32334 32347 32245 32516 32315 32378 32374 32322 32317 32317 32294 32258 31937 32090 31824 31057 29019 22801 9235 26525 0 0 0 27215 18485 28940 31156 31782 31728 32038 32096
23 197 50KHz 32580 32507 32259 31964 32450 32569 32663 32643 32655 32521 32449 32293 32099 31757 32216 31535 31268 30760 28322 23586 13486 27086 0 0 0 28363 24690 30655 31667 31700 31933 31934
24 197 50KHz 32479 32363 32278 32027 32565 32331 32442 32447 32394 32355 32331 32246 32157 31613 32177 31845 31194 31811 30281 28381 24805 14517 26814 0 0 0 29873 27116 30505 30958 31680 31804
25 197 50KHz 32052 32084 32275 32448 32361 32164 32140 32146 32118 32182 32202 32250 32324 32278 32023 32073 31892 31086 30722 30298 29415 26439 17482 28093 0 0 0 30053 25825 29556 31267 31763
26 197 50KHz 32440 32177 32353 31931 33021 31978 32231 32234 32000 32119 32190 32216 32292 30890 32182 32397 30354 33862 31639 31451 31155 30694 28934 24726 29996 0 0 0 3668 24305 29760 30901
27 197 50KHz 31631 32087 32124 32524 31900 32593 32458 32448 32598 32503 32433 32392 32313 33250 32184 31802 33220 30221 31833 31926 31911 31533 31173 30640 27368 30198 0 0 0 1510 25790 29981
28 198 50KHz 30292 31260 31894 32347 32239 32130 32089 32117 32075 32161 32206 32317 32443 32593 32043 32302 32285 31354 31490 31770 32065 32025 31771 31615 30604 26267 29916 0 0 0 28529 20291
29 198 50KHz 27145 30303 31071 31590 31741 32672 32715 32706 32875 32643 32508 32306 32023 32634 32174 31259 32696 30804 32410 32310 31939 31663 31748 31671 31019 29672 24094 29161 0 0 0 3771
30 198 50KHz 17336 27291 30132 31201 32029 32206 32369 32384 32402 32345 32308 32221 32116 31985 32151 31832 31908 32191 32332 32242 32068 32003 32016 31872 31681 31304 29712 25159 28222 0 0 0
31 198 50KHz 20789 27714 18404 27342 31131 31590 32113 32203 32220 32194 32172 32066 31948 31459 32029 31730 31403 32714 32392 32241 31996 31970 31997 31768 31723 31711 30758 29445 18678 3997 0 0
