
0 16678 50KHz 0 0 29056 30770 7430 25902 14080 24780 23140 28610 26818 25075 26652 29965 23357 32245 25197 26845 26566 30080 30325 24810 28612 27057 29961 29249 29658 25901 26002 23499 29270 9331
1 16681 50KHz 0 0 0 28119 31018 22942 27749 27338 28584 27389 28269 29098 28571 27374 30455 26270 30043 29189 29495 27329 26499 30266 28015 28882 26203 25856 24888 27256 25102 14025 30541 29844
2 16684 50KHz 29413 0 0 0 27175 31067 12409 23682 23530 27590 26676 25902 27086 29406 25593 30051 26980 27593 27530 29301 30824 25601 28726 27773 29578 28603 29507 27461 28204 26870 26063 22389
3 16687 50KHz 31422 28878 0 0 0 27993 29135 18086 19468 26462 25302 23830 25565 28618 22676 32694 24820 27041 26938 30369 27425 27459 28841 27758 29513 29955 29356 27532 27671 30310 26320 24087
4 16691 50KHz 14326 31248 27744 0 0 0 27719 30921 23326 25457 26972 28056 28638 28332 30464 26382 30834 29621 29942 28206 30150 28915 29140 29726 28389 27429 27886 29492 29113 23089 26713 31313
5 16694 50KHz 29660 25377 22235 28599 0 0 0 26803 30093 21430 22414 21858 24746 28450 22513 31296 25756 27042 26927 30279 29860 25769 29036 27681 30157 29695 30206 27778 28789 30303 29049 26303
6 16697 50KHz 19229 28632 17537 29354 27206 0 0 0 29582 19296 26379 29467 29523 28024 33044 26558 31971 31026 31604 28493 28641 32665 29983 31551 28452 28528 27935 31488 30098 24994 27990 34805
7 16700 50KHz 26877 27866 25276 18911 30697 25418 0 0 0 28220 30829 19727 23246 26323 24347 29234 26366 27524 27839 29081 27967 28260 28846 28660 28947 29022 28819 28826 28783 28600 28330 29290
8 16703 50KHz 25366 28926 24972 20163 21966 29762 28709 0 0 0 29017 15029 23432 25982 26510 27436 28244 28450 28868 28774 29166 28790 29195 29451 29014 28737 28830 29591 29423 27375 28789 31010
9 16707 50KHz 30329 27839 28928 28063 24900 22434 31126 28213 0 0 0 26861 30363 20820 16914 29165 22377 24995 25506 29004 27791 25617 28200 27132 29200 29072 29319 27571 28361 29963 28810 27091
10 16710 50KHz 29109 29067 28479 27235 27054 24023 25474 31137 29396 0 0 0 27934 30873 17099 27232 24081 26104 26859 29045 28680 27098 28922 28393 29513 29283 29558 28791 29261 29346 29385 29123
11 16713 50KHz 27416 29819 27588 25340 28011 22663 28611 21353 17074 27005 0 0 0 28266 30750 24351 25148 26925 28046 28842 28428 29135 29393 29556 29348 29372 29261 29848 29675 28713 29285 30929
12 16716 50KHz 28507 29225 28405 26774 28450 25439 28625 24498 24319 30608 27384 0 0 0 27771 31280 20452 24415 26288 28347 27419 28119 28852 28694 29121 29240 29150 29131 29188 29204 29089 29833
13 16719 50KHz 31135 28263 30376 29756 28312 29501 27323 27767 27189 23857 31030 28307 0 0 0 28576 30124 18164 22128 27401 24124 26537 27682 26773 28530 29212 28792 27569 27971 30758 28337 27041
14 16723 50KHz 25757 30973 27173 23669 30587 22741 32730 25266 27230 18591 16659 30572 27343 0 0 0 29234 20752 27505 27646 27329 32210 30043 31356 29139 29720 28919 31500 30274 28306 29223 33237
15 16726 50KHz 32705 27120 30555 33310 26085 31924 25679 30055 28044 30792 28377 25641 21568 28878 0 0 0 25982 29881 21405 21970 18054 25187 22978 28290 27619 29114 24921 27202 29752 28885 24140
16 16729 50KHz 27810 30866 28799 26548 31135 26941 31735 27852 29310 24902 25297 25871 22094 30297 29227 0 0 0 29212 20276 22888 29067 28751 29780 28909 29591 29052 30724 30098 29290 29503 32158
17 16732 50KHz 28435 29725 28658 27826 29487 27418 30459 28231 28906 26310 26412 26896 24882 18450 31336 25118 0 0 0 28690 30703 21903 26039 26647 28004 28286 28677 28744 29095 28691 29181 29985
18 16736 50KHz 27970 29869 28388 27451 29658 26951 31032 28270 29089 26382 26815 27714 26299 21959 26134 29666 28043 0 0 0 28093 16919 24283 25885 27494 28003 28419 28864 29109 28404 29143 30336
19 16739 50KHz 30769 27738 29782 30663 27619 30469 27356 29389 28853 29720 29130 28667 28541 28024 26770 22606 31163 28328 0 0 0 27527 30798 18043 24988 26104 27229 25073 26889 29105 28058 25946
20 16742 50KHz 31191 26690 31417 28010 29639 30749 26942 28568 29430 29311 29381 28496 28011 24927 26599 24219 21562 30818 28459 0 0 0 28699 14733 21048 27065 24455 25974 24835 32259 24547 25931
21 16745 50KHz 26484 30871 26660 27968 28958 25581 32751 28728 29159 26313 26985 28934 28127 26581 31656 18222 28027 21655 17283 27453 0 0 0 27966 31463 23254 27859 27166 29797 25435 30925 31144
22 16748 50KHz 29364 28292 29155 28993 28558 28945 29019 29021 29184 28725 28803 29053 28802 27852 29342 25831 27631 25841 24446 30872 28151 0 0 0 29698 19929 23898 24364 26229 28312 27603 27293
23 16752 50KHz 27434 28971 27868 27279 29070 26750 30995 28448 29224 27037 27720 28898 28195 26069 30685 21892 28410 25521 24944 16418 30536 26136 0 0 0 28890 31103 21253 25505 26322 27542 28601
24 16755 50KHz 29786 25881 29297 28862 27021 29493 26601 28500 28424 29091 28853 28482 28531 28107 27998 28418 27332 27298 26965 25133 19998 31140 29312 0 0 0 28234 30328 19191 26804 23797 23350
25 16758 50KHz 29370 25987 28608 29625 26289 29186 27087 28868 28408 29189 28821 28770 28912 29207 28815 28038 28458 27904 27792 26622 27396 22032 20279 29133 0 0 0 26633 30557 23172 23336 22373
26 16761 50KHz 29718 25642 29571 29105 27196 29870 26789 28880 28763 29613 29345 28902 29058 28925 28407 29765 28197 28666 28563 28163 25317 27628 25042 31413 28870 0 0 0 28608 21517 20404 21842
27 16765 50KHz 26408 27980 27846 27244 29295 27214 31249 28922 29687 27820 28516 29535 28967 27250 31148 24649 30041 28461 28768 25150 26391 26289 24443 21794 30474 26035 0 0 0 29285 31156 24085
28 16768 50KHz 25463 25029 27857 26561 28115 27695 28869 28247 28914 28016 28460 28786 28467 27055 29395 26581 28823 28373 28553 26552 24302 28900 25786 25433 19563 30372 27509 0 0 0 28504 15649
29 16771 50KHz 21861 30999 25915 28731 20881 28858 22704 27918 26567 29422 28293 27657 28434 30409 27072 29722 27857 27958 27842 29025 32270 24469 28284 26730 27979 24088 21688 29169 0 0 0 26981
30 16774 50KHz 29490 30825 25781 25036 25700 28026 26632 28012 28451 28700 28806 28592 28644 27927 28562 28969 28451 28851 28950 28366 24851 30511 27872 28057 25244 24328 20356 31120 28674 0 0 0
31 16778 50KHz 20407 30099 22183 22772 31880 25170 35981 29322 31301 26958 28727 30735 29552 25980 33386 22509 31938 29572 30107 25130 25898 30379 26794 28218 23204 21349 19659 21721 12262 25505 0 0
0 25141 50KHz 0 0 28917 30714 7174 24117 12540 24460 24194 29634 27924 25984 26853 29574 23052 32501 26261 27872 27334 30237 29782 24764 28125 27462 30394 29839 29669 25907 25610 22675 29043 9373
1 25145 50KHz 0 0 0 27982 30967 22866 27160 26786 28184 27076 28238 29394 29066 28015 31138 26256 29971 29240 29724 27834 27400 30787 28420 28429 25785 25593 25104 27330 25181 14199 30519 29648
2 25148 50KHz 29234 0 0 0 27159 30921 11106 22693 23721 27876 27370 26713 27511 29306 25889 29923 27758 28374 28197 29544 30769 26008 28615 28021 29704 28914 29574 27692 28158 26666 25601 22031
3 25151 50KHz 31343 28695 0 0 0 27755 28796 14474 18958 26587 26208 24961 26028 28173 22873 32123 26143 28241 28047 30510 27027 27995 28444 28117 29822 30508 29528 27825 27663 30174 26023 23958
4 25154 50KHz 14041 31182 27670 0 0 0 27462 30612 20020 23892 26157 27972 28856 28437 31263 25827 30841 29678 30226 28426 30486 30107 29630 29556 27713 26997 27706 29730 29163 23108 26571 31154
5 25157 50KHz 28124 25184 20763 28290 0 0 0 26339 29600 18104 21663 22104 24713 27477 22756 29672 27235 28256 28191 30285 29532 26824 28828 28243 30090 29917 30072 28388 28897 29650 28628 27046
6 25161 50KHz 18408 27921 16110 28982 26788 0 0 0 29201 18206 24184 27861 28913 28146 32863 26395 30817 30268 31198 28456 28848 33293 30444 31068 27594 27683 27536 31348 29985 24719 27818 34639
7 25164 50KHz 26525 27295 24299 15012 30291 24774 0 0 0 27887 30550 17499 22014 25528 22475 28335 25724 27471 28019 29168 28055 28131 28642 28523 28979 29115 28977 28867 28797 28560 28239 28989
8 25167 50KHz 26101 28485 25044 19357 18097 29132 28196 0 0 0 28897 13984 22732 25812 24941 27114 27258 28087 28690 28955 29467 28555 29180 29103 29012 28761 29081 29453 29438 27811 28950 30308
9 25170 50KHz 30930 27472 28946 27671 23023 18777 30814 27887 0 0 0 26819 30313 19935 14861 26936 21823 25254 26193 29213 28054 25660 27823 27239 29687 29785 29962 27959 28647 30422 28995 26652
10 25174 50KHz 29810 28964 28861 27703 26116 22862 23456 30901 29289 0 0 0 27888 30834 15448 24931 23156 26022 27301 29177 29005 27382 28813 28466 29739 29689 30013 29152 29556 29784 29675 28885
11 25177 50KHz 27988 30025 28145 26171 27799 22469 26966 19338 15475 26970 0 0 0 28278 30614 21929 23570 26272 28121 28829 28767 29550 29536 29559 29287 29386 29487 30156 29983 28993 29697 31015
12 25180 50KHz 28611 29617 28663 27028 28542 25036 28011 23244 23641 30541 27285 0 0 0 27638 30855 16895 23306 26394 28227 27647 28722 28960 28951 29111 29374 29382 29749 29650 29339 29501 30390
13 25183 50KHz 30785 28710 30181 29155 28294 28253 27645 27189 27153 22904 30947 28198 0 0 0 27949 29477 14530 21930 27012 24192 26898 27466 27278 28875 29827 29361 28711 28763 30889 28849 28047
14 25186 50KHz 25442 31504 27353 23800 31330 22871 32590 23427 25666 16404 13678 30338 27034 0 0 0 28632 17889 24792 26603 26308 31298 29870 30698 28393 28834 28410 31344 30274 27961 29443 33813
15 25190 50KHz 32758 26960 30266 32524 25305 30061 25651 29564 28024 29088 26226 23318 18267 28133 0 0 0 25198 29415 18878 19278 15811 22875 21649 27974 28217 29515 25681 27617 30212 28912 24327
16 25193 50KHz 28460 30725 29278 27548 31018 28193 30673 27336 28508 24483 24462 24487 19637 29659 28583 0 0 0 28971 18711 21295 26523 27210 27618 27995 28837 28818 30023 29858 29425 29629 31515
17 25196 50KHz 29125 29703 29170 28775 29458 28440 29726 28163 28582 26475 26260 26276 23862 14792 30739 24318 0 0 0 28621 30655 20752 24721 24853 27187 27906 28642 28591 29148 29043 29403 29676
18 25199 50KHz 28562 30017 28926 28503 29912 28180 30609 28419 28916 26960 27220 27753 26360 21427 23023 29154 27798 0 0 0 28046 16260 23264 24181 26535 27418 28270 28733 29200 28647 29454 30290
19 25203 50KHz 30945 28170 29961 30751 27802 30263 27355 29491 29092 29866 29178 28567 28283 27305 25684 20247 31054 28294 0 0 0 27560 30592 14282 23442 25749 27279 25850 27558 29519 28579 26764
20 25206 50KHz 30873 27346 31293 27432 29637 29879 27020 28607 29735 29327 29404 28514 27934 24898 26106 22773 20399 30754 28328 0 0 0 28601 10268 19107 25987 24371 26311 25582 32373 25477 27054
21 25209 50KHz 26371 31271 26996 28481 30180 26806 33496 28634 28876 26229 27220 29328 28761 26917 30786 15867 24998 20286 16514 27400 0 0 0 27707 31084 20700 25910 26128 29104 25020 30530 31539
22 25212 50KHz 28917 28666 29040 28585 29062 28629 29591 28856 29231 28349 28652 29120 28829 27455 29128 23337 25943 24447 23374 30621 28030 0 0 0 29385 16487 22005 23171 25699 27849 27454 27872
23 25215 50KHz 27519 28411 27944 27513 28807 27259 30372 28199 28767 27022 27700 28792 28366 26378 29591 19930 25331 23221 22855 12355 30125 25637 0 0 0 28667 30816 17989 23598 25680 26470 27431
24 25219 50KHz 30004 25436 29253 29010 26163 29085 25546 28459 28405 29484 28973 28266 28325 28219 27064 27921 26311 26421 25970 23435 17067 30599 28927 0 0 0 28148 30178 18321 26483 23410 22573
25 25222 50KHz 29724 25663 28761 30058 25754 29171 26109 28903 28413 29783 29130 28653 28868 29591 27853 28584 27703 27548 27225 26210 25560 18846 16884 28951 0 0 0 26546 30496 23069 22977 21895
26 25225 50KHz 29720 25772 29579 29270 26972 29549 26356 29007 29017 30149 29732 29021 29115 29281 27937 30097 28135 28710 28463 28112 24797 25448 23373 31211 28830 0 0 0 28560 21123 20614 22023
27 25228 50KHz 26410 27990 28028 27602 29523 27890 31091 28955 29499 28107 28824 29779 29538 28429 31005 25474 29258 28304 28628 25889 26326 24902 23050 19002 30349 25996 0 0 0 29175 31126 24041
28 25231 50KHz 25161 25074 27829 26647 28138 27800 28716 28295 28958 28328 28796 29084 28906 27930 29414 27129 28663 28504 28697 27216 24872 27967 25155 23837 18834 30325 27484 0 0 0 28425 15467
29 25235 50KHz 21055 31009 25732 28671 20926 28093 22364 27937 27081 30004 28835 27953 28515 30460 26694 30319 28167 28439 28110 29369 32013 23914 27781 26490 27945 24242 21330 29067 0 0 0 26986
30 25238 50KHz 29315 30800 25399 24879 25643 27577 26531 27989 28719 29012 29228 29064 29050 28447 28820 29024 28766 29174 29299 28774 25667 30039 27639 27272 24968 24017 20528 31085 28581 0 0 0
31 25241 50KHz 20075 29889 21789 22623 31635 26166 35854 29013 30475 26368 28357 30778 30245 27326 34138 22906 31104 29224 30096 26112 27315 30879 27390 27055 22379 20850 20013 21813 12213 25546 0 0
