
0 73 50KHz 0 0 0 20360 25654 28198 28440 31622 29736 30289 32317 33743 27505 28616 37919 21228 41887 37313 30109 30715 33332 36839 32707 18889 27194 48560 23098 28248 28868 29665 19056 22868
1 73 50KHz 0 0 0 0 25336 29850 31086 31957 31740 31755 32023 32049 30742 31044 33571 29244 34285 33586 32137 32191 32297 33240 32746 31042 31279 34423 30883 31729 31272 30493 27922 0
2 73 50KHz 0 0 0 0 4248 26685 30236 32208 31578 31422 31936 31869 28357 29195 36264 24222 38304 36391 32271 32355 32218 33974 32746 29644 29480 37439 29827 32121 31696 31222 28810 21250
3 73 50KHz 23581 160 0 0 0 2499 26910 30169 31161 31556 31721 31695 31755 31910 32267 32196 32220 32344 32394 32365 32220 31739 32757 32869 32361 31972 32469 32372 32186 31910 31771 29850
4 74 50KHz 27294 25369 3443 0 0 0 2344 22873 28636 30633 30963 31172 34459 34101 28721 38975 26867 28752 32415 32296 32148 29708 32766 35610 34786 27218 34578 32481 32429 32170 33704 32057
5 74 50KHz 29307 29753 26174 420 0 0 0 0 14175 24759 28293 29804 32931 33147 29616 36720 28386 29658 32204 32158 32228 30971 32756 34151 33959 29097 33540 32221 32275 32243 33322 32134
6 74 50KHz 29433 31062 30098 26111 762 0 0 0 4097 11421 23037 27281 32723 33380 28876 38233 27271 28999 32334 32241 32116 29930 32766 35242 34474 27674 34324 32458 32438 32235 33649 32617
7 74 50KHz 32453 31956 32186 29952 22757 0 0 0 0 1182 6064 21181 27175 30184 32721 29761 33553 32797 31748 31919 32675 35252 32726 29615 31510 35243 30463 31500 31863 32523 32076 31483
8 74 50KHz 30827 31857 31700 31155 28710 15790 2679 0 0 0 0 5258 25195 30622 30166 35134 29612 30509 32262 32242 32295 31424 32763 33654 33485 30139 33234 32310 32351 32341 33094 32427
9 74 50KHz 31037 31835 31504 31518 30536 25055 12843 363 0 0 0 0 14912 27842 30192 34520 29974 30877 32383 32326 32078 30492 32771 34246 33286 29789 33500 32576 32439 32156 32799 32526
10 74 50KHz 32701 32041 31949 31644 30865 28429 23437 6057 0 0 0 0 0 20693 32013 29353 33673 33187 32116 32185 32208 32717 32747 31560 31506 33712 31516 32236 32185 32164 31713 31923
11 75 50KHz 33666 32029 31817 31606 31105 29874 27476 21172 3433 0 0 0 0 0 31889 25986 35856 34667 32089 32201 32068 32897 32762 30834 30469 35348 30775 32354 32173 32010 30922 31725
12 75 50KHz 27023 30326 26770 31672 35437 33471 33097 25676 21427 4563 0 0 0 0 20118 41015 24128 26586 34750 33806 29331 12264 32975 51962 37729 16045 43723 36763 34512 30248 33647 35812
13 75 50KHz 27563 29462 24842 31079 35942 34226 34440 28783 27974 21059 3200 0 0 0 0 31778 26783 28973 34470 33489 27691 6242 32969 52392 36328 18716 44260 37530 34403 28860 31520 35675
14 75 50KHz 37121 33382 38577 31385 25364 26688 25825 30501 27228 28293 31214 32025 22711 0 0 0 37921 35637 25477 27647 34692 59872 32403 9793 24851 48321 14455 24496 27792 34046 29970 25978
15 75 50KHz 22788 22541 1594 34152 60950 52357 61255 28945 46198 41137 22465 5220 38578 32084 0 0 0 24976 48858 42957 16094 0 34219 59290 43883 15778 56567 63000 48121 22717 39157 57136
16 75 50KHz 34807 34495 46678 30639 17307 19915 18583 27293 22116 26034 33739 41217 31223 31275 33823 0 0 0 0 573 28922 62329 31766 10549 27022 45292 13893 13718 21962 36632 32391 18835
17 75 50KHz 36669 33252 37148 31697 27148 28237 27590 31457 28978 29984 32839 35168 27612 28340 37938 22849 0 0 0 0 13055 37171 32429 9121 24227 50600 11526 25890 28569 33376 30146 27408
18 76 50KHz 31067 32199 32352 32391 32353 32231 32326 31878 32233 32357 32172 32154 33633 33093 29438 35153 8073 0 0 0 0 0 32684 26504 31966 37299 22670 31370 31820 32115 32959 32348
19 76 50KHz 31652 32253 32428 32357 32240 32185 32231 32048 32207 32290 32237 32268 32984 32654 30696 33759 23582 0 0 0 0 0 32620 17850 30317 45803 12074 30877 31629 32039 32538 32164
20 76 50KHz 33864 32338 32263 32221 32137 32250 32119 32757 32257 32046 32248 32151 30158 30463 34168 27698 32351 19621 0 0 0 0 32506 0 26168 65535 0 30043 31251 31596 30803 31741
21 76 50KHz 41840 32957 33654 31634 29921 30952 30080 34520 31186 30522 32527 32923 20445 22912 45971 2764 51583 37424 2879 0 0 0 0 11336 6733 57942 10647 21551 27692 30330 24874 28642
22 76 50KHz 32771 32747 32747 32751 32747 32751 32744 32753 32744 32743 32747 32748 32735 32746 32792 32717 32808 32781 32732 32708 32645 0 0 0 32688 32948 32515 32739 32755 32752 32746 32756
23 76 50KHz 21962 31498 30081 33277 35846 34545 35560 30338 34180 34610 31987 31041 45055 42100 16764 59841 7605 13860 27227 18790 405 9770 0 0 0 4597 57954 43956 36837 33448 39787 36696
24 77 50KHz 26634 31072 28315 32586 36014 34932 35569 31873 34389 33830 31368 29613 37739 36174 23107 44991 20595 22807 32029 29543 22583 0 32856 0 0 0 64045 35116 33856 30775 34751 35810
25 77 50KHz 45957 33890 37732 31235 25910 27836 26463 33834 28649 28887 33194 35643 18562 20177 48807 13692 51202 49525 36616 46015 64929 54227 32494 9346 0 0 0 18651 26564 32488 24244 25284
26 77 50KHz 25342 31306 30224 32793 34753 33857 34561 31078 33622 33771 31896 31028 40184 38227 21841 54010 13246 17773 23964 14151 210 9675 32741 57401 62094 0 0 0 1612 20964 33129 33827
27 77 50KHz 29237 31756 32146 32382 32483 32287 32514 31557 32315 32601 32272 32373 35435 34700 28428 39311 26282 27880 31374 30828 29826 19066 32748 44221 33943 21746 0 0 0 0 24517 30112
28 77 50KHz 29616 31232 31686 32145 32367 32278 32423 31913 32305 32405 32197 32189 33733 33316 30200 35786 29009 29880 31776 31571 31122 26670 32764 36597 33069 28592 0 0 0 0 0 24367
29 77 50KHz 29923 30320 31077 31804 32093 32216 32183 32575 32260 32063 32139 31998 30663 30877 33649 29159 34253 33551 32058 31985 31481 29929 32777 32813 31275 33286 17314 0 0 0 0 205
30 77 50KHz 18858 27012 27925 31701 34095 33714 34021 32536 33475 32925 31704 30583 33162 32704 29913 38010 27429 30279 33328 32807 30277 19865 32895 32921 43506 21348 33459 22370 0 0 0 0
31 78 50KHz 28337 0 14680 28147 31664 31937 32608 31093 32307 32435 31617 31265 35581 34685 26985 41790 23915 27000 32160 31598 24249 32643 32792 32790 41898 22428 34761 28711 20484 0 0 0
0 78 50KHz 0 0 0 20320 25648 28249 28459 31629 29746 30269 32284 33699 27487 28631 37746 21198 42170 37220 30243 31741 50203 33070 32572 32594 13591 50898 19616 28187 28930 29591 19131 22877
1 78 50KHz 0 0 0 0 25307 29837 31076 31945 31737 31753 32016 32041 30756 31056 33538 29257 34300 33552 32134 32213 33564 32773 32755 32756 29880 34726 30531 31717 31275 30492 27938 0
2 78 50KHz 0 0 0 0 4208 26624 30195 32203 31565 31407 31932 31865 28301 29133 36330 23966 38571 36446 32261 32359 34710 32762 32766 32764 26415 38167 29108 32087 31695 31221 28799 21243
3 78 50KHz 23530 147 0 0 0 2376 26824 30115 31145 31558 31719 31694 31819 31962 32206 32335 32100 32273 32385 32307 31502 32740 32770 32770 33008 31768 32636 32375 32187 31918 31802 29868
4 78 50KHz 27268 25325 3247 0 0 0 2262 22764 28594 30624 30963 31177 34485 34128 28705 39125 26685 28740 32399 32178 28749 32721 32775 32773 38359 26485 35349 32510 32427 32175 33687 32067
5 78 50KHz 29344 29737 26106 250 0 0 0 0 14074 24716 28285 29808 32880 33115 29679 36671 28398 29725 32189 32115 30588 32747 32760 32761 35813 28874 33866 32230 32267 32243 33279 32124
6 79 50KHz 29474 31050 30059 26020 644 0 0 0 4154 11461 23059 27296 32692 33335 28965 38186 27265 29093 32316 32140 29163 32723 32772 32771 37529 27190 34943 32473 32431 32229 33587 32609
7 79 50KHz 32407 31951 32188 29932 22731 0 0 0 0 1184 6074 21180 27229 30305 32629 29889 33502 32691 31778 32125 36190 32839 32716 32729 32587 32768 29644 31517 31874 32517 32123 31502
8 79 50KHz 30848 31856 31683 31141 28678 15694 2639 0 0 0 0 5468 25209 30625 30122 35117 29608 30550 32255 32207 31044 32753 32764 32765 34798 29946 33486 32321 32354 32337 33062 32423
9 79 50KHz 31078 31832 31494 31527 30508 24990 12768 354 0 0 0 0 14959 27838 30262 34426 30009 30936 32359 32206 29798 32720 32781 32777 32802 32808 33983 32581 32437 32152 32748 32515
10 79 50KHz 32654 32039 31952 31643 30875 28414 23441 6117 0 0 0 0 0 20773 31989 29380 33659 33140 32105 32170 33111 32760 32761 32762 32757 32756 31331 32225 32183 32165 31741 31924
11 79 50KHz 33637 32027 31827 31607 31102 29873 27476 21180 3508 0 0 0 0 0 31848 25969 35890 34614 32065 32147 33174 32750 32768 32768 32774 32759 30422 32337 32169 32014 30952 31720
12 79 50KHz 27373 30323 26734 31655 35323 33327 32895 25573 21050 3881 0 0 0 0 20536 40623 24517 27103 34487 32418 4837 32224 33032 32958 33402 33322 50118 36854 34443 30249 33345 35700
13 80 50KHz 28154 29498 24914 31075 35728 34032 34171 28817 27717 20750 3070 0 0 0 0 30961 27420 29751 34073 31682 4345 32048 33084 32986 33828 33070 49682 37496 34233 28865 31097 35424
14 80 50KHz 36603 33319 38362 31382 25716 26977 26206 30517 27536 28584 31293 32051 23078 0 0 0 37377 34880 25868 29449 61898 33443 32328 32440 31735 32194 11328 24632 28022 34001 30478 26303
15 80 50KHz 22278 22625 2311 34536 60552 51694 60411 28302 45602 40987 22250 5228 39213 31788 0 0 0 24560 47786 34915 0 29423 34396 33918 37232 34259 58245 62457 47631 23195 39731 57449
16 80 50KHz 34778 34342 46042 30591 18001 20618 19408 27583 22741 26438 33737 40773 31094 31841 33880 0 0 0 0 2711 61042 34244 31753 32011 29644 32292 11489 14178 22386 36341 32378 19755
17 80 50KHz 35973 33190 36996 31700 27364 28430 27831 31382 29155 30152 32833 35081 28156 29171 37272 23390 0 0 0 0 23229 33201 32432 32515 31806 32537 8085 25806 28651 33313 30483 27665
18 80 50KHz 31195 32193 32338 32376 32338 32217 32308 31909 32223 32324 32163 32134 33458 32960 29583 34838 8375 0 0 0 0 32563 32734 32743 32654 32830 17665 31060 31672 32020 32818 32296
19 80 50KHz 32339 32256 32410 32291 32131 32133 32126 32242 32165 32166 32215 32219 32012 31915 31665 31714 24860 0 0 0 0 32188 32709 32728 32586 32880 1104 29960 31189 31744 31889 31916
20 81 50KHz 44329 33149 34130 31405 29144 30514 29390 35069 30829 30017 32596 33150 17262 20433 49605 476 57790 31112 0 0 0 0 32454 32576 32133 32833 4724 23425 27866 30400 23199 27644
21 81 50KHz 33000 32756 32756 32734 32703 32730 32704 32809 32727 32702 32746 32749 32443 32521 33128 32037 33328 33088 32652 32470 0 0 0 32776 32776 32780 30272 32793 32752 32753 32575 32687
22 81 50KHz 32778 32752 32752 32756 32753 32755 32749 32755 32748 32745 32749 32751 32747 32753 32784 32734 32802 32780 32738 32735 32700 0 0 0 32778 32779 32770 32676 32758 32754 32746 32758
23 81 50KHz 32803 32754 32753 32755 32748 32753 32746 32762 32748 32745 32750 32751 32716 32732 32825 32681 32852 32817 32746 32701 32818 32776 0 0 0 32779 32590 32348 32723 32741 32726 32749
24 81 50KHz 32758 32752 32755 32758 32756 32757 32752 32752 32750 32750 32750 32755 32764 32771 32767 32784 32757 32761 32755 32744 32680 32778 32780 0 0 0 31616 33114 32838 32763 32763 32764
25 81 50KHz 32669 32746 32747 32765 32769 32761 32766 32727 32755 32763 32748 32751 32892 32866 32629 33050 32558 32603 32750 32743 32627 32778 32780 32779 0 0 0 32844 32774 32764 32826 32787
26 81 50KHz 32612 32732 32733 32760 32766 32759 32767 32709 32753 32766 32740 32738 32926 32892 32551 33171 32414 32448 32485 32265 30439 32747 32778 33409 31646 0 0 0 32038 32566 32796 32772
27 82 50KHz 18980 30679 29587 33224 36015 34477 35774 29620 34149 34846 31863 30915 47872 44191 12510 63173 3768 7314 23365 7469 2927 30202 32897 32285 33539 33085 0 0 0 0 29224 33595
28 82 50KHz 29387 31181 31651 32144 32379 32264 32436 31846 32297 32419 32174 32155 33960 33487 29836 36442 28262 29080 30562 28667 16540 32598 32763 32716 32811 32766 31047 0 0 0 0 24260
29 82 50KHz 29918 30306 31074 31799 32082 32207 32180 32567 32254 32058 32135 31993 30677 30874 33614 29154 34228 33380 31671 31014 27317 32685 32779 32760 32795 32800 32661 0 0 0 0 176
30 82 50KHz 19055 27042 27982 31697 34043 33661 33961 32567 33426 32876 31707 30608 32967 32503 30173 37421 27767 30490 32987 31558 16159 32443 32902 32845 32928 33078 32956 24817 0 0 0 0
31 82 50KHz 28310 0 14614 28145 31647 31922 32589 31122 32289 32412 31616 31269 35435 34634 27130 41583 24085 27152 32071 31395 23010 32625 32793 32775 32805 32852 32803 32376 20272 0 0 0
0 82 50KHz 0 0 0 20312 25753 28320 28554 31548 29832 30380 32294 33664 27931 28991 37331 21708 41356 36625 30354 31920 51625 33118 32560 32634 32538 32338 32400 14246 28707 29671 19527 22669
1 83 50KHz 0 0 0 0 25308 29849 31082 31943 31743 31758 32019 32062 30820 31067 33524 29389 34299 33535 32125 32198 33633 32774 32755 32758 32755 32744 32736 29969 31218 30457 27932 0
2 83 50KHz 0 0 0 0 4209 26647 30200 32187 31573 31417 31933 31872 28305 29308 36252 24047 38474 36342 32252 32347 34862 32758 32765 32764 32766 32766 32756 28759 31656 31218 28873 21242
3 83 50KHz 23556 184 0 0 0 2420 26888 30158 31161 31550 31720 31694 31766 31913 32213 32234 32179 32354 32378 32287 31393 32737 32772 32768 32775 32782 32773 32779 32186 31904 31761 29856
4 83 50KHz 27309 25316 3297 0 0 0 2324 22840 28621 30626 30963 31172 34422 34081 28765 39070 26736 28823 32385 32138 28441 32717 32776 32770 32780 32794 32782 35899 32440 32170 33650 32039
5 83 50KHz 29373 29752 26152 371 0 0 0 0 14128 24726 28285 29806 32916 33105 29701 36662 28364 29767 32179 32091 30362 32750 32760 32760 32762 32760 32756 34015 32253 32234 33310 32107
6 83 50KHz 29483 31047 30063 26064 659 0 0 0 3902 11508 23064 27297 32665 33418 28956 38256 27180 29090 32312 32104 28699 32720 32774 32769 32777 32788 32783 35562 32447 32222 33579 32604
7 83 50KHz 32373 31958 32180 29962 22782 0 0 0 0 1233 6049 21139 27244 30260 32708 29896 33455 32675 31782 32152 36484 32844 32715 32733 32713 32656 32670 28648 31802 32513 32142 31506
8 84 50KHz 30867 31857 31698 31134 28700 15744 2401 0 0 0 0 5370 25187 30613 30215 35192 29605 30562 32248 32191 30906 32754 32764 32764 32765 32766 32761 33610 32341 32334 33059 32418
9 84 50KHz 31101 31832 31499 31511 30477 24994 12779 397 0 0 0 0 14955 27847 30266 34490 29975 30928 32353 32174 29603 32717 32780 32775 32785 32815 32785 34496 32451 32147 32797 32515
10 84 50KHz 32664 32040 31952 31648 30868 28436 23458 6068 0 0 0 0 0 20765 31963 29401 33682 33101 32102 32163 32858 32758 32762 32762 32762 32757 32755 31269 32158 32160 31739 31930
11 84 50KHz 33605 32024 31832 31608 31112 29878 27481 21174 3493 0 0 0 0 0 31808 26030 35898 34475 32058 32133 33169 32746 32767 32767 32770 32775 32763 30521 32141 32006 30971 31728
12 84 50KHz 27529 30329 26791 31601 35261 33276 32900 25598 21060 3833 0 0 0 0 20758 40452 24499 27222 34434 32131 3786 32204 33008 32943 33064 33568 33118 56394 34825 30214 33315 35662
13 84 50KHz 28092 29489 24941 31005 35751 34000 34189 28819 27696 20723 3061 0 0 0 0 31117 27438 29588 34023 31318 3888 32018 33057 32970 33125 33967 32982 55703 34727 28822 31061 35459
14 84 50KHz 36328 33309 38307 31441 25756 27025 26182 30430 27528 28561 31236 31975 23004 0 0 0 37458 34715 25933 29746 62610 33465 32359 32460 32297 31130 32604 6636 27317 33966 30601 26338
15 85 50KHz 21783 22526 2626 34526 60608 51617 60419 27888 45740 41697 22417 5473 39753 32687 0 0 0 24019 47718 33388 0 29918 34280 33829 34534 39619 33019 62050 50534 23423 40445 57967
16 85 50KHz 34356 34379 46238 30716 17806 20469 19182 27274 22599 26316 33672 40908 31443 31574 33487 0 0 0 0 2928 61257 34010 31780 32040 31670 29090 32251 7282 20370 36347 32377 19467
17 85 50KHz 35934 33167 36977 31753 27401 28456 27828 31376 29165 30116 32796 35031 28229 29146 37238 23559 0 0 0 0 23855 33133 32446 32530 32417 31590 32572 5374 27556 33163 30439 27632
18 85 50KHz 31208 32185 32331 32370 32322 32210 32299 31911 32215 32321 32154 32129 33407 32922 29606 34807 8587 0 0 0 0 32629 32740 32743 32752 32730 32730 21549 30646 31757 32704 32254
19 85 50KHz 32450 32241 32398 32270 32096 32113 32092 32260 32146 32135 32204 32220 31881 31759 31824 31428 25129 0 0 0 0 32392 32720 32731 32746 32715 32708 4956 28882 31145 31613 31802
20 85 50KHz 45062 33139 34245 31308 28906 30399 29137 35227 30716 29817 32570 33155 16224 19515 50759 0 60188 31738 0 0 0 0 32504 32606 32587 32316 32528 4045 20088 28549 22051 27121
21 85 50KHz 32974 32755 32755 32730 32695 32731 32705 32813 32727 32704 32746 32748 32430 32513 33121 32034 33324 33092 32661 32525 0 0 0 32684 32842 32779 32373 31174 32738 32735 32600 32695
22 86 50KHz 32778 32753 32752 32755 32751 32758 32750 32757 32748 32746 32751 32752 32739 32749 32789 32714 32813 32785 32752 32770 32691 0 0 0 32781 32779 32765 32849 32759 32756 32748 32760
23 86 50KHz 32800 32755 32755 32754 32749 32754 32745 32761 32747 32744 32751 32747 32714 32726 32829 32659 32869 32822 32745 32735 32960 32655 0 0 0 32779 33180 32472 32720 32748 32729 32752
24 86 50KHz 32775 32754 32754 32757 32754 32756 32750 32755 32749 32748 32750 32752 32710 32757 32780 32748 32792 32788 32749 32750 32695 32868 32782 0 0 0 31872 32935 32776 32770 32754 32760
25 86 50KHz 32637 32745 32746 32766 32774 32765 32771 32717 32758 32770 32748 32749 32924 32905 32581 33151 32472 32570 32739 32724 32510 32779 32780 32780 0 0 0 33048 32777 32768 32864 32797
26 86 50KHz 32753 32748 32749 32756 32753 32754 32750 32746 32749 32748 32748 32748 32773 32776 32744 32823 32724 32726 32739 32804 32687 32308 32765 33178 31873 0 0 0 32699 32736 32772 32763
27 86 50KHz 18952 30683 29585 33240 36014 34460 35805 29603 34153 34879 31879 30935 47973 44385 12307 63334 3531 7134 23268 7214 2673 30561 32873 32423 33333 33167 0 0 0 0 29225 33616
28 86 50KHz 29365 31183 31651 32146 32383 32265 32443 31836 32301 32426 32176 32162 34059 33532 29798 36603 28149 29074 30530 28589 16082 32868 32770 32747 32784 32772 32695 0 0 0 0 24251
29 87 50KHz 29901 30310 31079 31796 32074 32206 32168 32574 32252 32055 32135 31994 30659 30831 33642 29047 34312 33416 31663 31003 27315 32774 32781 32770 32786 32803 32767 0 0 0 0 110
30 87 50KHz 19076 27043 27998 31684 34011 33645 33939 32581 33413 32873 31720 30632 32938 32483 30245 37576 27743 30512 32954 31564 16163 32563 32903 32848 32912 33086 32974 24703 0 0 0 0
31 87 50KHz 28269 0 14587 28145 31636 31916 32585 31128 32288 32413 31622 31287 35427 34568 27165 41602 23960 27166 32061 31401 23056 32668 32795 32777 32800 32856 32812 32335 20264 0 0 0
0 87 50KHz 0 0 0 20322 25804 28350 28589 31531 29851 30388 32282 33648 28040 28995 37293 21718 41373 36742 30413 31902 51562 33007 32561 32634 32556 32327 32440 14546 28733 29675 19549 22554
1 87 50KHz 0 0 0 0 25319 29854 31085 31943 31744 31759 32019 32044 30790 31078 33516 29249 34329 33513 32128 32197 33608 32771 32756 32759 32756 32744 32746 29926 31226 30484 27921 0
2 87 50KHz 0 0 0 0 4175 26646 30198 32188 31568 31417 31934 31866 28403 29178 36256 23986 38623 36327 32254 32346 34876 32761 32765 32766 32766 32765 32762 28766 31657 31223 28865 21132
3 88 50KHz 23537 109 0 0 0 2534 26879 30155 31160 31557 31720 31693 31788 31906 32268 32217 32207 32353 32376 32288 31382 32743 32773 32769 32775 32785 32774 32764 32185 31902 31759 29837
4 88 50KHz 27361 25291 3242 0 0 0 2373 22827 28613 30621 30963 31173 34387 34074 28792 39072 26680 28856 32378 32143 28365 32730 32777 32771 32778 32796 32783 35915 32434 32157 33618 32035
5 88 50KHz 29402 29756 26157 355 0 0 0 0 14130 24717 28289 29809 32823 33092 29725 36655 28384 29777 32176 32090 30375 32753 32760 32761 32762 32760 32757 33989 32249 32236 33251 32101
6 88 50KHz 29514 31054 30064 26087 646 0 0 0 3903 11462 23063 27299 32645 33342 28966 38276 27153 29101 32305 32105 28670 32734 32774 32769 32776 32794 32780 35553 32445 32223 33573 32603
7 88 50KHz 32330 31955 32185 29977 22798 0 0 0 0 1233 6070 21146 27179 30273 32542 29940 33443 32602 31792 32146 36469 32825 32715 32733 32716 32658 32681 28647 31801 32517 32146 31506
8 88 50KHz 30874 31857 31695 31158 28696 15748 2444 0 0 0 0 5382 25187 30631 30218 35164 29553 30560 32241 32194 30926 32756 32765 32764 32766 32766 32765 33620 32340 32335 33049 32413
9 88 50KHz 31082 31832 31505 31514 30514 24997 12774 480 0 0 0 0 14937 27817 30257 34517 29928 30937 32346 32182 29598 32730 32782 32775 32784 32805 32793 34515 32448 32147 32757 32517
10 89 50KHz 32655 32038 31949 31648 30869 28428 23454 6072 0 0 0 0 0 20754 31966 29423 33705 33115 32104 32162 32881 32760 32762 32762 32762 32759 32756 31289 32160 32160 31737 31928
11 89 50KHz 33615 32026 31828 31608 31110 29879 27482 21174 3491 0 0 0 0 0 31833 25957 35986 34543 32060 32135 33166 32752 32769 32768 32770 32776 32769 30507 32142 32006 30966 31726
12 89 50KHz 27607 30344 26807 31617 35249 33236 32877 25612 21034 3764 0 0 0 0 20690 40524 24508 27229 34355 32193 3755 32367 33048 32931 33053 33387 33234 56326 34791 30236 33299 35644
13 89 50KHz 28175 29497 24892 31015 35714 33983 34195 28846 27715 20726 2974 0 0 0 0 31460 27524 29628 33951 31391 3753 32222 33106 32957 33114 33537 33341 55709 34711 28835 31042 35460
14 89 50KHz 36457 33292 38344 31460 25726 27062 26175 30427 27564 28534 31252 32027 23161 0 0 0 37838 34877 26006 29678 62596 33227 32308 32478 32308 31831 32017 6557 27351 33971 30476 26337
15 89 50KHz 21349 22512 2718 34691 60797 51598 60500 27421 45936 42153 22332 5181 40281 33405 0 0 0 23510 47615 33708 0 30369 34484 33750 34493 36504 35714 62350 50614 23645 40984 58509
16 89 50KHz 34236 34393 46494 30756 17635 20392 18898 27320 22448 26330 33739 41112 31654 31630 33605 0 0 0 0 2769 61394 33823 31659 32083 31671 30619 30949 7327 20228 36488 32475 19378
17 90 50KHz 35884 33159 36968 31751 27401 28487 27836 31377 29167 30127 32802 35053 28152 29047 37264 23545 0 0 0 0 23917 33089 32410 32553 32420 32093 32221 5390 27569 33152 30495 27647
18 90 50KHz 31244 32187 32331 32371 32316 32205 32295 31918 32229 32315 32158 32131 33378 32881 29653 34869 8775 0 0 0 0 32673 32741 32751 32749 32746 32750 21551 30632 31751 32690 32241
19 90 50KHz 32431 32241 32399 32273 32098 32115 32100 32253 32145 32128 32205 32207 31899 31779 31777 31466 25148 0 0 0 0 32515 32726 32748 32738 32737 32750 5007 28855 31141 31608 31809
20 90 50KHz 44989 33129 34243 31308 28903 30419 29136 35223 30709 29810 32573 33161 16251 19442 50847 6 60535 31758 0 0 0 0 32510 32673 32572 32486 32596 3972 19997 28519 22069 27141
21 90 50KHz 32945 32754 32748 32734 32713 32736 32714 32792 32731 32712 32747 32749 32494 32561 33061 32167 33267 33057 32718 32661 0 0 0 32755 32787 32781 32721 31028 32773 32750 32616 32704
22 90 50KHz 32768 32752 32753 32757 32751 32755 32750 32754 32749 32749 32749 32752 32753 32753 32781 32749 32795 32769 32749 32739 32693 0 0 0 32797 32788 32640 32755 32764 32757 32752 32759
23 90 50KHz 32814 32755 32755 32754 32749 32753 32744 32764 32746 32750 32751 32752 32704 32718 32853 32635 32886 32832 32754 32757 32833 32756 0 0 0 32774 32844 32540 32751 32752 32724 32750
24 91 50KHz 32778 32753 32754 32758 32753 32756 32751 32757 32750 32753 32751 32752 32743 32765 32774 32734 32805 32784 32738 32750 32740 32782 32792 0 0 0 32405 32700 32765 32757 32751 32759
25 91 50KHz 32689 32749 32749 32763 32767 32759 32765 32733 32755 32762 32749 32752 32849 32840 32650 32993 32613 32656 32753 32759 32620 32781 32793 32775 0 0 0 32968 32767 32763 32811 32788
26 91 50KHz 32703 32749 32749 32760 32763 32758 32757 32734 32753 32757 32748 32751 32825 32818 32688 32941 32639 32683 32750 32735 33006 32754 32657 32828 32495 0 0 0 32758 32752 32793 32771
27 91 50KHz 19004 30693 29588 33243 36003 34429 35827 29603 34166 34901 31894 30949 48006 44438 12268 63354 3406 7057 23274 7204 2521 30220 32974 32701 32774 33585 0 0 0 0 29249 33618
28 91 50KHz 29417 31188 31653 32147 32378 32257 32434 31846 32298 32415 32176 32163 33953 33457 29852 36495 28201 29086 30522 28578 16120 32861 32777 32767 32769 32781 32750 0 0 0 0 24247
29 91 50KHz 29886 30309 31079 31797 32083 32222 32171 32569 32254 32057 32136 31996 30659 30850 33656 29063 34356 33397 31666 31005 27302 32769 32785 32776 32783 32827 32754 0 0 0 0 96
30 91 50KHz 19051 27047 28021 31679 33998 33606 33928 32579 33416 32883 31739 30664 32933 32485 30354 37515 27663 30544 32944 31558 16265 32593 32912 32849 32900 33237 32828 24742 0 0 0 0
31 92 50KHz 28236 0 14549 28151 31628 31891 32577 31145 32289 32410 31633 31293 35288 34546 27254 41614 23969 27228 32059 31403 23096 32679 32798 32778 32796 32906 32762 32342 20294 0 0 0
0 92 50KHz 0 0 0 20347 25835 28424 28609 31530 29853 30393 32258 33606 28120 29102 37074 21895 41501 36508 30454 31915 51421 32970 32553 32633 32571 32116 32644 14736 28779 29665 19461 22616
1 92 50KHz 0 0 0 0 25328 29862 31091 31941 31743 31759 32016 32039 30803 31074 33500 29247 34334 33502 32130 32196 33527 32770 32755 32760 32758 32732 32755 29947 31230 30481 27911 0
2 92 50KHz 0 0 0 0 4176 26658 30197 32178 31566 31414 31932 31872 28282 29178 36242 23932 38661 36322 32253 32348 34893 32762 32767 32766 32767 32764 32759 28758 31660 31219 28867 21100
3 92 50KHz 23545 138 0 0 0 2553 26890 30163 31163 31559 31722 31693 31761 31976 32277 32196 32220 32346 32373 32288 31368 32746 32772 32769 32774 32793 32762 32850 32185 31901 31753 29830
4 92 50KHz 27355 25320 3326 0 0 0 2366 22822 28620 30627 30968 31176 34401 34096 28786 39220 26584 28813 32376 32138 28340 32734 32777 32771 32777 32811 32762 35931 32430 32162 33620 32028
5 92 50KHz 29461 29771 26182 412 0 0 0 0 14126 24720 28295 29821 32774 33057 29775 36558 28449 29831 32173 32094 30564 32754 32759 32760 32761 32758 32755 33931 32243 32237 33209 32088
6 93 50KHz 29548 31059 30063 26068 745 0 0 0 3933 11464 23075 27305 32679 33348 28962 38317 27092 29110 32305 32105 28712 32735 32775 32770 32777 32805 32760 35552 32443 32224 33574 32596
7 93 50KHz 32334 31949 32183 29966 22784 0 0 0 0 1210 6086 21163 27279 30285 32567 29971 33468 32652 31800 32151 36479 32811 32713 32734 32719 32615 32743 28724 31806 32515 32152 31518
8 93 50KHz 30881 31859 31687 31152 28693 15723 2487 0 0 0 0 5440 25173 30620 30222 35192 29517 30559 32248 32188 30926 32757 32765 32765 32766 32766 32761 33620 32330 32336 33052 32415
9 93 50KHz 31090 31835 31496 31511 30517 25001 12787 350 0 0 0 0 14909 27847 30258 34564 29900 30942 32348 32176 29685 32736 32782 32777 32782 32817 32771 34514 32447 32149 32761 32511
10 93 50KHz 32621 32038 31952 31647 30876 28432 23451 6074 0 0 0 0 0 20745 31960 29371 33726 33112 32103 32163 32860 32761 32762 32762 32763 32758 32759 31291 32161 32162 31743 31930
11 93 50KHz 33592 32026 31829 31604 31105 29881 27478 21175 3490 0 0 0 0 0 31839 25875 36066 34591 32058 32136 33177 32754 32769 32768 32771 32776 32767 30467 32143 32005 30972 31728
12 93 50KHz 27660 30360 26816 31599 35283 33187 32870 25640 21025 3814 0 0 0 0 20647 40568 24576 27211 34365 32139 3773 32425 33055 32941 33029 33459 33076 56424 34787 30224 33259 35598
13 94 50KHz 28165 29489 24857 30991 35813 33941 34243 28839 27723 20729 2989 0 0 0 0 31616 27291 29758 33985 31337 3647 32300 33116 32973 33087 33684 33094 56002 34734 28789 31184 35448
14 94 50KHz 36360 33296 38340 31482 25682 27115 26181 30443 27500 28509 31233 32034 23108 0 0 0 37746 34943 25974 29758 62632 33173 32301 32461 32340 31674 32292 6479 27332 34013 30571 26345
15 94 50KHz 21038 22410 2907 34776 61085 51390 60515 27125 46212 42541 22362 5133 40633 34250 0 0 0 23178 47937 33409 0 30618 34511 33817 34344 37205 34452 62540 50727 23734 41545 58814
16 94 50KHz 34466 34410 46631 30773 17365 20367 18827 27202 22276 26136 33751 41303 31425 32026 33980 0 0 0 0 2960 61433 33714 31634 32025 31737 30175 31691 7501 20086 36569 32779 19095
17 94 50KHz 35773 33161 36970 31764 27369 28547 27841 31337 29156 30128 32787 35052 28301 28966 37173 23437 0 0 0 0 23869 33055 32411 32535 32447 31961 32437 5305 27589 33163 30443 27691
18 94 50KHz 31233 32186 32332 32371 32321 32206 32296 31918 32216 32300 32158 32129 33388 32920 29633 34975 8853 0 0 0 0 32709 32742 32753 32751 32739 32749 21583 30629 31751 32688 32246
19 95 50KHz 32463 32241 32401 32270 32089 32117 32092 32260 32145 32132 32208 32209 31866 31744 31845 31322 25270 0 0 0 0 32616 32727 32748 32745 32726 32744 4938 28838 31133 31601 31799
20 95 50KHz 44910 33122 34242 31305 28896 30465 29145 35210 30694 29804 32567 33168 16268 19378 50864 0 60856 31744 0 0 0 0 32521 32657 32608 32407 32592 3917 19943 28502 22097 27158
21 95 50KHz 32939 32754 32754 32737 32716 32737 32716 32798 32736 32713 32747 32748 32513 32567 33051 32194 33230 33054 32729 32680 0 0 0 32779 32779 32779 32778 31049 32805 32755 32622 32705
22 95 50KHz 32766 32752 32753 32756 32752 32755 32749 32754 32749 32739 32749 32751 32750 32754 32792 32750 32797 32778 32742 32746 32699 0 0 0 32766 32780 32760 32717 32765 32758 32755 32760
23 95 50KHz 32798 32757 32754 32755 32749 32754 32746 32762 32747 32743 32751 32753 32711 32727 32832 32649 32867 32823 32750 32750 32798 32778 0 0 0 32779 32786 32545 32759 32751 32732 32751
24 95 50KHz 32777 32754 32749 32757 32753 32756 32750 32754 32749 32747 32751 32754 32740 32749 32797 32728 32834 32791 32751 32769 32746 32778 32769 0 0 0 32784 32501 32686 32756 32748 32758
25 95 50KHz 32667 32748 32749 32766 32770 32761 32767 32725 32756 32765 32750 32751 32879 32864 32627 33061 32538 32608 32741 32757 32548 32779 32780 32779 0 0 0 32770 32777 32764 32831 32788
26 96 50KHz 32761 32751 32751 32757 32754 32756 32752 32749 32748 32754 32748 32750 32765 32768 32755 32784 32759 32751 32709 32744 32722 32778 32772 32784 32786 0 0 0 32755 32749 32756 32759
27 96 50KHz 19062 30709 29577 33259 36020 34387 35808 29618 34177 34902 31898 30939 48008 44501 12147 63477 3299 7095 23304 7198 2535 30250 32885 32745 32631 32971 0 0 0 0 29180 33608
28 96 50KHz 29433 31193 31646 32147 32375 32255 32430 31846 32297 32416 32176 32167 33946 33494 29865 36542 28235 29086 30519 28567 16067 32885 32775 32768 32769 32780 32758 0 0 0 0 24224
29 96 50KHz 29871 30310 31084 31802 32082 32209 32173 32569 32252 32057 32135 31996 30667 30848 33673 29067 34364 33476 31663 30996 27279 32782 32785 32777 32782 32817 32763 0 0 0 0 99
30 96 50KHz 19057 27045 28029 31678 33976 33585 33917 32578 33406 32868 31733 30650 32903 32464 30270 37587 27616 30570 32951 31543 16320 32605 32907 32857 32898 33241 32790 24669 0 0 0 0
31 96 50KHz 28192 0 14554 28144 31622 31883 32566 31147 32287 32410 31629 31289 35356 34565 27231 41702 23864 27243 32061 31394 23128 32685 32796 32780 32796 32908 32748 32311 20286 0 0 0
0 96 50KHz 0 0 0 20337 25853 28448 28630 31574 29868 30409 32267 33630 28121 29060 37153 21848 41425 36494 30432 31931 51294 32961 32560 32625 32572 32114 32700 14756 28793 29641 19413 22601
1 97 50KHz 0 0 0 0 25306 29868 31088 31937 31744 31753 32017 32042 30802 31077 33490 29229 34346 33499 32132 32197 33594 32770 32756 32759 32757 32733 32757 29939 31229 30479 27918 0
2 97 50KHz 0 0 0 0 4105 26657 30194 32181 31563 31412 31933 31875 28398 29152 36280 23780 38768 36339 32258 32349 34928 32762 32765 32766 32767 32763 32760 28744 31659 31218 28866 21060
3 97 50KHz 23526 126 0 0 0 2529 26884 30156 31163 31557 31720 31690 31751 31901 32275 32198 32252 32353 32378 32287 31342 32745 32773 32770 32774 32794 32763 32775 32184 31898 31751 29822
4 97 50KHz 27359 25316 3232 0 0 0 2351 22816 28618 30625 30965 31171 34386 34105 28732 39224 26528 28754 32375 32137 28342 32734 32776 32771 32777 32809 32764 35902 32427 32161 33611 32038
5 97 50KHz 29477 29770 26171 469 0 0 0 0 14140 24727 28297 29817 32766 33060 29773 36567 28399 29845 32176 32094 30478 32753 32759 32760 32762 32757 32756 33917 32240 32237 33199 32082
6 97 50KHz 29545 31059 30066 26082 747 0 0 0 3943 11459 23065 27298 32635 33357 28957 38372 27027 29114 32306 32104 28733 32736 32774 32769 32775 32800 32763 35562 32440 32226 33558 32593
7 97 50KHz 32327 31952 32181 29977 22788 0 0 0 0 1222 6048 21151 27279 30277 32566 29940 33664 32621 31797 32151 36440 32812 32715 32733 32718 32637 32728 28671 31812 32512 32146 31520
8 98 50KHz 30870 31860 31688 31156 28690 15682 2447 0 0 0 0 5310 25163 30614 30191 35219 29475 30728 32248 32193 30913 32758 32764 32765 32766 32767 32762 33640 32341 32336 33048 32411
9 98 50KHz 31105 31836 31493 31513 30517 24994 12634 357 0 0 0 0 14879 27844 30279 34605 29892 30943 32349 32178 29589 32735 32783 32776 32782 32810 32778 34509 32444 32153 32750 32510
10 98 50KHz 32649 32038 31953 31645 30871 28435 23446 5920 0 0 0 0 0 20734 31964 29402 33735 33121 32103 32163 32879 32760 32761 32762 32762 32759 32760 31289 32162 32161 31749 31930
11 98 50KHz 33597 32026 31834 31603 31111 29889 27483 21169 3447 0 0 0 0 0 31871 25864 36278 34601 32060 32136 33298 32755 32769 32768 32769 32775 32766 30479 32144 32004 30943 31726
12 98 50KHz 27765 30374 26808 31603 35247 33167 32870 25651 21008 3748 0 0 0 0 20724 40620 24588 27258 34338 32169 3790 32422 33052 32947 33027 33446 33010 56484 34711 30275 33235 35590
13 98 50KHz 28291 29495 24830 30984 35800 33926 34228 28844 27728 20686 2931 0 0 0 0 31822 27337 29713 33968 31350 3717 32293 33110 32983 33083 33624 33059 55963 34662 28828 31139 35463
14 98 50KHz 36322 33283 38359 31473 25711 27146 26170 30421 27494 28553 31229 32058 23060 0 0 0 38023 34856 25985 29725 62723 33173 32317 32446 32344 31728 32351 6503 27427 33946 30565 26340
15 99 50KHz 20644 22402 3020 34912 61019 51301 60544 26879 46344 42983 22413 5254 41058 34751 0 0 0 22778 47973 33618 0 30626 34396 33884 34313 37719 33403 62690 50514 24066 42035 59218
16 99 50KHz 34277 34438 46888 30791 17341 20270 18553 27064 22197 26173 33711 41388 31468 32162 33948 0 0 0 0 2895 61274 33708 31695 31978 31740 29027 32932 7291 20191 36567 32833 18795
17 99 50KHz 35665 33142 36964 31782 27420 28575 27819 31336 29154 30133 32767 35014 28246 29035 36976 23632 0 0 0 0 23764 33049 32434 32528 32452 31492 32928 5335 27631 33149 30463 27699
18 99 50KHz 31260 32187 32330 32370 32316 32201 32296 31917 32214 32315 32158 32130 33349 32901 29659 34908 9012 0 0 0 0 32706 32743 32750 32751 32717 32766 21582 30623 31749 32670 32241
19 99 50KHz 32447 32241 32400 32270 32088 32118 32092 32255 32138 32133 32204 32206 31876 31816 31822 31420 25284 0 0 0 0 32614 32732 32745 32746 32689 32781 5021 28835 31135 31621 31803
20 99 50KHz 44853 33107 34258 31297 28907 30489 29133 35192 30692 29794 32551 33150 16287 19348 50788 0 61124 31738 0 0 0 0 32554 32637 32614 32111 32907 3897 19969 28517 22151 27157
21 99 50KHz 32937 32754 32755 32735 32715 32738 32716 32797 32733 32714 32747 32748 32517 32567 33042 32202 33226 33041 32726 32699 0 0 0 32778 32778 32778 32778 31043 32798 32753 32626 32707
22 100 50KHz 32774 32752 32753 32755 32751 32755 32749 32744 32748 32746 32751 32751 32741 32752 32791 32726 32812 32788 32747 32739 32749 0 0 0 32775 32780 32776 32676 32767 32765 32748 32758
23 100 50KHz 32794 32754 32755 32756 32751 32754 32747 32762 32749 32744 32751 32753 32711 32732 32826 32666 32857 32814 32760 32754 32772 32778 0 0 0 32779 32779 32666 32758 32754 32735 32754
24 100 50KHz 32781 32755 32754 32757 32752 32757 32751 32758 32749 32745 32751 32753 32740 32750 32803 32723 32813 32790 32739 32713 32793 32778 32776 0 0 0 32792 32591 32769 32752 32747 32755
25 100 50KHz 32519 32739 32739 32775 32794 32769 32788 32687 32763 32788 32747 32749 33063 33011 32399 33615 32178 32384 32733 32697 32212 32777 32781 32779 0 0 0 33191 32797 32780 32936 32829
26 100 50KHz 32928 32758 32758 32741 32720 32742 32719 32804 32735 32718 32749 32750 32538 32589 33024 32215 33191 33035 32762 32784 33108 32781 32778 32781 32796 0 0 0 32724 32728 32627 32709
27 100 50KHz 19097 30725 29563 33263 36033 34360 35812 29610 34181 34904 31895 30924 48030 44601 11932 63562 3208 7028 23299 7231 2505 30298 32861 32767 32601 33191 0 0 0 0 29156 33598
28 101 50KHz 29468 31192 31651 32150 32379 32257 32435 31844 32298 32423 32177 32161 33968 33519 29847 36631 28095 29026 30517 28560 16008 32889 32774 32769 32770 32781 32751 0 0 0 0 24217
29 101 50KHz 29889 30313 31086 31795 32079 32207 32172 32574 32252 32053 32137 31997 30645 30825 33689 29151 34413 33431 31661 30997 27324 32781 32783 32778 32782 32824 32752 0 0 0 0 130
30 101 50KHz 19053 27072 28046 31679 33986 33571 33917 32598 33401 32868 31738 30654 32929 32514 30236 37614 27582 30531 32924 31552 16375 32608 32900 32860 32896 33268 32700 24631 0 0 0 0
31 101 50KHz 28189 0 14558 28149 31622 31879 32570 31152 32288 32410 31636 31290 35344 34689 27211 41716 23840 27280 32058 31404 23162 32685 32793 32782 32794 32916 32720 32275 20283 0 0 0
0 101 50KHz 0 0 0 20350 25865 28482 28644 31510 29878 30417 32266 33625 28137 29059 37119 21707 41510 36500 30459 31921 51224 32955 32568 32621 32578 32085 32803 14790 28782 29658 19518 22565
1 101 50KHz 0 0 0 0 25323 29872 31090 31910 31745 31761 32016 32043 30864 31069 33509 29234 34350 33503 32130 32195 33578 32769 32755 32759 32757 32731 32762 29959 31230 30485 27908 0
2 101 50KHz 0 0 0 0 4058 26661 30197 32177 31564 31413 31933 31877 28402 29225 36269 23813 38819 36335 32250 32346 34903 32763 32767 32766 32766 32763 32760 28764 31659 31226 28883 21031
3 102 50KHz 23529 85 0 0 0 2558 26880 30161 31165 31557 31719 31689 31744 31891 32143 32190 32246 32362 32377 32287 31361 32746 32773 32770 32774 32797 32754 32785 32188 31897 31750 29820
4 102 50KHz 27380 25312 3312 0 0 0 2357 22821 28624 30627 30967 31172 34391 34115 28745 39181 26461 28698 32374 32138 28375 32736 32776 32773 32777 32817 32748 35910 32427 32151 33601 32017
5 102 50KHz 29506 29780 26179 488 0 0 0 0 14143 24725 28301 29818 32708 33049 29804 36553 28421 29877 32169 32095 30442 32754 32759 32760 32761 32756 32756 33882 32238 32236 33164 32074
6 102 50KHz 29549 31064 30065 26094 714 0 0 0 3871 11544 23078 27303 32633 33382 28941 38449 27056 29118 32303 32105 28702 32737 32773 32770 32775 32808 32752 35602 32441 32223 33549 32595
7 102 50KHz 32325 31952 32173 29982 22799 0 0 0 0 1234 6057 21150 27285 30280 32571 29931 33469 32615 31796 32152 36447 32809 32718 32730 32720 32557 32811 28610 31802 32515 32144 31492
8 102 50KHz 30885 31859 31705 31109 28704 15753 2409 0 0 0 0 5435 25176 30642 30330 35342 29461 30548 32248 32188 30789 32757 32764 32765 32766 32766 32757 33633 32340 32326 33045 32416
9 102 50KHz 31110 31836 31495 31516 30506 24994 12760 378 0 0 0 0 14897 27860 30249 34627 29865 30916 32348 32177 29569 32738 32780 32778 32783 32847 32737 34516 32445 32147 32770 32521
10 103 50KHz 32644 32038 31953 31650 30871 28433 23452 6062 0 0 0 0 0 20795 31965 29399 33730 33101 32103 32161 32854 32760 32762 32763 32763 32751 32759 31211 32162 32161 31761 31935
11 103 50KHz 33574 32022 31844 31606 31110 29887 27476 21171 3491 0 0 0 0 0 31692 25868 36148 34573 32059 32134 33172 32754 32768 32768 32770 32784 32751 30507 32155 32005 30995 31732
12 103 50KHz 27776 30366 26838 31566 35227 33125 32865 25654 21036 3782 0 0 0 0 20868 40508 24527 27337 34323 32160 3676 32444 33010 32967 33026 34456 32003 56445 34719 30236 33260 35595
13 103 50KHz 28232 29475 24841 30948 35793 33919 34270 28850 27742 20734 2968 0 0 0 0 31800 27440 29611 33978 31350 3686 32317 33064 33008 33086 35095 31645 56030 34704 28770 31172 35516
14 103 50KHz 36094 33281 38338 31511 25719 27164 26144 30353 27470 28538 31226 32017 23133 0 0 0 37877 34640 26012 29723 62716 33152 32361 32425 32343 30121 33839 6483 27383 34001 30647 26357
15 103 50KHz 20371 22329 3192 34940 61105 51281 60549 26495 46536 43294 22387 5247 41453 35162 0 0 0 22487 48108 33622 0 30708 34231 33968 34317 44057 27442 62818 50783 24046 42425 59498
16 103 50KHz 34050 34488 47031 30826 17060 20226 18473 26814 22007 26044 33755 41546 31714 31836 33509 0 0 0 0 2642 61318 33681 31757 31924 31725 26273 35427 7358 19994 36739 32573 18797
17 104 50KHz 35715 33146 36943 31800 27435 28598 27839 31342 29148 30133 32770 35031 28331 29037 37209 23560 0 0 0 0 23759 33035 32458 32512 32451 30767 33595 5307 27611 33176 30505 27676
18 104 50KHz 31277 32191 32330 32370 32316 32201 32296 31923 32214 32318 32156 32130 33363 32917 29664 35009 9113 0 0 0 0 32713 32746 32751 32753 32695 32783 21578 30623 31749 32671 32242
19 104 50KHz 32443 32242 32392 32271 32094 32119 32093 32257 32144 32134 32204 32215 31874 31752 31836 31408 25373 0 0 0 0 32624 32734 32745 32747 32657 32799 5053 28827 31136 31611 31806
20 104 50KHz 44770 33098 34257 31305 28906 30515 29139 35192 30687 29803 32559 33170 16310 19285 50926 0 61327 31729 0 0 0 0 32565 32628 32614 31925 33097 3876 19983 28502 22199 27179
21 104 50KHz 32927 32753 32753 32735 32716 32737 32715 32797 32733 32712 32746 32749 32514 32567 33046 32190 33233 33046 32663 32696 0 0 0 32778 32779 32777 32778 31046 32805 32750 32621 32708
22 104 50KHz 32784 32753 32752 32756 32750 32754 32749 32757 32748 32744 32750 32751 32735 32744 32803 32723 32822 32792 32749 32639 32778 0 0 0 32777 32780 32778 32423 32772 32755 32745 32757
23 104 50KHz 32792 32754 32760 32755 32748 32754 32747 32762 32748 32745 32751 32748 32722 32720 32819 32673 32840 32814 32751 32750 32850 32778 0 0 0 32779 32778 32584 32785 32752 32736 32753
24 105 50KHz 32777 32755 32754 32756 32752 32756 32751 32758 32749 32748 32751 32754 32708 32748 32797 32715 32825 32771 32749 32750 32793 32778 32778 0 0 0 32798 32520 32756 32761 32747 32758
25 105 50KHz 32551 32740 32741 32774 32791 32769 32787 32694 32762 32786 32746 32749 33029 32989 32449 33426 32239 32431 32776 32709 32309 32777 32781 32780 0 0 0 33116 32791 32776 32904 32820
26 105 50KHz 32903 32758 32758 32743 32727 32745 32724 32791 32737 32720 32748 32751 32548 32593 33020 32236 33176 33021 32760 32824 33072 32779 32780 32781 32801 0 0 0 32726 32728 32632 32709
27 105 50KHz 19138 30728 29569 33260 36037 34342 35818 29608 34193 34911 31892 30919 48034 44733 11806 63643 3116 7004 23300 7248 2395 30322 32844 32772 32559 33272 0 0 0 0 29128 33607
28 105 50KHz 29431 31195 31656 32154 32374 32250 32430 31851 32298 32418 32177 32161 33905 33519 29835 36570 28104 29063 30513 28559 16038 32887 32773 32770 32769 32783 32747 0 0 0 0 24198
29 105 50KHz 29861 30315 31087 31794 32086 32206 32171 32572 32251 32054 32137 31996 30645 30835 33676 28993 34420 33415 31660 30998 27302 32781 32781 32778 32782 32833 32739 0 0 0 0 82
30 105 50KHz 19098 27056 28062 31668 33969 33555 33903 32583 33397 32864 31739 30661 32898 32507 30250 37686 27593 30560 32916 31554 16464 32614 32889 32863 32894 33352 32604 24591 0 0 0 0
31 106 50KHz 28141 0 14558 28144 31617 31868 32563 31148 32287 32408 31636 31288 35345 34584 27198 41748 23806 27264 32054 31407 23221 32689 32791 32782 32795 32947 32685 32323 20285 0 0 0
0 106 50KHz 0 0 0 20359 25889 28499 28657 31514 29872 30423 32266 33625 28231 29042 37146 21725 41457 36382 30474 31920 51112 32945 32583 32618 32580 31975 32930 14830 28833 29628 19481 22541
1 106 50KHz 0 0 0 0 25312 29871 31090 31939 31745 31761 32014 32042 30812 31065 33513 29217 34386 33492 32132 32196 33554 32769 32757 32759 32758 32728 32766 29947 31237 30476 27903 0
2 106 50KHz 0 0 0 0 3991 26670 30201 32180 31562 31414 31934 31878 28414 29136 36276 23781 38960 36323 32251 32346 34910 32762 32765 32766 32767 32764 32761 28736 31667 31223 28896 20999
3 106 50KHz 23529 144 0 0 0 2563 26901 30169 31169 31558 31721 31690 31724 31895 32296 32164 32258 32246 32377 32288 31359 32747 32772 32771 32775 32798 32752 32781 32183 31901 31747 29815
4 106 50KHz 27392 25319 3180 0 0 0 2375 22821 28620 30621 30966 31171 34370 34111 28757 39290 26446 28843 32374 32138 28346 32736 32775 32772 32777 32821 32743 35902 32417 32163 33593 32014
5 106 50KHz 29519 29782 26193 438 0 0 0 0 14151 24717 28289 29818 32725 33042 29826 36461 28408 29888 32168 32093 30534 32755 32760 32760 32761 32754 32754 33854 32232 32235 33172 32071
6 107 50KHz 29562 31061 30062 26115 746 0 0 0 3851 11486 23079 27299 32639 33383 28947 38448 26947 29114 32304 32103 28724 32737 32774 32770 32775 32817 32741 35592 32432 32227 33545 32596
7 107 50KHz 32384 31951 32176 29994 22818 0 0 0 0 1272 6052 21154 27292 30300 32514 29975 33463 32555 31801 32151 36436 32806 32721 32729 32720 32503 32871 28664 31828 32505 32178 31510
8 107 50KHz 30881 31861 31690 31166 28670 15762 2358 0 0 0 0 5467 25155 30650 30188 35273 29427 30527 32247 32192 30906 32758 32765 32765 32767 32769 32747 33645 32337 32337 33034 32415
9 107 50KHz 31109 31835 31495 31516 30522 24968 12776 392 0 0 0 0 14908 27890 30244 34646 29841 30926 32346 32176 29568 32737 32780 32778 32783 32893 32686 34549 32438 32154 32747 32513
10 107 50KHz 32629 32036 31954 31651 30877 28438 23440 6061 0 0 0 0 0 20758 32011 29372 33639 33105 32102 32162 32845 32761 32762 32764 32764 32744 32761 31308 32157 32161 31763 31935
11 107 50KHz 33577 32023 31834 31601 31110 29888 27478 21165 3476 0 0 0 0 0 31864 26016 36175 34588 32060 32136 33131 32755 32769 32769 32771 32789 32740 30505 32147 31986 30992 31730
12 108 50KHz 27824 30373 26850 31569 35224 33116 32861 25657 21011 3847 0 0 0 0 20734 40547 24552 27299 34323 32160 3855 32440 33015 32964 33025 34545 31912 56438 34629 30307 33230 35588
13 108 50KHz 28326 29472 24804 30955 35826 33920 34310 28861 27761 20687 2948 0 0 0 0 32125 27419 29704 33984 31361 3593 32310 33072 33006 33086 34965 31693 56131 34603 28868 31084 35517
14 108 50KHz 36269 33287 38363 31510 25666 27175 26129 30413 27467 28506 31242 32103 23080 0 0 0 38076 34791 25988 29722 62724 33159 32352 32428 32344 30357 33730 6513 27501 33901 30531 26336
15 108 50KHz 20149 22273 3240 35052 61239 51280 60618 26238 46640 43564 22328 5065 41726 35777 0 0 0 22242 48172 33682 0 30659 34266 33944 34314 42690 28126 63016 50218 24681 42763 59760
16 108 50KHz 34194 34485 47199 30928 16890 20134 18375 26906 21973 25986 33797 41705 31972 32097 33985 0 0 0 0 2803 61062 33703 31725 31926 31717 27411 34669 7419 20160 36622 32657 18411
17 108 50KHz 35563 33144 36943 31799 27416 28612 27835 31322 29149 30132 32770 35045 28241 28970 37140 23438 0 0 0 0 23859 33039 32453 32515 32454 31199 33299 5185 27731 33077 30577 27695
18 108 50KHz 31270 32189 32325 32371 32315 32201 32292 31924 32214 32314 32159 32125 33357 32903 29660 35037 9185 0 0 0 0 32712 32745 32751 32752 32714 32772 21586 30622 31747 32664 32237
19 109 50KHz 32434 32240 32401 32261 32093 32119 32093 32257 32144 32132 32205 32209 31827 31754 31831 31446 25359 0 0 0 0 32621 32735 32744 32746 32671 32797 5055 28833 31128 31607 31802
20 109 50KHz 44698 33096 34250 31298 28911 30533 29134 35186 30684 29796 32557 33166 16323 19226 50946 0 61465 31696 0 0 0 0 32569 32629 32616 31169 33818 3853 20051 28452 22244 27175
21 109 50KHz 32935 32753 32754 32735 32717 32736 32716 32797 32732 32713 32746 32749 32517 32567 33052 32180 33234 33041 32733 32703 0 0 0 32777 32778 32775 32777 31196 32808 32752 32627 32709
22 109 50KHz 32778 32753 32754 32755 32752 32756 32747 32757 32749 32746 32750 32753 32731 32750 32800 32724 32830 32792 32747 32745 32613 0 0 0 32777 32779 32775 32673 32788 32753 32746 32758
23 109 50KHz 32798 32755 32754 32754 32750 32755 32747 32762 32748 32744 32751 32753 32675 32736 32821 32674 32857 32800 32749 32751 32767 32777 0 0 0 32779 32776 32580 32759 32790 32736 32755
24 109 50KHz 32776 32754 32753 32756 32745 32757 32750 32758 32750 32748 32751 32753 32738 32745 32801 32726 32816 32791 32741 32753 32759 32779 32777 0 0 0 32795 32500 32756 32752 32739 32758
25 109 50KHz 32036 32710 32712 32810 32876 32794 32867 32550 32792 32863 32736 32739 33692 33519 31706 35044 30927 31624 32697 32439 31201 32776 32779 32780 0 0 0 34217 32870 32834 33280 32959
26 110 50KHz 33407 32778 32775 32695 32632 32706 32638 32918 32701 32635 32748 32750 31942 32102 33699 30863 34303 33695 32785 32873 33976 32781 32780 32780 32801 0 0 0 32628 32677 32330 32588
27 110 50KHz 19194 30736 29569 33268 36034 34326 35820 29609 34194 34918 31892 30914 48052 44766 11667 63676 3068 7024 23300 7281 2405 30349 32843 32777 32548 34139 0 0 0 0 29074 33602
28 110 50KHz 29491 31202 31663 32147 32357 32243 32422 31865 32293 32409 32178 32164 33880 33463 29915 36432 28240 29162 30485 28559 16125 32889 32772 32770 32769 32796 32728 0 0 0 0 24163
29 110 50KHz 29834 30314 31088 31799 32088 32218 32183 32560 32256 32062 32137 31995 30709 30919 33606 29122 34298 33339 31662 31010 27239 32783 32782 32778 32781 32860 32707 0 0 0 0 106
30 110 50KHz 19066 27071 28081 31665 33948 33543 33895 32576 33388 32860 31741 30675 32889 32509 30255 37625 27608 30575 32900 31555 16502 32616 32889 32862 32895 33570 32369 24571 0 0 0 0
31 110 50KHz 28116 0 14535 28148 31617 31866 32564 31149 32287 32409 31638 31294 35382 34595 27208 41793 23778 27254 32051 31406 23216 32689 32791 32782 32794 33008 32610 32299 20237 0 0 0
0 195 50KHz 0 0 0 20454 26205 28948 28917 31474 30048 30563 32204 33467 28834 29469 36629 21948 41354 35809 30659 31961 49255 32847 32633 32635 32593 32189 32830 16315 28952 29283 19508 22134
1 195 50KHz 0 0 0 0 25339 29949 31104 31933 31759 31777 32013 32029 30859 31060 33492 29587 34444 33441 32140 32187 33452 32765 32759 32761 32759 32739 32764 29950 31138 30318 27866 0
2 195 50KHz 0 0 0 0 3730 26686 30174 32148 31545 31401 31932 31886 28384 28999 36415 23233 39400 36367 32244 32349 35035 32763 32765 32765 32767 32761 32763 28537 31593 31137 28889 20711
3 195 50KHz 23424 28 0 0 0 2472 26847 30180 31162 31552 31720 31690 31642 31829 32389 31994 32386 32461 32377 32288 31417 32753 32770 32771 32774 32796 32755 32699 32140 31858 31684 29772
4 195 50KHz 27511 25317 2947 0 0 0 2301 22775 28646 30638 30964 31159 34466 34302 28471 40015 25738 28722 32380 32122 28098 32745 32772 32774 32780 32816 32747 36170 32402 32130 33556 31938
5 195 50KHz 29829 29863 26232 369 0 0 0 0 14032 24660 28301 29833 32477 32906 30055 35995 28672 30162 32148 32094 30913 32757 32758 32759 32760 32748 32758 33483 32184 32227 33000 31938
6 196 50KHz 29719 31090 30054 26069 855 0 0 0 3850 11492 23085 27310 32612 33479 28867 38844 26540 29104 32304 32097 28668 32744 32770 32771 32776 32808 32750 35646 32422 32222 33513 32490
7 196 50KHz 32201 31947 32174 29998 22788 0 0 0 0 1126 6070 21180 27373 30280 32539 29896 33533 32535 31823 32163 36335 32784 32731 32731 32721 32613 32780 28655 31845 32494 32212 31563
8 196 50KHz 30954 31870 31676 31155 28721 15609 2376 0 0 0 0 5214 25148 30718 30224 35535 29196 30520 32250 32189 30835 32757 32765 32765 32767 32768 32761 33701 32329 32322 33018 32369
9 196 50KHz 31189 31848 31490 31489 30532 24937 12655 244 0 0 0 0 14778 27907 30188 34640 29637 30934 32340 32172 29589 32748 32776 32778 32783 32825 32752 34570 32424 32131 32708 32465
10 196 50KHz 32552 32033 31957 31648 30886 28437 23411 6006 0 0 0 0 0 20740 31940 29366 33823 33040 32106 32162 32833 32760 32762 32763 32763 32757 32762 31325 32160 32152 31759 31961
11 196 50KHz 33468 32011 31845 31601 31091 29904 27461 21142 3376 0 0 0 0 0 31926 25570 36541 34606 32059 32140 33229 32758 32768 32769 32771 32779 32759 30529 32142 31999 31019 31764
12 196 50KHz 28554 30431 26830 31456 35333 32812 32823 25758 21020 3730 0 0 0 0 20786 40647 24624 27686 34237 32103 4113 32593 32953 32956 33028 33663 32630 56459 34530 30333 32918 35216
13 197 50KHz 28589 29435 24409 30776 36285 33752 34541 28898 27885 20668 2773 0 0 0 0 33397 27124 29797 34066 31302 3336 32500 33006 33012 33112 33987 32549 56774 34652 28759 30999 35428
14 197 50KHz 35760 33283 38636 31698 25306 27444 25971 30344 27322 28421 31187 32192 23418 0 0 0 38809 34852 25984 29786 62771 32950 32431 32432 32327 31365 32897 6100 27502 33910 30702 26537
15 197 50KHz 17750 22080 3619 35177 62442 49622 60607 23690 47798 45936 22213 4916 44443 39696 0 0 0 19747 48881 33329 0 31554 33837 33872 34306 38386 31737 64202 50564 25956 45573 61216
16 197 50KHz 33483 34635 48904 31291 15154 20021 17170 26352 20972 25491 33901 42825 32153 32503 34192 0 0 0 0 2707 61390 33234 31872 31876 31605 29112 33098 7673 19558 36981 33230 18555
17 197 50KHz 34926 33094 37007 31930 27289 28907 27851 31267 29128 30133 32719 35056 28602 28756 37163 23395 0 0 0 0 23287 32899 32520 32524 32453 31751 32868 5164 27796 33033 30689 28007
18 197 50KHz 31352 32194 32325 32371 32316 32190 32290 31938 32214 32300 32159 32131 33308 32926 29706 35233 9966 0 0 0 0 32759 32750 32755 32760 32728 32765 21728 30585 31734 32602 32178
19 197 50KHz 32424 32229 32403 32271 32076 32124 32085 32262 32136 32126 32204 32214 31855 31701 31890 31370 25773 0 0 0 0 32771 32748 32753 32767 32700 32771 5195 28771 31124 31593 31787
20 198 50KHz 43600 32980 34356 31358 28716 30807 29108 35099 30624 29779 32530 33193 16544 18749 51338 0 62643 31512 0 0 0 0 32607 32624 32577 32280 32838 3522 19985 28464 22640 27703
21 198 50KHz 32880 32752 32753 32739 32723 32744 32724 32785 32735 32722 32747 32750 32576 32609 32987 32272 33150 32982 32761 32789 0 0 0 32758 32739 32787 32779 31836 32777 32747 32660 32726
22 198 50KHz 32792 32753 32756 32753 32748 32754 32745 32776 32746 32743 32750 32752 32737 32729 32828 32653 32814 32815 32753 32749 32766 0 0 0 32773 32777 32779 32616 32764 32752 32736 32754
23 198 50KHz 32792 32755 32756 32755 32751 32755 32748 32762 32747 32744 32751 32753 32719 32787 32825 32664 32869 32818 32751 32748 32807 32757 0 0 0 32774 32779 32625 32758 32752 32738 32755
24 198 50KHz 32768 32755 32755 32756 32753 32755 32750 32758 32749 32748 32751 32753 32748 32750 32746 32726 32829 32792 32761 32758 32753 32738 32772 0 0 0 32781 32686 32758 32754 32749 32762
25 198 50KHz 32620 32745 32744 32770 32784 32763 32781 32709 32759 32777 32748 32750 32963 32938 32514 33262 32337 32508 32739 32717 32087 32788 32778 32776 0 0 0 32976 32767 32771 32875 32801
26 198 50KHz 32873 32757 32760 32745 32728 32749 32728 32789 32739 32725 32749 32752 32547 32616 32979 32353 33135 32971 32758 32787 33013 32779 32780 32780 32783 0 0 0 32727 32728 32659 32726
27 199 50KHz 20048 30741 29409 33178 36255 33998 35886 29656 34246 34957 31936 30929 48043 45473 10675 64168 2423 6955 23432 7496 2024 31610 32831 32800 32706 33114 0 0 0 0 28606 32925
28 199 50KHz 29509 31094 31580 32099 32343 32205 32409 31882 32283 32390 32174 32162 33779 33449 29925 36450 28178 29254 30475 28493 16014 32821 32770 32769 32770 32785 32756 0 0 0 0 23724
29 199 50KHz 29507 30161 31016 31757 32055 32196 32198 32548 32240 32052 32131 31995 30717 30828 33625 29064 34436 33329 31651 30992 27247 32771 32779 32778 32782 32817 32754 0 0 0 0 0
30 199 50KHz 19079 27082 28141 31593 33897 33329 33800 32586 33331 32810 31784 30737 32632 32443 30392 37497 27704 30840 32806 31525 17278 32687 32855 32855 32892 33189 32700 23991 0 0 0 0
31 199 50KHz 27597 0 14575 28162 31508 31692 32402 31218 32200 32322 31690 31408 34900 34355 27641 41165 24074 27786 31953 31391 24391 32721 32776 32775 32787 32865 32726 31317 19946 0 0 0
0 199 50KHz 0 0 0 20441 26170 28960 28931 31478 30057 30578 32205 33468 28820 29332 36482 21889 41324 35738 30682 31966 49179 32846 32633 32638 32592 32212 32815 15867 28940 29292 19483 22081
1 199 50KHz 0 0 0 0 25330 29950 31111 31937 31760 31775 32012 32034 30855 31059 33495 29245 34455 33488 32140 32189 33396 32765 32759 32760 32759 32740 32765 29951 31134 30339 27871 0
2 200 50KHz 0 0 0 0 3703 26691 30173 32167 31548 31403 31933 31887 28406 29043 36419 23218 39453 36372 32240 32349 35032 32764 32765 32766 32766 32761 32762 28458 31590 31149 28906 20708
3 200 50KHz 23415 4 0 0 0 2498 26842 30179 31163 31550 31717 31690 31646 31816 32410 31937 32418 32485 32378 32289 31438 32754 32770 32771 32775 32795 32756 32667 32144 31858 31653 29756
4 200 50KHz 27503 25310 2938 0 0 0 2292 22772 28646 30638 30964 31160 34478 34327 28519 40047 25728 28704 32382 32122 28002 32744 32773 32774 32779 32817 32749 36172 32401 32132 33568 31933
5 200 50KHz 29853 29864 26235 364 0 0 0 0 14040 24662 28303 29835 32441 32909 30061 36106 28646 30148 32149 32095 30908 32758 32758 32760 32760 32749 32758 33471 32183 32219 33006 31935
6 200 50KHz 29729 31083 30060 26064 791 0 0 0 3840 11505 23089 27311 32630 33523 28857 38857 26515 29120 32303 32099 28670 32746 32770 32771 32776 32806 32750 35725 32423 32221 33483 32489
7 200 50KHz 32199 31950 32185 30000 22796 0 0 0 0 1106 6109 21172 27376 30319 32520 29907 33523 32538 31820 32163 36323 32783 32730 32731 32721 32616 32778 28690 31845 32495 32209 31570
8 201 50KHz 30961 31870 31677 31166 28731 15635 2374 0 0 0 0 5230 25131 30718 30101 35529 29142 30516 32249 32186 30922 32759 32765 32766 32766 32768 32762 33704 32332 32322 33010 32368
9 201 50KHz 31246 31848 31490 31507 30531 24936 12644 249 0 0 0 0 14773 27909 30184 34842 29657 30891 32342 32170 29532 32747 32777 32778 32784 32824 32754 34573 32423 32141 32709 32459
10 201 50KHz 32552 32032 31959 31646 30871 28444 23397 5949 0 0 0 0 0 20749 31930 29379 33820 33068 32105 32164 32822 32760 32761 32764 32764 32758 32761 31331 32160 32153 31789 31960
11 201 50KHz 33470 32012 31848 31602 31093 29905 27446 21144 3381 0 0 0 0 0 31947 25518 36568 34611 32059 32144 33215 32758 32768 32768 32771 32779 32760 30460 32148 31999 31020 31781
12 201 50KHz 28596 30439 26821 31447 35345 32794 32831 25772 20966 3763 0 0 0 0 20830 40578 24597 27687 34230 32111 4138 32586 32956 32955 33031 33652 32635 56427 34525 30323 32902 35204
13 201 50KHz 28605 29422 24384 30790 36305 33742 34560 28880 27856 20726 2747 0 0 0 0 33493 27216 29623 34085 31307 3366 32490 33011 33010 33116 33984 32553 56878 34666 28741 31059 35457
14 201 50KHz 35635 33302 38652 31696 25300 27463 25932 30343 27305 28444 31202 32215 23400 0 0 0 39105 34660 25966 29785 62916 32962 32429 32434 32323 31374 32892 6170 27492 33911 30685 26592
15 202 50KHz 17566 22024 3644 35173 62480 49374 60630 23587 47813 46079 22186 4858 44607 39920 0 0 0 19563 48979 33352 0 31522 33844 33862 34311 38349 31746 64237 50572 26022 45710 61247
16 202 50KHz 33482 34690 48875 31438 15068 20112 16976 26056 20957 25479 33904 42848 32542 32113 34286 0 0 0 0 2428 61350 33253 31868 31882 31596 29079 33121 7411 19597 37051 33101 18521
17 202 50KHz 34821 33098 36995 31967 27292 28941 27844 31263 29132 30120 32719 35059 28559 28886 37212 23419 0 0 0 0 23385 32902 32523 32527 32450 31737 32881 5177 27812 33035 30762 28002
18 202 50KHz 31368 32193 32324 32373 32323 32189 32291 31940 32215 32311 32157 32131 33315 32915 29693 35123 9985 0 0 0 0 32759 32752 32755 32760 32727 32766 21699 30585 31731 32601 32176
19 202 50KHz 32428 32229 32400 32274 32076 32126 32085 32260 32137 32125 32205 32213 31829 31714 31906 31396 25793 0 0 0 0 32771 32749 32753 32767 32701 32772 5230 28768 31119 31584 31784
20 202 50KHz 43506 32978 34357 31369 28704 30843 29103 35080 30636 29779 32526 33183 16560 18734 51375 0 62717 31515 0 0 0 0 32611 32625 32576 32268 32849 3512 19980 28469 22642 27723
21 202 50KHz 32876 32751 32754 32739 32721 32745 32723 32783 32739 32722 32748 32749 32572 32618 32985 32295 33153 32981 32763 32784 0 0 0 32758 32739 32788 32777 31850 32775 32749 32662 32726
22 203 50KHz 32788 32754 32754 32754 32746 32754 32747 32762 32747 32741 32750 32753 32708 32712 32826 32672 32882 32806 32745 32747 32786 0 0 0 32771 32778 32779 32620 32758 32752 32731 32754
23 203 50KHz 32800 32754 32756 32755 32749 32755 32746 32761 32748 32744 32752 32753 32717 32731 32839 32671 32860 32816 32753 32788 32799 32757 0 0 0 32774 32779 32641 32760 32752 32737 32754
24 203 50KHz 32776 32755 32756 32756 32752 32756 32749 32760 32750 32747 32750 32755 32741 32750 32792 32719 32803 32793 32754 32764 32595 32737 32773 0 0 0 32782 32639 32789 32755 32748 32760
25 203 50KHz 32608 32744 32743 32771 32787 32763 32779 32707 32761 32777 32748 32749 33034 32951 32507 33344 32320 32491 32739 32703 32411 32788 32779 32775 0 0 0 32985 32789 32766 32876 32802
26 203 50KHz 32887 32757 32759 32745 32730 32749 32728 32786 32739 32722 32749 32752 32583 32612 32985 32318 33141 32978 32750 32777 32960 32779 32780 32780 32784 0 0 0 32731 32733 32653 32725
27 203 50KHz 20093 30744 29418 33165 36278 33972 35889 29668 34238 34957 31933 30916 48025 45493 10674 64229 2415 6964 23436 7442 2025 31623 32832 32803 32706 33122 0 0 0 0 28574 32880
28 203 50KHz 29477 31090 31577 32099 32348 32200 32414 31878 32286 32394 32175 32160 33791 33461 29947 36461 28142 29227 30476 28495 15973 32820 32769 32769 32770 32780 32756 0 0 0 0 23708
29 204 50KHz 29512 30172 31015 31754 32053 32198 32168 32548 32239 32049 32131 31995 30723 30826 33631 29000 34484 33343 31646 30987 27250 32770 32777 32779 32783 32817 32753 0 0 0 0 0
30 204 50KHz 19073 27070 28149 31577 33893 33311 33799 32602 33323 32806 31782 30736 32628 32473 30373 37576 27572 30832 32798 31519 17302 32684 32855 32857 32890 33191 32690 23934 0 0 0 0
31 204 50KHz 27576 0 14580 28149 31506 31682 32398 31220 32191 32323 31691 31412 34887 34408 27638 41016 24144 27796 31952 31391 24466 32720 32773 32776 32785 32866 32724 31151 19937 0 0 0
0 204 50KHz 0 0 0 20432 26168 28989 28930 31505 30072 30579 32206 33469 28822 29300 36665 21934 41537 35767 30667 31962 49072 32845 32634 32636 32593 32214 32823 16193 28935 29288 19554 22035
1 204 50KHz 0 0 0 0 25326 29950 31108 31935 31758 31775 32014 32031 30980 31053 33505 29167 34447 33455 32141 32189 33421 32766 32758 32759 32759 32739 32765 29962 31134 30337 27848 0
2 204 50KHz 0 0 0 0 3797 26689 30168 32161 31550 31401 31932 31886 28396 29020 36428 23214 39495 36335 32246 32350 35023 32763 32764 32765 32766 32761 32763 28572 31591 31149 28901 20677
3 204 50KHz 23398 5 0 0 0 2489 26832 30175 31159 31547 31720 31690 31637 31817 32440 31941 32420 32492 32377 32287 31440 32753 32769 32771 32775 32794 32756 32678 32133 31855 31672 29746
4 205 50KHz 27499 25302 3097 0 0 0 2276 22761 28644 30643 30965 31156 34486 34346 28484 40090 25662 28693 32383 32122 28008 32744 32772 32775 32779 32816 32750 36194 32405 32127 33566 31927
5 205 50KHz 29850 29867 26240 453 0 0 0 0 14040 24664 28306 29840 32491 32901 30076 36079 28660 30188 32148 32095 30947 32756 32758 32759 32759 32749 32759 33446 32181 32219 33002 31929
6 205 50KHz 29722 31087 30050 26055 786 0 0 0 3855 11529 23089 27310 32647 33449 28839 38890 26466 29071 32305 32098 28655 32746 32770 32770 32777 32806 32750 35678 32425 32222 33483 32491
7 205 50KHz 32195 31948 32188 30000 22780 0 0 0 0 1119 6161 21170 27381 30321 32740 29911 33523 32531 31820 32161 36311 32785 32730 32730 32720 32619 32776 28715 31854 32498 32209 31572
8 205 50KHz 30966 31872 31676 31167 28718 15629 2346 0 0 0 0 5226 25120 30714 30122 35526 29181 30531 32249 32186 30776 32760 32765 32766 32767 32768 32761 33688 32331 32303 33010 32362
9 205 50KHz 31203 31849 31491 31505 30547 24949 12648 259 0 0 0 0 14752 27912 30209 34423 29675 30938 32343 32169 29640 32747 32776 32778 32783 32824 32754 34565 32422 32142 32666 32458
10 206 50KHz 32556 32034 31958 31646 30865 28443 23404 5960 0 0 0 0 0 20693 31950 29359 33821 33059 32105 32163 32826 32760 32762 32764 32764 32757 32762 31316 32159 32154 31785 31959
11 206 50KHz 33459 32010 31851 31603 31094 29907 27461 21139 3361 0 0 0 0 0 31874 25560 36566 34594 32058 32137 33221 32758 32768 32768 32771 32778 32760 30454 32145 32000 31027 31787
12 206 50KHz 28653 30443 26844 31448 35369 32735 32838 25793 21003 3737 0 0 0 0 20902 40547 24621 27776 34230 32105 4123 32592 32955 32956 33032 33661 32628 56473 34491 30307 32892 35194
13 206 50KHz 28570 29428 24416 30759 36365 33666 34573 28937 27847 20646 2747 0 0 0 0 33298 27276 29705 34090 31297 3410 32493 33008 33014 33115 33967 32590 56808 34620 28698 30984 35438
14 206 50KHz 35482 33281 38607 31715 25297 27526 25918 30230 27322 28450 31183 32173 23315 0 0 0 38804 34531 25987 29793 62876 32965 32432 32432 32326 31400 32840 6141 27534 33942 30850 26602
15 206 50KHz 17507 22072 3826 35056 62500 48974 60656 23672 47747 46132 22253 5061 44663 39970 0 0 0 19514 48990 33254 0 31511 33828 33870 34300 38270 32035 64232 50343 25832 45848 61126
16 206 50KHz 33096 34657 48829 31420 14968 20204 16975 25965 20943 25478 33875 42812 32276 32162 33799 0 0 0 0 2515 61368 33236 31872 31870 31598 29228 32786 7399 19636 37119 33082 18619
17 207 50KHz 34907 33094 36970 31974 27241 28987 27837 31246 29140 30126 32711 35029 28714 28873 37289 23566 0 0 0 0 23361 32899 32524 32525 32452 31792 32783 5202 27815 33073 30706 28027
18 207 50KHz 31374 32194 32325 32371 32320 32190 32291 31939 32214 32310 32158 32129 33311 32929 29683 35169 10037 0 0 0 0 32758 32752 32755 32759 32730 32762 21834 30583 31731 32604 32176
19 207 50KHz 32427 32231 32405 32273 32073 32125 32080 32266 32136 32124 32204 32215 31838 31717 31898 31387 25799 0 0 0 0 32770 32748 32754 32766 32705 32766 5205 28764 31121 31585 31786
20 207 50KHz 43450 32978 34348 31375 28686 30858 29096 35079 30634 29785 32528 33186 16599 18706 51394 0 62783 31515 0 0 0 0 32609 32624 32576 32306 32815 3512 19960 28484 22680 27773
21 207 50KHz 32883 32751 32754 32739 32722 32743 32722 32784 32736 32716 32746 32749 32575 32606 32987 32303 33153 32982 32744 32785 0 0 0 32758 32739 32786 32777 31830 32772 32764 32658 32727
22 207 50KHz 32793 32754 32754 32754 32747 32753 32745 32761 32746 32741 32748 32752 32714 32726 32834 32660 32878 32819 32724 32734 32751 0 0 0 32771 32777 32778 32746 32756 32751 32736 32754
23 207 50KHz 32790 32754 32758 32755 32749 32755 32746 32764 32748 32744 32751 32758 32714 32731 32812 32659 32906 32818 32746 32758 32794 32759 0 0 0 32775 32779 32600 32750 32754 32736 32756
24 208 50KHz 32775 32754 32754 32756 32753 32756 32750 32753 32748 32747 32751 32754 32735 32746 32799 32719 32829 32771 32757 32766 32704 32739 32771 0 0 0 32782 32596 32754 32759 32750 32759
25 208 50KHz 32623 32745 32745 32768 32784 32760 32776 32713 32758 32775 32749 32750 32944 32928 32541 33252 32373 32533 32706 32709 32413 32786 32777 32775 0 0 0 32935 32782 32771 32861 32795
26 208 50KHz 32859 32755 32758 32746 32732 32749 32731 32780 32741 32729 32749 32751 32612 32640 32949 32389 33088 32941 32754 32809 33010 32779 32780 32781 32783 0 0 0 32732 32736 32675 32732
27 208 50KHz 20157 30743 29418 33158 36272 33970 35890 29668 34241 34954 31929 30912 48005 45519 10519 64200 2388 6955 23431 7516 1986 31627 32829 32805 32705 33068 0 0 0 0 28566 32852
28 208 50KHz 29465 31088 31576 32104 32348 32203 32415 31880 32283 32394 32174 32161 33824 33473 29920 36542 28075 29177 30475 28489 15958 32820 32769 32769 32770 32779 32758 0 0 0 0 23695
29 208 50KHz 29480 30169 31010 31751 32060 32198 32167 32550 32239 32055 32131 31995 30699 30815 33631 28966 34512 33330 31669 30989 27269 32770 32777 32778 32783 32812 32758 0 0 0 0 0
30 208 50KHz 19077 27057 28151 31579 33906 33308 33801 32597 33319 32808 31782 30737 32647 32459 30381 37676 27561 30792 32809 31526 17331 32681 32852 32855 32890 33157 32722 23894 0 0 0 0
31 209 50KHz 27528 0 14592 28146 31497 31673 32392 31219 32187 32319 31691 31416 34873 34392 27686 41002 24355 27827 31952 31395 24593 32721 32773 32775 32785 32851 32733 31108 19941 0 0 0
0 209 50KHz 0 0 0 20436 26185 29001 28945 31472 30074 30586 32207 33464 28867 29302 36658 21803 41280 35702 30678 31962 48999 32848 32637 32637 32594 32250 32790 16240 28934 29265 19503 22003
1 209 50KHz 0 0 0 0 25334 29955 31113 31931 31761 31773 32016 32030 30855 31052 33501 29078 34472 33444 32140 32189 33424 32766 32759 32760 32759 32741 32764 29956 31130 30336 27867 0
2 209 50KHz 0 0 0 0 3819 26689 30167 32157 31543 31403 31932 31889 28431 28986 36422 23218 39193 36338 32245 32349 35008 32763 32764 32766 32766 32761 32763 28558 31590 31148 28955 20689
3 209 50KHz 23409 12 0 0 0 2493 26834 30179 31163 31548 31717 31689 31632 31807 32422 31939 32455 32482 32377 32289 31440 32753 32770 32771 32775 32792 32758 32660 32138 31856 31673 29720
4 209 50KHz 27511 25309 2987 0 0 0 2288 22776 28651 30641 30963 31158 34492 34354 28476 40097 25629 28688 32381 32121 28064 32744 32772 32773 32779 32813 32753 36205 32402 32128 33564 31920
5 209 50KHz 29865 29873 26249 433 0 0 0 0 14040 24655 28308 29835 32444 32885 30099 35990 28720 30208 32146 32095 30979 32758 32757 32758 32760 32749 32758 33435 32179 32219 32984 31921
6 210 50KHz 29746 31089 30058 26066 842 0 0 0 3861 11436 23082 27307 32631 33506 28828 38932 26252 29101 32304 32096 28628 32747 32769 32772 32775 32804 32754 35667 32423 32218 33406 32481
7 210 50KHz 32182 31948 32175 30007 22792 0 0 0 0 1124 6035 21178 27413 30321 32515 29920 33501 32544 31822 32161 36316 32781 32731 32731 32721 32629 32764 28704 31846 32500 32221 31544
8 210 50KHz 30960 31872 31676 31155 28730 15621 2521 0 0 0 0 5236 25137 30734 30108 35561 29139 30513 32250 32186 30837 32759 32764 32766 32767 32767 32762 33715 32331 32319 33011 32363
9 210 50KHz 31206 31849 31491 31510 30533 24933 12624 183 0 0 0 0 14745 27910 30193 35107 29606 30934 32341 32166 29544 32749 32775 32778 32783 32818 32762 34583 32423 32138 32711 32455
10 210 50KHz 32569 32033 31959 31647 30888 28444 23401 5976 0 0 0 0 0 20722 31952 29370 33493 33079 32105 32161 32819 32760 32762 32762 32764 32757 32761 31327 32160 32152 31832 31960
11 210 50KHz 33455 32011 31848 31602 31090 29874 27450 21144 3352 0 0 0 0 0 31969 25512 36625 34461 32060 32140 33233 32758 32767 32768 32770 32778 32762 30465 32141 32000 31024 31784
12 210 50KHz 28671 30436 26858 31427 35351 32755 32869 25775 20988 3705 0 0 0 0 20760 40640 24603 27771 34230 32103 4161 32596 32949 32957 33025 33531 32774 56425 34524 30294 32896 35170
13 211 50KHz 28617 29417 24382 30765 36357 33703 34576 28903 27884 20599 2707 0 0 0 0 33558 27152 29695 34099 31318 3354 32503 33007 33014 33114 33820 32739 56843 34690 28693 30994 35440
14 211 50KHz 35665 33295 38629 31725 25227 27508 25905 30288 27392 28406 31224 32246 23399 0 0 0 39107 34848 25963 29772 62794 32949 32433 32430 32330 31551 32702 6202 27464 33970 30635 26555
15 211 50KHz 17372 21972 3798 35133 62593 49080 60631 23304 47901 46241 22085 4830 44891 40253 0 0 0 19276 49034 33376 0 31562 33816 33864 34276 37557 32590 64358 50763 25885 45994 61181
16 211 50KHz 32997 34698 48980 31413 14829 20126 16739 26236 20907 25476 33958 43008 32186 32143 33922 0 0 0 0 2518 61064 33231 31872 31867 31602 29574 32591 7759 19375 37208 33130 18564
17 211 50KHz 34847 33096 36982 31964 27258 28976 27836 31260 29126 30145 32726 35074 28629 28743 37369 23568 0 0 0 0 23467 32898 32523 32525 32456 31886 32735 5191 27783 33066 30700 28029
18 211 50KHz 31373 32194 32327 32371 32325 32188 32290 31939 32215 32309 32159 32131 33311 32911 29677 35243 10102 0 0 0 0 32758 32751 32755 32760 32733 32760 21751 30585 31729 32633 32170
19 211 50KHz 32434 32230 32406 32274 32076 32118 32085 32260 32136 32129 32204 32215 31839 31717 31875 31371 25822 0 0 0 0 32773 32748 32754 32767 32711 32763 5198 28764 31117 31595 31790
20 212 50KHz 43400 32973 34353 31372 28691 30844 29085 35091 30630 29790 32534 33200 16575 18655 51467 0 62788 31513 0 0 0 0 32611 32625 32577 32348 32775 3494 19953 28469 22667 27790
21 212 50KHz 32879 32750 32753 32740 32722 32744 32723 32785 32735 32721 32747 32749 32583 32606 32987 32294 33165 32974 32757 32779 0 0 0 32758 32739 32786 32777 31924 32770 32722 32659 32727
22 212 50KHz 32791 32753 32754 32752 32746 32754 32745 32761 32746 32742 32751 32752 32717 32708 32828 32664 32882 32821 32737 32754 32796 0 0 0 32771 32776 32778 32621 32761 32755 32730 32754
23 212 50KHz 32794 32754 32756 32754 32749 32754 32747 32762 32748 32743 32752 32754 32713 32729 32852 32666 32865 32816 32760 32830 32810 32759 0 0 0 32775 32779 32627 32753 32751 32736 32754
24 212 50KHz 32775 32755 32756 32756 32752 32755 32752 32757 32749 32747 32751 32755 32738 32751 32799 32738 32817 32795 32756 32760 32842 32740 32771 0 0 0 32782 32560 32760 32754 32748 32759
25 212 50KHz 32642 32747 32745 32767 32779 32762 32773 32720 32759 32770 32749 32751 32951 32910 32568 33205 32431 32559 32735 32713 32462 32789 32778 32775 0 0 0 32914 32773 32763 32848 32792
26 213 50KHz 32846 32756 32757 32748 32734 32751 32735 32777 32742 32731 32749 32752 32635 32622 32919 32471 33033 32907 32740 32772 32929 32779 32780 32780 32783 0 0 0 32739 32740 32681 32737
27 213 50KHz 20172 30747 29427 33155 36265 33975 35897 29657 34258 34959 31928 30912 48031 45566 10392 64236 2375 6951 23435 7544 2002 31639 32833 32803 32706 33023 0 0 0 0 28510 32808
28 213 50KHz 29488 31091 31580 32099 32346 32200 32404 31883 32285 32391 32174 32165 33779 33458 29956 36512 28104 29238 30475 28494 16016 32819 32769 32769 32770 32777 32759 0 0 0 0 23678
29 213 50KHz 29510 30170 31016 31754 32052 32198 32165 32545 32240 32052 32131 31998 30589 30809 33649 28908 34564 33328 31648 30988 27275 32770 32777 32778 32782 32808 32765 0 0 0 0 0
30 213 50KHz 19038 27074 28175 31573 33891 33305 33802 32600 33329 32813 31789 30750 32618 32458 30387 37533 27579 30837 32798 31520 17356 32685 32853 32854 32889 33119 32792 23542 0 0 0 0
31 213 50KHz 27514 0 14578 28151 31488 31663 32384 31226 32189 32316 31698 31429 34853 34375 27750 40890 24266 27862 31947 31397 24612 32721 32772 32775 32785 32844 32752 31027 19982 0 0 0
0 213 50KHz 0 0 0 20465 26211 29020 28949 31480 30074 30589 32200 33442 28866 29351 36594 21981 41246 35699 30690 31964 48936 32842 32639 32638 32596 32303 32703 16320 28960 29290 19417 21993
1 214 50KHz 0 0 0 0 25323 29954 31109 31933 31759 31778 32015 32030 30858 31090 33487 29186 34470 33445 32142 32189 33413 32764 32759 32761 32760 32743 32760 29935 31134 30339 27875 0
2 214 50KHz 0 0 0 0 3836 26668 30166 32156 31543 31405 31929 31886 28426 28985 36421 23219 39495 36339 32246 32352 35013 32764 32765 32766 32766 32763 32763 28573 31597 31151 28930 20678
3 214 50KHz 23399 41 0 0 0 2481 26843 30183 31163 31549 31719 31687 31631 31798 32431 31951 32465 32517 32378 32289 31488 32754 32771 32771 32775 32787 32765 32662 32140 31857 31678 29745
4 214 50KHz 27518 25298 2957 0 0 0 2291 22771 28652 30641 30966 31160 34496 34360 28483 40116 25601 28690 32381 32122 28061 32745 32773 32774 32780 32808 32763 36194 32403 32128 33551 31925
5 214 50KHz 29876 29885 26246 494 0 0 0 0 14026 24654 28303 29837 32434 32860 30105 36022 28719 30220 32142 32096 30973 32757 32757 32759 32760 32751 32757 33259 32178 32220 32981 31923
6 214 50KHz 29746 31090 30053 26057 775 0 0 0 3880 11489 23086 27306 32632 33512 28820 38948 26424 29099 32306 32100 28646 32746 32770 32771 32776 32800 32760 35663 32425 32218 33474 32479
7 214 50KHz 32198 31947 32175 30002 22805 0 0 0 0 1075 6043 21199 27380 30304 32534 29891 33538 32538 31824 32162 36231 32783 32730 32733 32721 32642 32754 28707 31844 32500 32201 31574
8 215 50KHz 30977 31872 31676 31156 28733 15617 2413 0 0 0 0 5229 25220 30730 30097 35578 29090 30510 32248 32186 30836 32758 32764 32766 32767 32768 32763 33705 32332 32322 33018 32357
9 215 50KHz 31208 31842 31493 31506 30534 24941 12645 228 0 0 0 0 14743 27915 30178 34868 29611 30928 32350 32169 29553 32749 32776 32778 32783 32814 32763 34531 32423 32138 32712 32455
10 215 50KHz 32557 32034 31951 31651 30872 28446 23403 6045 0 0 0 0 0 20730 31973 29310 33847 33061 32106 32163 32810 32761 32761 32763 32763 32757 32761 31319 32160 32154 31804 31964
11 215 50KHz 33460 32012 31847 31601 31093 29906 27452 21144 3481 0 0 0 0 0 31961 25482 36646 34624 32059 32141 33166 32758 32767 32769 32770 32775 32763 30456 32142 32001 31025 31791
12 215 50KHz 28696 30443 26873 31413 35351 32743 32843 25761 20990 3736 0 0 0 0 20856 40668 24680 27726 34223 32107 4180 32595 32950 32956 33027 33506 32786 56422 34526 30298 32866 35164
13 215 50KHz 28638 29403 24382 30741 36391 33706 34613 28865 27900 20592 2680 0 0 0 0 33528 27120 29785 34103 31307 3320 32499 33006 33013 33116 33789 32762 56880 34701 28676 31025 35432
14 215 50KHz 35680 33300 38642 31726 25242 27500 25897 30361 27274 28397 31220 32282 23234 0 0 0 39075 34855 25956 29766 62938 32950 32434 32432 32325 31592 32674 6153 27469 33948 30753 26565
15 216 50KHz 17188 21983 3871 35067 62588 49121 60637 23179 47971 46404 22104 4831 44942 40637 0 0 0 19183 49087 33382 0 31562 33812 33852 34289 37386 32683 64402 50748 25921 46241 61143
16 216 50KHz 33226 34709 49030 31503 14949 20052 16779 26213 20840 25441 33945 43057 32237 32532 34259 0 0 0 0 2393 60961 33232 31863 31869 31591 29662 32535 7460 19392 37257 33487 18400
17 216 50KHz 34846 33094 36973 31988 27255 28976 27825 31280 29121 30141 32725 35064 28690 28671 37297 23426 0 0 0 0 23427 32895 32521 32526 32453 31916 32720 5093 27794 33077 30703 28057
18 216 50KHz 31372 32195 32323 32372 32321 32187 32290 31929 32214 32311 32160 32131 33315 32932 29681 35277 10200 0 0 0 0 32757 32751 32755 32761 32734 32761 21751 30584 31732 32594 32169
19 216 50KHz 32423 32229 32406 32274 32077 32126 32083 32263 32133 32133 32205 32214 31836 31743 31893 31385 25838 0 0 0 0 32772 32748 32754 32767 32711 32762 5237 28768 31120 31587 31788
20 216 50KHz 43431 32971 34333 31385 28704 30857 29092 35092 30618 29781 32530 33197 16588 18618 51555 0 62877 31506 0 0 0 0 32609 32624 32578 32360 32764 3504 19975 28478 22684 27820
21 216 50KHz 32873 32754 32754 32739 32724 32744 32721 32785 32734 32720 32747 32750 32578 32610 32984 32490 33150 32976 32761 32771 0 0 0 32758 32740 32787 32778 31720 32775 32746 32663 32727
22 217 50KHz 32792 32753 32755 32753 32748 32754 32745 32754 32746 32742 32750 32753 32711 32724 32829 32635 32806 32820 32754 32760 32931 0 0 0 32771 32778 32780 32643 32759 32748 32733 32753
23 217 50KHz 32794 32754 32755 32754 32750 32755 32748 32761 32742 32744 32751 32753 32726 32746 32821 32665 32874 32816 32749 32753 32766 32758 0 0 0 32773 32780 32638 32755 32754 32738 32755
24 217 50KHz 32746 32754 32756 32756 32751 32756 32750 32758 32749 32745 32751 32753 32738 32745 32763 32722 32822 32797 32758 32747 32732 32738 32772 0 0 0 32780 32574 32753 32753 32749 32759
25 217 50KHz 32651 32746 32747 32766 32777 32761 32773 32720 32758 32769 32749 32750 32914 32899 32578 33276 32456 32576 32744 32651 32501 32787 32778 32776 0 0 0 33022 32780 32768 32843 32789
26 217 50KHz 32823 32754 32756 32750 32743 32753 32740 32775 32744 32736 32749 32751 32664 32684 32883 32627 32953 32879 32754 32769 33091 32780 32781 32780 32782 0 0 0 32737 32742 32702 32741
27 217 50KHz 20216 30758 29438 33155 36263 33949 35905 29648 34269 34969 31947 30938 48041 45592 10517 64259 2342 6970 23438 7574 2005 31646 32834 32804 32704 33020 0 0 0 0 28461 32768
28 217 50KHz 29425 31094 31585 32102 32345 32199 32412 31880 32287 32391 32176 32164 33789 33470 29889 36520 28100 29234 30477 28493 15985 32820 32770 32770 32770 32779 32762 0 0 0 0 23655
29 218 50KHz 29517 30186 31018 31750 32048 32198 32162 32558 32239 32045 32133 32001 30654 30780 33690 28799 34627 33385 31653 30992 27310 32772 32777 32778 32781 32808 32766 0 0 0 0 0
30 218 50KHz 19035 27078 28173 31568 33884 33294 33793 32604 33328 32811 31793 30756 32638 32448 30389 37560 27683 30830 32788 31520 17379 32694 32855 32856 32888 33114 32795 23779 0 0 0 0
31 218 50KHz 27493 0 14581 28140 31481 31658 32374 31223 32186 32315 31699 31433 34837 34372 27733 40929 24235 27887 31942 31391 24657 32725 32774 32775 32784 32842 32752 30967 19911 0 0 0
0 218 50KHz 0 0 0 20448 26223 29046 28972 31500 30080 30596 32199 33438 28869 29347 36536 21808 41300 35709 30701 31956 48849 32839 32634 32635 32600 32310 32710 16393 28919 29283 19506 21983
1 218 50KHz 0 0 0 0 25331 29956 31113 31928 31759 31777 32014 32028 30843 31046 33500 29042 34451 33436 32141 32189 33413 32766 32760 32760 32760 32745 32760 29966 31134 30340 27904 0
2 218 50KHz 0 0 0 0 3793 26695 30172 32160 31546 31407 31932 31887 28424 28958 36418 23215 39523 36348 32248 32349 35004 32764 32765 32766 32766 32762 32763 28576 31591 31152 28919 20668
3 219 50KHz 23381 0 0 0 0 2504 26828 30178 31160 31548 31718 31690 31621 31801 32447 31928 32472 32505 32377 32290 31442 32753 32771 32771 32774 32789 32763 32664 32131 31853 31665 29733
4 219 50KHz 27523 25312 3122 0 0 0 2316 22770 28652 30645 30967 31160 34485 34366 28466 40370 25598 28682 32381 32122 28079 32745 32772 32774 32779 32808 32761 36206 32408 32122 33562 31907
5 219 50KHz 29879 29869 26250 390 0 0 0 0 14029 24658 28306 29837 32456 32889 30101 36031 28668 30216 32147 32097 30985 32757 32757 32758 32759 32751 32756 33422 32182 32220 32969 31916
6 219 50KHz 29758 31097 30059 26051 823 0 0 0 3909 11503 23084 27305 32632 33444 28817 38944 26414 29110 32306 32097 28660 32745 32770 32772 32776 32799 32761 35695 32428 32219 33476 32471
7 219 50KHz 32204 31950 32169 29998 22778 0 0 0 0 1072 6132 21174 27367 30301 32797 29835 33585 32547 31824 32165 36325 32787 32730 32732 32722 32641 32754 28714 31840 32504 32199 31576
8 219 50KHz 30964 31872 31672 31150 28725 15615 2429 0 0 0 0 5215 25140 30736 30088 35624 29130 30398 32251 32187 30833 32759 32765 32767 32768 32768 32763 33725 32337 32340 33015 32360
9 219 50KHz 31213 31849 31493 31505 30540 24933 12630 217 0 0 0 0 14733 27917 30170 34900 29467 30930 32339 32170 29547 32747 32777 32777 32784 32814 32765 34593 32427 32138 32684 32450
10 220 50KHz 32551 32036 31960 31645 30867 28453 23404 5953 0 0 0 0 0 20723 31950 29353 33842 33054 32106 32163 32820 32760 32761 32762 32764 32759 32762 31301 32159 32155 31789 31964
11 220 50KHz 33449 32012 31848 31605 31091 29905 27446 21136 3342 0 0 0 0 0 31917 25505 36627 34610 32058 32140 33233 32756 32767 32768 32770 32776 32763 30465 32137 32002 31032 31792
12 220 50KHz 28703 30452 26856 31439 35349 32752 32829 25750 21021 3696 0 0 0 0 20841 40684 24595 27781 34226 32108 4153 32584 32965 32951 33024 33495 32783 56436 34543 30283 32884 35151
13 220 50KHz 28570 29413 24344 30732 36393 33726 34622 28853 27895 20693 2693 0 0 0 0 33543 27249 29680 34126 31308 3414 32479 33027 33007 33112 33775 32765 56903 34722 28640 30964 35443
14 220 50KHz 35505 33284 38642 31733 25246 27492 25874 30316 27260 28391 31194 32250 23295 0 0 0 38988 34621 25946 29767 62947 32957 32414 32437 32332 31611 32672 5971 27455 33991 30812 26606
15 220 50KHz 17093 22019 3936 35095 62510 49160 60624 22954 48107 46529 22131 4934 45144 40604 0 0 0 19116 49164 33340 0 31582 33893 33827 34254 37296 32713 64402 50662 25793 46279 61124
16 220 50KHz 33046 34709 48998 31487 14806 20036 16755 25987 20720 25391 33897 42975 32444 32225 33823 0 0 0 0 2336 61411 33200 31814 31878 31607 29703 32505 7469 19435 37386 33177 18603
17 221 50KHz 34888 33088 36949 32006 27250 28993 27826 31276 29105 30129 32698 35012 28750 28823 37247 23589 0 0 0 0 23369 32891 32509 32529 32458 31933 32698 5166 27813 33124 30781 28054
18 221 50KHz 31370 32194 32326 32370 32322 32186 32288 31939 32214 32309 32158 32128 33304 32924 29687 35234 10157 0 0 0 0 32757 32750 32755 32759 32735 32760 21711 30583 31731 32596 32172
19 221 50KHz 32428 32231 32403 32272 32074 32125 32081 32268 32134 32123 32203 32205 31831 31705 31909 31329 25927 0 0 0 0 32770 32747 32754 32766 32715 32762 5242 28767 31123 31582 31787
20 221 50KHz 43302 32961 34334 31381 28707 30871 29089 35088 30607 29775 32513 33169 16571 18614 51450 0 62905 31515 0 0 0 0 32608 32629 32582 32372 32742 3506 19964 28523 22730 27832
21 221 50KHz 32878 32753 32754 32740 32721 32744 32724 32785 32734 32723 32748 32749 32571 32603 32990 32325 33157 32981 32746 32777 0 0 0 32758 32738 32787 32778 31814 32776 32748 32664 32729
22 221 50KHz 32792 32752 32754 32753 32748 32754 32746 32761 32747 32742 32750 32753 32717 32728 32827 32671 32863 32817 32749 32778 32792 0 0 0 32770 32777 32779 32831 32759 32753 32736 32754
23 221 50KHz 32791 32754 32756 32755 32749 32755 32747 32764 32748 32744 32752 32753 32715 32732 32828 32644 32919 32819 32753 32752 32779 32758 0 0 0 32774 32780 32621 32804 32752 32735 32755
24 222 50KHz 32777 32755 32754 32756 32753 32758 32750 32759 32750 32748 32751 32754 32732 32749 32800 32710 32826 32769 32756 32762 32735 32740 32772 0 0 0 32782 32564 32750 32740 32749 32759
25 222 50KHz 32653 32747 32747 32765 32782 32761 32772 32722 32758 32771 32749 32751 32906 32895 32580 33165 32462 32588 32786 32717 32503 32787 32778 32774 0 0 0 32905 32778 32773 32839 32789
26 222 50KHz 32829 32756 32756 32749 32740 32753 32738 32771 32743 32734 32748 32752 32655 32676 32900 32489 33002 32889 32767 32788 32974 32779 32781 32780 32781 0 0 0 32735 32738 32699 32742
27 222 50KHz 20277 30764 29437 33154 36268 33953 35895 29642 34277 34961 31941 30925 48026 45639 10427 64253 2336 6941 23438 7513 1963 31654 32839 32802 32708 32995 0 0 0 0 28451 32759
28 222 50KHz 29456 31093 31581 32107 32353 32202 32417 31877 32288 32398 32175 32161 33819 33494 29904 36606 28027 28995 30475 28485 15946 32818 32769 32769 32770 32775 32761 0 0 0 0 23654
29 222 50KHz 29505 30173 31022 31750 32049 32199 32163 32560 32238 32032 32133 31998 30658 30768 33699 28843 34611 33390 31650 30992 27312 32769 32779 32778 32782 32806 32765 0 0 0 0 0
30 222 50KHz 19028 27074 28181 31566 33872 33295 33786 32584 33322 32806 31792 30760 32609 32448 30378 37615 27645 30850 32795 31521 17464 32683 32858 32855 32886 33100 32776 23813 0 0 0 0
31 223 50KHz 27488 0 14603 28149 31482 31658 32376 31225 32187 32315 31701 31437 34833 34382 27621 40897 24277 27900 31946 31396 24697 32722 32774 32774 32784 32838 32748 30984 19900 0 0 0
