
1 3781 50KHz 0 0 0 0 25971 30220 31573 31825 32004 32017 32000 31902 31922 31870 32127 32221 31976 32347 32361 32344 32192 32203 32193 32272 32115 32129 32193 32096 31442 30286 27751 0
2 3781 50KHz 0 0 0 0 5717 25996 31009 32100 31565 31514 31937 31950 30054 31305 33900 26967 37224 32841 32141 32235 32220 32370 32119 31991 32382 32502 32201 31959 31884 31281 29800 19665
3 3782 50KHz 22432 0 0 0 0 2297 27307 30152 31114 31529 31697 31692 31816 31849 32133 32305 32010 32362 32380 32364 32270 32279 32281 32341 32235 32260 32335 32355 32169 31969 31783 29267
4 3782 50KHz 29191 26065 5977 0 0 0 2799 23620 28537 30417 31031 31341 32514 32058 31201 34594 29659 31867 32269 32251 32387 32318 32452 32489 32315 32207 32325 32294 32174 32305 32528 31179
5 3782 50KHz 29569 29975 25221 0 0 0 0 0 16164 25908 28520 29490 33304 31909 29560 39864 24299 32082 33026 32774 31916 31768 32070 32651 31429 31546 32482 33303 32487 32000 33130 31976
6 3782 50KHz 31070 31392 30842 26385 419 0 0 0 2996 11608 23175 27657 31034 31463 30904 34261 29692 31466 31929 31968 32417 32333 32489 32397 32416 32217 32185 31964 32031 32425 32627 31696
7 3782 50KHz 32013 31736 32087 29971 23289 0 0 0 0 16 6134 21287 27303 30144 32026 30259 33611 31725 31700 31847 32543 32551 32539 32240 32741 32551 32161 31654 32001 32463 32128 31710
8 3782 50KHz 31499 32032 31687 31115 28537 17690 1649 0 0 0 0 4856 24059 28823 30567 34574 29360 31872 32309 32287 32343 32278 32420 32502 32259 32184 32364 32409 32272 32387 32723 32109
9 3782 50KHz 31772 32027 31594 31494 30316 26168 13899 0 0 0 0 0 12517 25101 30528 33262 30382 32177 32412 32379 32171 32158 32223 32378 32077 32125 32368 32564 32339 32194 32447 32216
10 3783 50KHz 32239 31963 31961 31635 30941 28629 24100 6651 0 0 0 0 0 16569 30399 30036 33129 32191 32105 32174 32212 32265 32215 32194 32277 32316 32276 32233 32237 32170 32024 32082
11 3783 50KHz 32561 31850 31917 31617 31258 29597 28130 21384 3163 0 0 0 0 0 28224 27260 34927 32332 32005 32134 32102 32224 32071 32027 32232 32356 32243 32211 32248 32021 31648 32068
12 3783 50KHz 31710 31897 29628 31762 32620 33361 31179 26565 21643 6229 0 0 0 0 19829 33337 27401 33426 33613 33312 31078 31168 31157 32176 30504 31243 32614 34281 32967 31197 32126 33045
13 3783 50KHz 32003 31433 30662 31396 31720 31405 31189 29247 26691 21313 8047 0 0 0 0 5096 30061 31394 31613 31859 31096 31311 31201 31612 31165 31545 32007 32628 32105 31229 31292 32047
14 3783 50KHz 32273 31720 34061 31703 30467 28826 30292 31459 29590 29816 29808 27515 19337 0 0 0 25387 27247 28490 29671 32387 32564 32585 31662 33493 32783 31433 29705 30938 32639 31582 30697
15 3783 50KHz 29496 32251 20729 32660 38414 47058 38484 31097 38536 34317 27720 20511 29388 0 0 0 0 27650 36589 36691 26014 26417 26916 32293 23360 26853 34057 42633 35968 27584 33188 37249
16 3783 50KHz 32614 30894 39341 30795 26439 20927 26243 31282 25757 28511 32604 36294 29752 30940 21896 0 0 0 0 4643 26234 30047 31783 29341 36359 33894 29130 23020 27681 33980 30289 27065
17 3784 50KHz 31686 32248 32858 32268 31764 31883 31542 31719 31717 32071 32163 32359 32966 31734 28890 28187 0 0 0 0 12045 22704 27643 30083 31428 31416 31513 31167 31481 32333 32504 31703
18 3784 50KHz 31708 32375 32250 32397 32289 32848 32103 31864 32308 32411 32179 32091 33193 31998 29842 33302 0 0 0 0 0 7411 21864 28272 30294 31043 31749 32001 31930 32198 32654 32172
19 3784 50KHz 31864 32346 32324 32367 32255 32617 32116 31985 32267 32363 32229 32206 32957 32131 30710 33443 18919 0 0 0 0 0 5985 23783 28792 30595 31597 31898 31919 32179 32502 32136
20 3784 50KHz 32724 32186 32263 32269 32390 31892 32477 32636 32313 32149 32249 32173 31251 31649 32682 29361 29772 13405 0 0 0 0 0 14655 26062 29940 31380 31867 31979 31885 31700 32214
21 3784 50KHz 32711 32183 32398 32263 32305 31751 32383 32616 32227 32122 32285 32283 31319 31781 32824 29418 32040 23543 8576 0 0 0 0 0 17674 27758 30783 31542 31815 31879 31683 32131
22 3784 50KHz 32696 32192 32175 32287 32453 32030 32542 32641 32392 32201 32255 32141 31324 31729 32803 29923 32591 28063 22074 6517 0 0 0 0 0 20410 29439 31402 31716 31689 31646 32233
23 3785 50KHz 32269 32276 32028 32349 32504 32597 32488 32344 32503 32374 32230 32064 32166 32000 32025 32478 30777 30258 28230 23736 14012 0 0 0 0 0 25576 30735 31397 31600 31977 32271
24 3785 50KHz 32908 32045 32377 32175 32251 31366 32402 32773 32151 31986 32256 32263 30711 31627 33514 27969 35585 31509 30213 28754 25878 16979 0 0 0 0 2240 26901 30010 30967 31033 31928
25 3785 50KHz 32567 32067 32508 32201 32142 31493 32222 32562 32074 32046 32300 32393 31350 31905 32983 29379 34336 31513 31003 30618 29984 27780 20418 0 0 0 0 3240 24878 29496 30735 31619
26 3785 50KHz 31996 32191 32256 32329 32323 32387 32289 32262 32333 32345 32309 32294 32457 32251 31986 32722 31300 31681 31767 31649 31439 30861 29540 25911 3728 0 0 0 487 23657 29777 31357
27 3785 50KHz 30904 32139 32039 32387 32338 33207 32153 31788 32445 32596 32300 32262 33866 32700 30630 36643 27467 31361 32051 31969 31910 31590 31444 30789 27206 3085 0 0 0 0 22875 29385
28 3785 50KHz 30204 31411 31908 32146 32162 32397 32140 32082 32236 32312 32261 32286 32744 32299 31581 33476 30472 31600 31903 31913 31979 31825 31705 31382 30131 24865 0 0 0 0 0 22200
29 3785 50KHz 28227 30247 31266 31945 32297 31989 32482 32545 32360 32169 32194 32061 31366 31731 32789 30355 33625 32420 32184 32179 31884 31887 31674 31595 31045 29486 23166 0 0 0 0 0
30 3786 50KHz 17577 27367 29586 31747 32596 33068 32798 32343 32814 32459 32064 31623 31998 31723 31972 33309 30728 32738 32761 32584 31650 31652 31575 31918 31012 30648 29431 21551 0 0 0 0
31 3786 50KHz 21819 0 16904 28410 30792 31754 31640 31597 31913 32066 31976 31981 32787 32149 31134 34227 29577 31614 32007 31989 32109 32026 32124 32138 31864 31475 31018 28570 20221 0 0 0
0 3786 50KHz 0 0 0 21345 28752 29522 31006 31816 31198 31572 32102 32521 31627 32080 32591 29565 34439 31534 31424 31648 32625 32626 32593 32159 32869 32511 31819 30651 30048 28027 18046 18026
1 3786 50KHz 0 0 0 0 25965 30216 31569 31823 32003 32018 32001 31903 31927 31873 32121 32237 31961 32346 32366 32342 32193 32202 32193 32271 32116 32131 32194 32095 31436 30290 27756 0
2 3786 50KHz 0 0 0 0 5655 25983 31004 32095 31565 31523 31938 31951 30059 31305 33900 26947 37237 32838 32136 32237 32222 32371 32120 31993 32382 32502 32200 31959 31888 31274 29802 19664
3 3786 50KHz 22409 0 0 0 0 2225 27304 30151 31115 31530 31699 31695 31815 31847 32136 32303 32014 32364 32382 32364 32270 32279 32281 32341 32235 32261 32334 32354 32168 31970 31781 29259
4 3786 50KHz 29189 26052 5629 0 0 0 2794 23616 28532 30416 31031 31341 32516 32058 31200 34612 29642 31868 32272 32250 32387 32317 32453 32491 32314 32207 32325 32295 32174 32304 32527 31176
5 3787 50KHz 29569 29965 25213 0 0 0 0 0 16161 25908 28522 29493 33307 31904 29559 39912 24257 32090 33045 32760 31911 31766 32070 32650 31430 31547 32486 33302 32453 32028 33126 31976
6 3787 50KHz 31071 31392 30842 26384 434 0 0 0 2982 11675 23173 27653 31027 31463 30907 34255 29692 31470 31922 31976 32416 32332 32487 32396 32414 32216 32185 31966 32038 32417 32627 31696
7 3787 50KHz 32010 31737 32090 29974 23300 0 0 0 0 1 6224 21273 27299 30147 32017 30264 33587 31723 31685 31862 32546 32551 32539 32241 32741 32549 32160 31655 32022 32447 32133 31710
8 3787 50KHz 31500 32030 31683 31113 28536 17679 1652 0 0 0 0 4763 24046 28820 30563 34575 29351 31873 32312 32286 32342 32277 32419 32500 32259 32185 32364 32409 32269 32388 32721 32109
9 3787 50KHz 31776 32025 31594 31494 30317 26174 13893 0 0 0 0 0 12498 25098 30534 33272 30380 32178 32417 32374 32172 32158 32224 32377 32078 32126 32369 32563 32330 32202 32446 32215
10 3787 50KHz 32239 31963 31962 31637 30946 28635 24099 6596 0 0 0 0 0 16581 30405 30026 33142 32193 32104 32175 32213 32264 32214 32195 32277 32318 32275 32233 32238 32169 32022 32082
11 3787 50KHz 32566 31850 31921 31619 31260 29598 28124 21366 3118 0 0 0 0 0 28234 27215 34979 32336 32003 32134 32103 32223 32073 32027 32233 32358 32243 32211 32249 32017 31645 32067
12 3788 50KHz 31733 31892 29626 31753 32617 33343 31167 26558 21605 6113 0 0 0 0 19849 33357 27428 33448 33641 33287 31076 31170 31155 32169 30506 31249 32620 34280 32909 31248 32104 33047
13 3788 50KHz 32016 31435 30666 31392 31718 31398 31185 29249 26689 21316 7854 0 0 0 0 4632 30114 31409 31622 31853 31098 31312 31202 31609 31165 31551 32009 32623 32084 31249 31281 32049
14 3788 50KHz 32255 31726 34060 31715 30474 28848 30300 31446 29599 29831 29826 27528 19401 0 0 0 25468 27240 28480 29693 32385 32555 32583 31668 33489 32774 31431 29717 31001 32586 31607 30703
15 3788 50KHz 29523 32233 20626 32619 38464 47257 38504 31114 38576 34312 27640 20297 29288 0 0 0 0 27916 36814 36708 25993 26398 26895 32277 23291 26830 34100 42719 35715 27816 33165 37300
16 3788 50KHz 32573 30909 39327 30818 26434 20949 26286 31260 25765 28524 32621 36345 29796 31031 21975 0 0 0 0 4752 26188 29993 31741 29338 36325 33852 29118 23049 27885 33775 30316 27072
17 3788 50KHz 31675 32251 32853 32272 31766 31897 31549 31714 31722 32075 32165 32361 32982 31740 28898 28301 0 0 0 0 12040 22697 27638 30082 31420 31410 31515 31169 31498 32318 32512 31708
18 3788 50KHz 31714 32375 32253 32398 32289 32844 32107 31867 32309 32411 32179 32088 33178 31975 29857 33314 0 0 0 0 0 7350 21866 28270 30294 31045 31752 32002 31932 32199 32647 32173
19 3789 50KHz 31871 32345 32323 32368 32257 32613 32120 31990 32269 32362 32231 32206 32941 32127 30725 33423 18999 0 0 0 0 0 6031 23776 28792 30597 31598 31901 31921 32179 32500 32139
20 3789 50KHz 32728 32187 32270 32269 32392 31884 32477 32641 32312 32148 32251 32176 31241 31651 32694 29296 29836 13410 0 0 0 0 0 14636 26062 29943 31381 31865 31980 31888 31703 32215
21 3789 50KHz 32712 32185 32402 32265 32304 31749 32383 32617 32226 32123 32288 32287 31320 31786 32830 29400 32083 23554 8642 0 0 0 0 0 17662 27754 30774 31539 31817 31879 31685 32131
22 3789 50KHz 32699 32194 32183 32286 32452 32020 32539 32644 32389 32200 32257 32147 31319 31729 32822 29881 32634 28062 22071 6329 0 0 0 0 0 20412 29435 31397 31712 31695 31644 32233
23 3789 50KHz 32280 32275 32035 32347 32502 32582 32487 32352 32499 32370 32233 32068 32141 31994 32045 32438 30816 30261 28220 23731 13996 0 0 0 0 0 25582 30729 31389 31610 31970 32272
24 3789 50KHz 32907 32047 32382 32175 32250 31364 32400 32770 32149 31986 32259 32269 30713 31643 33515 27953 35608 31505 30217 28759 25887 17004 0 0 0 0 2239 26895 30010 30968 31041 31929
25 3790 50KHz 32568 32070 32510 32203 32142 31491 32222 32561 32074 32046 32303 32398 31351 31910 32966 29367 34368 31511 31003 30622 29989 27796 20446 0 0 0 0 3260 24869 29486 30737 31622
26 3790 50KHz 32004 32192 32261 32330 32323 32380 32293 32267 32334 32345 32312 32299 32450 32250 32001 32688 31330 31687 31768 31652 31442 30869 29544 25921 3729 0 0 0 465 23637 29774 31362
27 3790 50KHz 30916 32137 32045 32387 32338 33193 32157 31799 32446 32594 32301 32264 33833 32690 30654 36608 27534 31373 32051 31970 31911 31595 31448 30795 27224 3115 0 0 0 0 22883 29402
28 3790 50KHz 30236 31407 31917 32144 32160 32362 32144 32103 32232 32303 32262 32290 32686 32287 31640 33327 30618 31621 31903 31915 31982 31836 31702 31376 30128 24770 0 0 0 0 0 22214
29 3790 50KHz 28236 30243 31275 31945 32292 31976 32478 32549 32356 32167 32196 32066 31355 31731 32796 30308 33676 32423 32186 32178 31890 31895 31680 31594 31055 29479 23126 0 0 0 0 0
30 3790 50KHz 17604 27359 29603 31737 32585 33040 32796 32356 32809 32455 32067 31629 31966 31717 32007 33196 30848 32734 32725 32595 31660 31662 31579 31924 31033 30661 29425 21529 0 0 0 0
31 3790 50KHz 21818 0 16806 28399 30782 31737 31640 31602 31912 32063 31977 31981 32768 32146 31155 34186 29672 31622 32007 31994 32112 32032 32130 32143 31875 31487 31025 28577 20241 0 0 0
0 3791 50KHz 0 0 0 21332 28755 29540 31001 31807 31200 31575 32104 32519 31656 32099 32560 29655 34361 31545 31470 31636 32620 32623 32593 32160 32866 32515 31826 30656 30062 28044 18094 18007
1 3791 50KHz 0 0 0 0 25966 30205 31572 31830 32002 32014 32001 31906 31912 31872 32144 32148 32013 32349 32357 32348 32196 32209 32196 32272 32121 32137 32195 32091 31437 30289 27744 0
2 3791 50KHz 0 0 0 0 5845 25982 30994 32100 31559 31515 31938 31956 30062 31310 33892 26970 37272 32834 32145 32232 32225 32374 32125 31998 32388 32504 32204 31958 31891 31286 29800 19658
3 3791 50KHz 22408 0 0 0 0 2229 27325 30168 31118 31529 31702 31698 31797 31849 32157 32254 32067 32372 32377 32365 32273 32286 32281 32340 32241 32266 32336 32351 32167 31971 31773 29246
4 3791 50KHz 29198 26052 5546 0 0 0 2803 23633 28531 30413 31030 31342 32490 32053 31219 34545 29713 31877 32272 32252 32390 32321 32452 32485 32318 32212 32326 32290 32175 32304 32515 31175
5 3791 50KHz 29593 29946 25218 0 0 0 0 0 16191 25911 28529 29503 33251 31901 29618 39735 24428 32092 33001 32782 31923 31777 32073 32641 31440 31561 32482 33288 32457 32023 33097 31965
6 3791 50KHz 31080 31393 30855 26397 424 0 0 0 3010 11574 23164 27652 31011 31459 30927 34226 29709 31481 31938 31971 32416 32335 32487 32396 32416 32218 32188 31967 32042 32417 32616 31699
7 3792 50KHz 32014 31744 32095 29990 23326 0 0 0 0 4 6096 21250 27297 30143 32022 30264 33603 31728 31715 31844 32544 32552 32538 32243 32739 32551 32161 31661 32023 32450 32137 31717
8 3792 50KHz 31511 32029 31689 31113 28532 17681 1655 0 0 0 0 4716 24029 28821 30592 34536 29409 31881 32307 32291 32344 32281 32420 32500 32264 32189 32365 32410 32272 32387 32711 32112
9 3792 50KHz 31785 32026 31600 31491 30307 26146 13885 0 0 0 0 0 12483 25102 30559 33196 30465 32184 32406 32384 32174 32163 32224 32375 32083 32133 32369 32558 32331 32201 32429 32216
10 3792 50KHz 32245 31965 31969 31640 30941 28632 24109 6613 0 0 0 0 0 16571 30407 30001 33168 32194 32105 32171 32214 32268 32216 32194 32283 32322 32275 32230 32239 32173 32020 32083
11 3792 50KHz 32576 31852 31927 31619 31255 29589 28127 21382 3127 0 0 0 0 0 28224 27212 34985 32334 32004 32130 32108 32228 32073 32028 32238 32361 32243 32207 32248 32022 31643 32067
12 3792 50KHz 31757 31877 29660 31744 32584 33275 31149 26544 21525 5827 0 0 0 0 19913 33177 27686 33427 33556 33325 31093 31192 31167 32165 30531 31267 32612 34241 32904 31249 32088 33032
13 3792 50KHz 32019 31435 30688 31392 31704 31375 31173 29246 26671 21292 7806 0 0 0 0 4496 30176 31388 31589 31860 31108 31323 31213 31624 31183 31559 32007 32607 32079 31255 31284 32045
14 3793 50KHz 32251 31739 34037 31721 30499 28886 30315 31451 29625 29856 29840 27539 19449 0 0 0 25367 27256 28549 29655 32370 32543 32568 31669 33471 32764 31440 29739 31005 32587 31608 30718
15 3793 50KHz 29597 32193 20765 32613 38371 46952 38470 31134 38479 34202 27610 20308 29082 0 0 0 0 27951 36506 36905 26068 26484 26966 32280 23400 26905 34075 42613 35707 27826 33106 37249
16 3793 50KHz 32518 30944 39189 30834 26540 21166 26354 31254 25874 28614 32625 36292 29863 31146 22203 0 0 0 0 4477 26103 29916 31662 29334 36220 33797 29150 23168 27907 33744 30343 27140
17 3793 50KHz 31690 32250 32853 32271 31770 31890 31555 31722 31723 32075 32166 32362 32958 31743 28925 28260 0 0 0 0 12039 22696 27634 30077 31417 31414 31514 31174 31499 32315 32499 31712
18 3793 50KHz 31738 32372 32257 32397 32288 32819 32112 31887 32304 32404 32182 32092 33131 31970 29898 33189 0 0 0 0 0 7348 21869 28265 30304 31053 31751 31996 31929 32195 32629 32173
19 3793 50KHz 31866 32348 32327 32370 32261 32621 32120 31984 32270 32365 32232 32207 32959 32141 30716 33473 18961 0 0 0 0 0 6107 23788 28794 30605 31598 31902 31922 32180 32506 32140
20 3793 50KHz 32727 32187 32271 32270 32387 31909 32474 32640 32310 32147 32252 32178 31248 31652 32690 29348 29835 13419 0 0 0 0 0 14651 26066 29943 31377 31861 31980 31890 31700 32217
21 3794 50KHz 32709 32186 32402 32265 32303 31749 32384 32615 32226 32123 32289 32285 31325 31789 32827 29419 32060 23559 8694 0 0 0 0 0 17660 27746 30780 31537 31819 31880 31687 32131
22 3794 50KHz 32699 32194 32183 32286 32450 32024 32540 32646 32389 32200 32259 32148 31316 31730 32810 29901 32627 28064 22075 6484 0 0 0 0 0 20407 29438 31398 31718 31697 31647 32233
23 3794 50KHz 32279 32276 32037 32348 32500 32585 32488 32351 32499 32369 32232 32067 32149 32010 32042 32443 30822 30258 28211 23732 14007 0 0 0 0 0 25579 30729 31392 31612 31974 32272
24 3794 50KHz 32907 32048 32383 32175 32249 31367 32396 32771 32149 31988 32259 32269 30722 31631 33482 27969 35592 31505 30216 28756 25892 17005 0 0 0 0 2198 26884 30004 30966 31041 31927
25 3794 50KHz 32567 32072 32508 32203 32142 31491 32227 32562 32073 32048 32303 32399 31354 31911 32987 29333 34350 31508 31010 30618 29992 27795 20448 0 0 0 0 3202 24855 29484 30738 31622
26 3794 50KHz 32003 32192 32259 32330 32324 32381 32292 32282 32334 32344 32312 32298 32451 32249 32001 32699 31328 31685 31766 31650 31440 30864 29545 25909 3708 0 0 0 454 23626 29773 31363
27 3795 50KHz 30922 32136 32045 32386 32337 33189 32160 31799 32442 32594 32300 32265 33827 32684 30659 36589 27528 31374 32046 31971 31911 31597 31444 30792 27217 3115 0 0 0 0 22870 29406
28 3795 50KHz 30235 31407 31916 32143 32161 32363 32146 32098 32231 32305 32262 32289 32691 32283 31618 33345 30609 31620 31902 31915 31982 31835 31707 31370 30129 24767 0 0 0 0 0 22211
29 3795 50KHz 28227 30243 31272 31943 32291 31978 32473 32549 32355 32165 32196 32066 31356 31727 32800 30350 33677 32419 32175 32180 31893 31894 31681 31598 31059 29478 23124 0 0 0 0 0
30 3795 50KHz 17599 27356 29606 31738 32584 33034 32797 32348 32806 32452 32066 31631 31958 31710 32014 33168 30810 32735 32715 32598 31655 31662 31579 31922 31034 30661 29421 21514 0 0 0 0
31 3795 50KHz 21814 0 16791 28399 30788 31742 31642 31602 31910 32067 31979 31983 32774 32146 31155 34194 29609 31617 32009 31992 32113 32032 32130 32144 31874 31490 31029 28580 20257 0 0 0
0 3795 50KHz 0 0 0 21333 28756 29552 31000 31805 31204 31581 32105 32520 31669 32102 32590 29682 34327 31535 31480 31631 32622 32622 32596 32165 32865 32515 31828 30666 30069 28053 18101 17973
1 3795 50KHz 0 0 0 0 25974 30205 31575 31839 32004 32016 32003 31909 31911 31874 32147 32181 32037 32351 32357 32348 32198 32209 32195 32271 32123 32136 32195 32090 31438 30289 27761 0
2 3796 50KHz 0 0 0 0 5871 25985 30990 32096 31555 31512 31938 31955 30072 31312 33893 26956 37122 32827 32146 32231 32225 32373 32124 31997 32388 32507 32202 31957 31888 31283 29818 19659
3 3796 50KHz 22415 0 0 0 0 2418 27311 30157 31114 31527 31699 31697 31800 31847 32152 32259 32068 32368 32374 32367 32268 32284 32285 32339 32240 32266 32334 32351 32166 31970 31771 29255
4 3796 50KHz 29204 26060 5499 0 0 0 2793 23623 28526 30406 31025 31338 32487 32052 31224 34571 29716 31880 32269 32252 32390 32321 32452 32489 32322 32212 32325 32291 32174 32303 32512 31178
5 3796 50KHz 29601 29946 25222 0 0 0 0 0 16197 25907 28529 29498 33237 31899 29621 39751 24448 32101 32992 32787 31922 31778 32075 32640 31444 31558 32478 33280 32456 32022 33092 31964
6 3796 50KHz 31083 31396 30844 26395 409 0 0 0 2984 11665 23158 27643 31009 31461 30918 34238 29713 31487 31941 31972 32417 32335 32486 32395 32414 32219 32186 31971 32040 32417 32620 31705
7 3796 50KHz 32011 31739 32092 29989 23323 0 0 0 0 54 6086 21228 27289 30140 32019 30264 33601 31724 31713 31841 32544 32551 32538 32242 32740 32552 32164 31662 32021 32452 32137 31716
8 3796 50KHz 31515 32031 31696 31112 28531 17679 1631 0 0 0 0 4668 24020 28820 30587 34537 29410 31882 32309 32285 32344 32281 32420 32498 32263 32190 32365 32408 32271 32386 32712 32113
9 3797 50KHz 31791 32025 31599 31489 30306 26142 13869 0 0 0 0 0 12476 25097 30554 33195 30461 32186 32405 32383 32172 32163 32224 32375 32084 32135 32369 32558 32333 32196 32434 32216
10 3797 50KHz 32245 31967 31969 31634 30941 28623 24105 6580 0 0 0 0 0 16562 30407 29996 33163 32188 32104 32174 32215 32269 32216 32194 32282 32321 32280 32230 32238 32172 32024 32083
11 3797 50KHz 32571 31854 31928 31619 31254 29583 28130 21373 3123 0 0 0 0 0 28215 27199 34993 32333 32003 32130 32108 32228 32073 32027 32239 32362 32244 32206 32248 32021 31646 32068
12 3797 50KHz 31761 31879 29668 31744 32585 33269 31148 26540 21508 5753 0 0 0 0 19933 33133 27740 33440 33555 33324 31096 31192 31176 32164 30535 31268 32611 34241 32906 31249 32082 33028
13 3797 50KHz 32028 31435 30691 31393 31706 31369 31180 29251 26666 21286 7932 0 0 0 0 4756 30201 31397 31588 31859 31105 31325 31210 31603 31184 31561 32005 32605 32081 31252 31277 32041
14 3797 50KHz 32249 31745 34031 31718 30499 28890 30317 31456 29626 29859 29840 27547 19468 0 0 0 25383 27245 28542 29659 32369 32544 32567 31669 33467 32765 31440 29743 31000 32582 31610 30721
15 3797 50KHz 29617 32185 20744 32613 38376 46988 38490 31145 38483 34202 27585 20267 29022 0 0 0 0 28002 36543 36911 26067 26483 26960 32286 23386 26893 34081 42625 35740 27816 33086 37256
16 3798 50KHz 32570 30951 39191 30831 26541 21154 26342 31264 25880 28624 32638 36311 29865 31188 22191 0 0 0 0 4663 26102 29910 31663 29343 36214 33792 29150 23177 27887 33746 30362 27150
17 3798 50KHz 31680 32247 32852 32271 31772 31890 31549 31723 31724 32076 32166 32362 32959 31744 28919 28280 0 0 0 0 12031 22693 27632 30078 31417 31412 31516 31180 31497 32314 32499 31710
18 3798 50KHz 31734 32371 32259 32394 32288 32817 32113 31883 32305 32403 32180 32093 33139 31968 29896 33211 0 0 0 0 0 7497 21870 28266 30300 31052 31751 31998 31931 32196 32630 32174
19 3798 50KHz 31865 32346 32326 32370 32259 32619 32120 31985 32266 32364 32231 32207 32955 32133 30716 33478 18972 0 0 0 0 0 6083 23792 28794 30601 31600 31903 31922 32180 32506 32140
20 3798 50KHz 32725 32188 32272 32271 32387 31884 32473 32639 32310 32157 32250 32178 31250 31655 32682 29355 29837 13402 0 0 0 0 0 14655 26067 29943 31379 31865 31979 31889 31705 32213
21 3798 50KHz 32707 32182 32402 32265 32304 31750 32382 32616 32226 32125 32289 32290 31328 31789 32827 29421 32074 23558 8594 0 0 0 0 0 17673 27761 30779 31550 31818 31880 31686 32129
22 3798 50KHz 32701 32194 32181 32285 32453 32021 32539 32641 32388 32200 32256 32148 31311 31727 32814 29899 32595 28065 22071 6370 0 0 0 0 0 20426 29440 31402 31722 31698 31645 32233
23 3799 50KHz 32282 32275 32038 32346 32501 32581 32488 32353 32500 32368 32232 32066 32149 31991 32047 32433 30822 30256 28220 23752 13997 0 0 0 0 0 25585 30732 31394 31610 31970 32271
24 3799 50KHz 32902 32047 32382 32175 32250 31370 32396 32769 32147 31983 32259 32269 30723 31636 33500 27960 35601 31505 30214 28764 25903 17032 0 0 0 0 2187 26894 30011 30968 31037 31926
25 3799 50KHz 32562 32069 32510 32204 32142 31499 32220 32560 32074 32048 32303 32397 31357 31914 32980 29371 34351 31510 31008 30625 29995 27806 20467 0 0 0 0 3271 24867 29481 30735 31618
26 3799 50KHz 31999 32192 32266 32330 32324 32383 32290 32265 32335 32345 32312 32297 32453 32249 31996 32719 31332 31686 31768 31653 31444 30871 29545 25932 3825 0 0 0 455 23635 29772 31360
27 3799 50KHz 30921 32136 32051 32388 32338 33187 32160 31799 32445 32592 32301 32263 33844 32686 30660 36590 27530 31378 32049 31972 31913 31598 31448 30797 27223 3090 0 0 0 0 22872 29400
28 3799 50KHz 30237 31406 31916 32143 32157 32361 32144 32100 32230 32303 32261 32289 32692 32281 31640 33330 30621 31622 31899 31917 31983 31841 31709 31383 30132 24768 0 0 0 0 0 22205
29 3800 50KHz 28233 30245 31276 31944 32291 31976 32475 32548 32354 32166 32194 32065 31356 31725 32801 30299 33681 32420 32172 32178 31892 31895 31681 31599 31059 29481 23130 0 0 0 0 0
30 3800 50KHz 17604 27363 29611 31739 32583 33031 32797 32360 32805 32449 32066 31631 31959 31701 32001 33164 30857 32735 32711 32595 31660 31661 31579 31922 31033 30657 29415 21499 0 0 0 0
31 3800 50KHz 21799 0 16797 28397 30785 31736 31641 31600 31915 32065 31977 31982 32754 32145 31156 34189 29625 31619 32005 31992 32113 32030 32126 32141 31872 31486 31023 28572 20238 0 0 0
0 3891 50KHz 0 0 0 21435 28862 29674 31002 31773 31259 31622 32114 32503 31704 32138 32497 29863 34111 31541 31535 31637 32599 32590 32552 32158 32809 32436 31762 30543 29786 27730 18302 17843
1 3891 50KHz 0 0 0 0 26013 30221 31582 31846 32018 32031 32014 31913 31908 31878 32170 32155 31981 32344 32344 32336 32183 32200 32188 32262 32110 32108 32148 31984 31221 30011 27509 0
2 3891 50KHz 0 0 0 0 5755 25998 30986 32101 31584 31545 31951 31963 30079 31336 33905 26892 37300 32844 32154 32228 32222 32368 32115 31989 32380 32487 32167 31869 31779 31139 29694 19594
3 3892 50KHz 22469 0 0 0 0 2238 27332 30183 31129 31539 31707 31706 31787 31852 32188 32196 32105 32382 32374 32355 32270 32284 32280 32323 32238 32261 32321 32318 32100 31888 31679 29215
4 3892 50KHz 29284 26107 5451 0 0 0 2735 23720 28572 30429 31045 31348 32466 32048 31265 34495 29768 31895 32269 32253 32388 32322 32449 32482 32318 32211 32319 32272 32129 32242 32446 31144
5 3892 50KHz 29689 29941 25194 0 0 0 0 0 16287 25967 28559 29517 33219 31863 29679 39750 24465 32122 32947 32794 31916 31785 32090 32631 31446 31576 32500 33298 32423 31970 32950 31861
6 3892 50KHz 31065 31412 30835 26392 360 0 0 0 2800 11808 23192 27644 31071 31481 30870 34476 29525 31479 31967 31981 32409 32327 32476 32402 32391 32196 32192 31996 32030 32393 32617 31681
7 3892 50KHz 31991 31769 32107 30009 23433 0 0 0 0 0 6174 21210 27298 30152 31994 30280 33501 31725 31740 31834 32542 32541 32522 32240 32730 32532 32149 31647 32002 32427 32167 31722
8 3892 50KHz 31538 32037 31705 31114 28546 17668 1564 0 0 0 0 4409 23917 28778 30588 34547 29396 31881 32300 32288 32344 32280 32421 32495 32261 32187 32362 32399 32245 32358 32674 32077
9 3892 50KHz 31817 32037 31628 31499 30325 26169 13986 0 0 0 0 0 12404 25074 30568 33106 30492 32179 32383 32375 32181 32172 32235 32372 32097 32141 32366 32542 32317 32186 32391 32181
10 3893 50KHz 32242 31979 31983 31648 30959 28652 24151 6931 0 0 0 0 0 16504 30398 29950 33278 32193 32107 32173 32217 32269 32215 32194 32281 32319 32271 32219 32229 32156 32008 32075
11 3893 50KHz 32527 31863 31939 31633 31269 29597 28137 21434 3058 0 0 0 0 0 28199 27161 35075 32362 32006 32132 32110 32231 32073 32031 32242 32363 32236 32197 32253 32015 31632 32058
12 3893 50KHz 31824 31855 29667 31701 32537 33166 31192 26542 21336 5249 0 0 0 0 20089 33123 27856 33489 33461 33347 31089 31211 31204 32161 30554 31314 32651 34290 32933 31253 31912 32939
13 3893 50KHz 32048 31438 30717 31393 31694 31307 31193 29272 26617 21234 7588 0 0 0 0 4566 30568 31422 31552 31864 31110 31336 31221 31599 31195 31586 32013 32592 32082 31231 31154 31983
14 3893 50KHz 32193 31789 34051 31787 30579 28993 30275 31447 29691 29902 29883 27623 19739 0 0 0 25680 27223 28638 29639 32374 32521 32533 31668 33444 32721 31387 29690 30969 32531 31699 30767
15 3893 50KHz 29866 32049 20305 32369 38337 47221 39048 31180 38564 34106 27323 19744 28719 0 0 0 0 28701 36523 37349 25899 26424 26984 32310 23197 26978 34502 43341 35972 27792 32350 37043
16 3893 50KHz 32242 30979 39193 30996 26747 21384 26155 31281 25970 28709 32717 36349 30088 31554 23000 0 0 0 0 4034 26025 29818 31508 29254 36149 33667 28856 22950 27901 33630 30700 27292
17 3894 50KHz 31664 32258 32854 32291 31792 31925 31550 31726 31726 32072 32170 32356 32998 31774 28904 28482 0 0 0 0 12025 22699 27619 30088 31417 31408 31504 31159 31482 32299 32523 31683
18 3894 50KHz 31767 32359 32263 32390 32291 32779 32131 31903 32294 32382 32181 32094 33086 31943 29955 33128 0 0 0 0 0 7452 21903 28272 30315 31077 31762 31997 31928 32195 32586 32133
19 3894 50KHz 31859 32338 32322 32372 32256 32631 32129 31982 32268 32360 32231 32206 32979 32144 30713 33631 19004 0 0 0 0 0 6427 23842 28816 30611 31621 31914 31932 32195 32507 32108
20 3894 50KHz 32696 32179 32268 32270 32388 31882 32456 32637 32310 32157 32256 32182 31250 31659 32697 29314 29948 13479 0 0 0 0 0 14714 26091 29959 31387 31862 31995 31906 31694 32199
21 3894 50KHz 32668 32178 32401 32266 32306 31759 32364 32609 32229 32134 32292 32303 31340 31806 32821 29426 32036 23602 8778 0 0 0 0 0 17705 27774 30783 31528 31819 31898 31699 32117
22 3894 50KHz 32654 32186 32175 32286 32449 32038 32527 32631 32393 32213 32257 32148 31373 31734 32785 29978 32617 28071 22113 6710 0 0 0 0 0 20422 29434 31413 31745 31720 31650 32213
23 3895 50KHz 32269 32264 32035 32343 32497 32571 32493 32350 32495 32364 32230 32066 32154 31984 32035 32471 30815 30260 28208 23750 14037 0 0 0 0 0 25594 30732 31418 31637 31950 32236
24 3895 50KHz 32837 32037 32373 32177 32248 31363 32372 32761 32151 31999 32259 32273 30742 31651 33498 27958 35632 31513 30243 28775 25918 17055 0 0 0 0 2102 26849 30047 31001 31043 31901
25 3895 50KHz 32484 32044 32481 32199 32143 31511 32199 32551 32078 32060 32304 32386 31392 31934 32959 29433 34314 31523 31036 30630 30004 27815 20444 0 0 0 0 3138 24948 29565 30763 31566
26 3895 50KHz 31921 32149 32224 32320 32320 32410 32293 32248 32339 32349 32308 32292 32525 32260 31954 32850 31170 31683 31775 31660 31442 30859 29519 25885 3609 0 0 0 452 23699 29770 31270
27 3895 50KHz 30796 32032 31976 32350 32328 33200 32180 31784 32439 32582 32292 32257 33878 32672 30610 36785 27355 31349 32041 31977 31902 31580 31447 30775 27145 2760 0 0 0 0 22651 29167
28 3895 50KHz 29943 31189 31803 32074 32112 32330 32131 32081 32204 32286 32252 32293 32707 32284 31584 33399 30565 31599 31904 31926 32002 31858 31733 31396 30164 24867 0 0 0 0 0 21651
29 3895 50KHz 27867 29963 31124 31861 32234 31936 32444 32525 32327 32152 32180 32058 31363 31715 32763 30341 33692 32401 32170 32192 31894 31914 31706 31621 31096 29581 23209 0 0 0 0 0
30 3896 50KHz 17702 27121 29481 31643 32513 32910 32805 32376 32762 32407 32044 31611 31837 31623 32096 32849 31084 32735 32659 32591 31636 31672 31582 31896 31047 30691 29416 21240 0 0 0 0
31 3896 50KHz 21740 0 16781 28383 30763 31653 31623 31606 31878 32029 31966 31977 32688 32073 31185 33988 29765 31583 31961 31947 32094 32014 32104 32098 31845 31430 30918 28292 19701 0 0 0
0 3896 50KHz 0 0 0 21422 28868 29677 31004 31800 31254 31622 32115 32501 31718 32135 32492 29827 34122 31545 31530 31650 32597 32584 32545 32159 32807 32435 31761 30552 29783 27732 18275 17826
1 3896 50KHz 0 0 0 0 26038 30226 31588 31841 32016 32031 32015 31914 31856 31878 32176 32129 32053 32352 32345 32334 32188 32202 32188 32259 32111 32110 32149 31979 31224 30015 27500 0
2 3896 50KHz 0 0 0 0 5738 26001 30980 32096 31580 31544 31949 31961 30088 31326 33902 26916 37292 32844 32158 32229 32222 32366 32121 31994 32380 32487 32168 31889 31781 31142 29698 19591
3 3896 50KHz 22463 0 0 0 0 2306 27308 30169 31120 31537 31708 31703 31787 31851 32168 32218 32109 32381 32375 32365 32272 32284 32281 32331 32239 32261 32321 32309 32096 31892 31684 29229
4 3896 50KHz 29290 26116 5488 0 0 0 2788 23711 28565 30424 31042 31349 32463 32047 31262 34447 29758 31891 32269 32251 32383 32322 32449 32481 32319 32211 32319 32272 32128 32235 32450 31151
5 3897 50KHz 29695 29941 25193 0 0 0 0 0 16257 25953 28552 29512 33210 31865 29674 39746 24452 32114 32951 32791 31916 31781 32087 32632 31447 31577 32501 33297 32421 31971 32947 31865
6 3897 50KHz 31063 31407 30833 26408 392 0 0 0 2797 11930 23189 27645 31084 31486 30863 34472 29460 31478 31969 31985 32405 32319 32481 32405 32388 32194 32192 31995 32032 32388 32635 31685
7 3897 50KHz 31990 31764 32112 30020 23438 0 0 0 0 0 6217 21217 27312 30158 32015 30288 33532 31709 31739 31840 32542 32542 32527 32247 32727 32532 32144 31637 32007 32429 32164 31727
8 3897 50KHz 31539 32036 31701 31107 28534 17614 1438 0 0 0 0 4380 23913 28774 30596 34442 29411 31877 32296 32298 32340 32278 32417 32488 32256 32186 32361 32396 32242 32363 32672 32075
9 3897 50KHz 31819 32036 31631 31500 30349 26169 13975 0 0 0 0 0 12418 25080 30580 33142 30593 32180 32383 32382 32178 32172 32229 32370 32094 32141 32368 32544 32308 32182 32423 32181
10 3897 50KHz 32246 31979 31982 31652 30959 28572 24159 6941 0 0 0 0 0 16515 30413 29972 33204 32183 32105 32164 32216 32268 32216 32192 32282 32318 32270 32220 32229 32156 31999 32077
11 3897 50KHz 32547 31862 31937 31633 31271 29605 28132 21451 3073 0 0 0 0 0 28209 27164 35044 32328 32005 32127 32111 32229 32070 32032 32242 32362 32235 32198 32254 32014 31631 32061
12 3898 50KHz 31823 31853 29660 31704 32533 33185 31201 26548 21340 5303 0 0 0 0 20145 32997 27815 33478 33479 33350 31090 31206 31201 32161 30556 31312 32664 34295 32922 31255 31919 32932
13 3898 50KHz 32061 31437 30721 31389 31698 31296 31194 29290 26624 21236 7718 0 0 0 0 4690 30446 31418 31549 31862 31106 31332 31218 31599 31202 31584 32015 32594 32078 31228 31155 31980
14 3898 50KHz 32196 31797 34046 31778 30576 28988 30276 31455 29684 29915 29883 27610 19691 0 0 0 25621 27277 28640 29640 32370 32522 32523 31665 33441 32718 31378 29700 30973 32522 31716 30772
15 3898 50KHz 29895 32017 20326 32422 38336 47316 39034 31171 38542 34106 27293 19744 28720 0 0 0 0 28745 36527 37360 25894 26421 27012 32336 23191 26949 34513 43288 36004 27804 32445 37038
16 3898 50KHz 32359 31015 39206 30951 26721 21269 26134 31282 25976 28700 32725 36393 29836 31599 23105 0 0 0 0 4155 26024 29755 31456 29280 36138 33680 28909 22995 27816 33587 30670 27282
17 3898 50KHz 31676 32261 32862 32289 31792 31921 31552 31715 31736 32074 32170 32364 33005 31766 28901 28491 0 0 0 0 12042 22706 27635 30084 31415 31433 31506 31165 31477 32311 32520 31681
18 3898 50KHz 31817 32359 32265 32390 32290 32781 32133 31906 32294 32381 32181 32094 33076 31957 30004 33122 0 0 0 0 0 7425 21899 28272 30309 31034 31762 31995 31926 32198 32604 32138
19 3899 50KHz 31851 32334 32324 32377 32258 32636 32126 31978 32271 32359 32229 32206 32962 32144 30687 33374 19005 0 0 0 0 0 6328 23837 28810 30610 31613 31911 31934 32196 32508 32107
20 3899 50KHz 32691 32181 32271 32270 32382 31911 32461 32641 32317 32163 32255 32183 31252 31657 32663 29321 29930 13490 0 0 0 0 0 14718 26076 29948 31380 31858 31995 31906 31695 32200
21 3899 50KHz 32728 32183 32393 32267 32305 31767 32355 32609 32230 32136 32292 32289 31351 31804 32817 29346 32091 23598 8740 0 0 0 0 0 17666 27751 30784 31526 31838 31899 31697 32116
22 3899 50KHz 32650 32190 32172 32286 32447 32042 32554 32629 32393 32214 32256 32155 31379 31743 32775 29972 32596 28059 22093 6685 0 0 0 0 0 20374 29417 31402 31745 31728 31657 32213
23 3899 50KHz 32269 32264 32033 32343 32500 32578 32492 32354 32498 32370 32229 32067 32140 31945 32035 32435 30811 30257 28200 23735 14025 0 0 0 0 0 25535 30711 31418 31637 31963 32235
24 3899 50KHz 32819 32036 32374 32176 32248 31401 32372 32760 32151 32000 32260 32272 30747 31650 33470 27971 35624 31509 30230 28793 25903 17012 0 0 0 0 2059 26810 30047 31006 31043 31900
25 3900 50KHz 32481 32045 32488 32199 32143 31512 32204 32549 32077 32060 32304 32400 31394 31931 32960 29368 34339 31521 31032 30631 30012 27802 20418 0 0 0 0 3067 24985 29570 30769 31565
26 3900 50KHz 31919 32148 32225 32318 32320 32404 32293 32226 32337 32347 32307 32292 32499 32256 31963 32851 31213 31682 31804 31658 31442 30855 29516 25869 3543 0 0 0 459 23693 29772 31270
27 3900 50KHz 30795 32029 31974 32350 32318 33200 32183 31784 32441 32578 32290 32255 33862 32698 30606 36761 27355 31354 32041 31977 31900 31582 31433 30769 27140 2783 0 0 0 0 22637 29161
28 3900 50KHz 29923 31184 31802 32073 32111 32323 32129 32087 32203 32281 32252 32294 32694 32282 31612 33345 30614 31609 31902 31921 32001 31862 31737 31383 30162 24809 0 0 0 0 0 21674
29 3900 50KHz 27868 29959 31118 31858 32232 31942 32452 32523 32328 32152 32178 32058 31366 31713 32760 30402 33649 32403 32171 32191 31905 31914 31709 31621 31086 29542 23134 0 0 0 0 0
30 3900 50KHz 17687 27105 29475 31635 32509 32909 32799 32401 32762 32406 32041 31612 31821 31621 32089 32877 31169 32736 32660 32590 31648 31661 31583 31895 31035 30677 29406 21254 0 0 0 0
31 3900 50KHz 21735 0 16766 28368 30748 31649 31620 31600 31868 32027 31966 31973 32701 32101 31181 34002 29713 31579 31957 31947 32096 32015 32101 32094 31843 31424 30897 28324 19725 0 0 0
0 3901 50KHz 0 0 0 21435 28855 29695 30994 31794 31265 31623 32114 32494 31726 32141 32505 29860 34109 31540 31529 31637 32599 32586 32555 32161 32809 32434 31736 30552 29787 27720 18260 17825
1 3901 50KHz 0 0 0 0 26019 30220 31583 31824 32015 32030 32013 31912 31889 31879 32175 32161 32225 32356 32354 32335 32186 32201 32187 32259 32110 32107 32150 31986 31217 29996 27503 0
2 3901 50KHz 0 0 0 0 5713 25999 30982 32099 31587 31553 31950 31962 30078 31333 33902 26888 37302 32856 32156 32230 32222 32363 32112 31993 32380 32489 32162 31890 31785 31137 29741 19556
3 3901 50KHz 22476 0 0 0 0 2246 27338 30184 31126 31548 31710 31668 31784 31876 32208 32196 32162 32384 32367 32365 32270 32285 32286 32322 32239 32262 32327 32317 32100 31883 31687 29247
4 3901 50KHz 29278 26087 5702 0 0 0 2780 23719 28570 30429 31045 31350 32459 32051 31272 34443 29774 31895 32270 32263 32387 32328 32449 32481 32298 32213 32322 32271 32129 32248 32447 31140
5 3901 50KHz 29683 29928 25199 0 0 0 0 0 16274 25963 28559 29520 33214 31865 29672 39787 24585 32111 32947 32795 31913 31786 32092 32632 31440 31574 32522 33297 32410 31986 32966 31856
6 3901 50KHz 31069 31406 30833 26405 299 0 0 0 2800 11981 23203 27651 31087 31482 30843 34411 29662 31446 31972 31988 32415 32319 32479 32404 32387 32197 32191 31997 32033 32387 32651 31677
7 3902 50KHz 31990 31759 32101 30016 23398 0 0 0 0 0 6256 21196 27279 30162 31988 30321 33561 31711 31742 31837 32544 32545 32519 32222 32728 32535 32133 31646 32010 32427 32158 31722
8 3902 50KHz 31526 32034 31697 31106 28543 17632 1444 0 0 0 0 4360 23933 28780 30561 34602 29349 31870 32297 32281 32338 32274 32417 32490 32266 32181 32363 32400 32246 32356 32681 32073
9 3902 50KHz 31810 32033 31621 31494 30325 26165 13982 0 0 0 0 0 12426 25075 30554 33187 30502 32175 32384 32377 32171 32167 32233 32371 32089 32137 32372 32542 32306 32181 32384 32178
10 3902 50KHz 32239 31979 31977 31644 30962 28649 24156 6971 0 0 0 0 0 16508 30390 29998 32987 32190 32107 32171 32212 32265 32214 32193 32278 32317 32267 32222 32231 32155 31999 32073
11 3902 50KHz 32541 31880 31931 31628 31266 29605 28142 21446 3083 0 0 0 0 0 28196 27178 35044 32328 32009 32128 32108 32227 32070 32028 32238 32357 32235 32195 32253 32011 31633 32058
12 3902 50KHz 31809 31838 29634 31712 32549 33202 31207 26520 21340 5327 0 0 0 0 20109 33199 27798 33484 33508 33345 31073 31197 31205 32148 30533 31294 32686 34319 32920 31244 31895 32935
13 3902 50KHz 32044 31436 30699 31385 31704 31329 31201 29275 26631 21236 7548 0 0 0 0 4795 30511 31431 31572 31867 31097 31328 31217 31601 31186 31573 32024 32606 32082 31223 31168 31980
14 3903 50KHz 32177 31798 34054 31768 30564 28983 30262 31460 29667 29918 29875 27599 19688 0 0 0 25680 27219 28595 29665 32376 32522 32518 31672 33447 32722 31352 29703 30973 32528 31714 30762
15 3903 50KHz 29849 31995 20146 32463 38439 47452 39124 31133 38633 34130 27246 19647 28583 0 0 0 0 28858 36773 37252 25816 26371 27006 32318 23083 26862 34612 43340 36023 27755 32373 37077
16 3903 50KHz 32349 31065 39262 30923 26678 21260 26108 31307 25960 28671 32752 36406 29974 31623 23047 0 0 0 0 4287 26055 29829 31455 29302 36170 33698 28832 22998 27839 33609 30768 27265
17 3903 50KHz 31660 32262 32861 32291 31789 31926 31547 31711 31724 32075 32170 32361 33036 31781 28870 28565 0 0 0 0 12098 22700 27629 30084 31414 31407 31501 31170 31483 32297 32529 31677
18 3903 50KHz 31761 32360 32258 32391 32291 32805 32128 31892 32298 32383 32178 32089 33117 31957 29914 33254 0 0 0 0 0 7565 21905 28276 30304 31064 31764 32005 31931 32196 32603 32133
19 3903 50KHz 31855 32338 32317 32368 32259 32643 32129 31976 32269 32362 32229 32202 32980 32139 30685 33611 18945 0 0 0 0 0 6405 23838 28808 30607 31613 31922 31932 32193 32513 32105
20 3903 50KHz 32696 32180 32271 32269 32386 31882 32459 32628 32310 32157 32252 32187 31258 31658 32695 29338 29921 13472 0 0 0 0 0 14722 26079 29952 31387 31865 31990 31903 31698 32199
21 3904 50KHz 32664 32180 32391 32264 32305 31766 32364 32606 32229 32135 32290 32289 31333 31807 32809 29506 32070 23616 8812 0 0 0 0 0 17702 27758 30782 31533 31845 31900 31697 32116
22 3904 50KHz 32655 32186 32167 32283 32441 32046 32527 32628 32391 32216 32255 32141 31364 31740 32780 29980 32559 28063 22079 6636 0 0 0 0 0 20427 29445 31429 31748 31721 31652 32214
23 3904 50KHz 32265 32263 32025 32342 32498 32584 32494 32347 32496 32369 32225 32061 32158 31985 32029 32515 30778 30259 28217 23769 14044 0 0 0 0 0 25626 30757 31421 31634 31955 32239
24 3904 50KHz 32839 32037 32362 32175 32249 31381 32366 32752 32149 32004 32259 32267 30749 31649 33492 27969 35610 31508 30238 28786 25959 17087 0 0 0 0 2246 26883 30055 30995 31045 31894
25 3904 50KHz 32474 32043 32482 32201 32145 31520 32198 32540 32078 32063 32302 32395 31384 31932 32945 29443 34297 31511 31031 30638 30009 27819 20476 0 0 0 0 3176 24912 29551 30755 31558
26 3904 50KHz 31900 32152 32213 32320 32319 32436 32291 32233 32343 32356 32303 32286 32533 32261 31904 32972 31062 31671 31778 31662 31445 30863 29529 25926 3625 0 0 0 449 23612 29759 31262
27 3905 50KHz 30775 32035 31971 32353 32321 33210 32181 31776 32441 32582 32289 32251 33900 32693 30578 36873 27232 31349 32054 31981 31903 31580 31462 30790 27164 2888 0 0 0 0 22641 29172
28 3905 50KHz 29943 31188 31800 32074 32112 32329 32116 32083 32203 32280 32250 32287 32710 32281 31597 33416 30584 31615 31901 31922 32004 31859 31735 31397 30163 24779 0 0 0 0 0 21670
29 3905 50KHz 27866 29962 31118 31860 32233 31946 32441 32512 32331 32152 32175 32052 31301 31710 32751 30348 33661 32399 32174 32190 31899 31913 31704 31617 31077 29528 23107 0 0 0 0 0
30 3905 50KHz 17702 27117 29475 31642 32515 32921 32804 32373 32766 32408 32038 31604 31827 31611 32073 32893 31076 32743 32669 32583 31640 31657 31561 31892 31021 30658 29386 21284 0 0 0 0
31 3905 50KHz 21757 0 16795 28384 30760 31650 31621 31599 31878 32031 31964 31972 32701 32074 31275 34076 29645 31581 31960 31950 32090 32010 32099 32102 31835 31413 30903 28321 19649 0 0 0
0 3905 50KHz 0 0 0 21434 28862 29680 30988 31795 31252 31621 32114 32507 31741 32139 32477 29885 34110 31537 31523 31643 32603 32583 32552 32158 32810 32433 31736 30552 29803 27744 18292 17813
1 3905 50KHz 0 0 0 0 26030 30230 31587 31841 32016 32031 32013 31910 31900 31889 32161 32162 32023 32325 32347 32335 32186 32199 32185 32260 32105 32102 32149 31989 31223 30013 27520 0
2 3906 50KHz 0 0 0 0 5846 26007 30985 32101 31580 31542 31948 31958 30084 31332 33927 26883 37296 32845 32156 32232 32220 32364 32111 31991 32378 32483 32162 31893 31779 31140 29702 19640
3 3906 50KHz 22444 0 0 0 0 2197 27299 30166 31123 31537 31705 31699 31803 31853 32165 32443 32072 32376 32377 32364 32269 32279 32280 32333 32234 32254 32322 32318 32098 31891 31689 29219
4 3906 50KHz 29266 26109 5459 0 0 0 2721 23663 28560 30426 31039 31341 32476 32052 31236 34576 29630 31888 32268 32252 32389 32315 32448 32483 32310 32205 32321 32277 32130 32245 32463 31146
5 3906 50KHz 29668 29925 25172 0 0 0 0 0 16251 25951 28545 29508 33226 31875 29637 39865 24342 32109 32976 32770 31905 31776 32087 32634 31432 31561 32520 33301 32416 31970 32966 31871
6 3906 50KHz 31049 31413 30822 26386 61 0 0 0 2839 11978 23194 27638 31106 31490 30835 34552 29408 31459 31965 31989 32405 32316 32478 32389 32382 32191 32189 31998 32029 32390 32645 31684
7 3906 50KHz 31989 31767 32113 30002 23395 0 0 0 0 0 6121 21207 27308 30156 31985 30175 33558 31706 31718 31835 32543 32543 32521 32239 32728 32536 32134 31643 32005 32425 32164 31723
8 3906 50KHz 31527 32037 31695 31112 28530 17631 1478 0 0 0 0 4363 23947 28786 30566 34604 29087 31871 32301 32282 32337 32274 32418 32497 32254 32184 32364 32417 32243 32360 32666 32075
9 3907 50KHz 31812 32033 31619 31496 30317 26080 13971 0 0 0 0 0 12435 25087 30554 33213 30453 32173 32390 32371 32175 32166 32241 32370 32086 32134 32373 32544 32308 32182 32396 32170
10 3907 50KHz 32239 31979 31980 31647 30958 28646 24203 6943 0 0 0 0 0 16519 30421 29993 33184 32191 32104 32175 32214 32265 32213 32214 32278 32316 32269 32222 32230 32152 32007 32072
11 3907 50KHz 32543 31860 31932 31627 31268 29610 28141 21461 3089 0 0 0 0 0 28212 27198 35026 32329 32006 32132 32107 32227 32071 31998 32235 32357 32237 32201 32252 32011 31642 32061
12 3907 50KHz 31811 31844 29643 31703 32545 33183 31218 26525 21375 5339 0 0 0 0 20091 33168 27835 33486 33527 33313 31070 31193 31198 32160 30530 31305 32693 34306 32916 31241 31912 32936
13 3907 50KHz 32042 31436 30698 31393 31702 31333 31204 29278 26624 21244 7511 0 0 0 0 4847 30596 31418 31574 31851 31099 31329 31213 31598 31187 31574 32029 32610 32078 31222 31172 31984
14 3907 50KHz 32181 31789 34045 31783 30564 28996 30255 31462 29670 29916 29902 27614 19753 0 0 0 25748 27196 28556 29684 32377 32524 32531 31672 33445 32723 31351 29680 30988 32535 31715 30761
15 3907 50KHz 29862 32002 20182 32397 38438 47482 39171 31170 38637 34098 27241 19649 28735 0 0 0 0 28850 36874 37191 25810 26342 26938 32306 23067 26882 34687 43462 35944 27747 32322 37089
16 3908 50KHz 32336 31029 39225 30981 26695 21366 26073 31323 25969 28699 32756 36385 29914 31619 22865 0 0 0 0 4548 26061 29836 31531 29302 36178 33668 28788 22912 27905 33611 30666 27273
17 3908 50KHz 31652 32263 32857 32290 31786 31924 31541 31705 31727 32076 32170 32359 33010 31783 28873 28594 0 0 0 0 12045 22702 27641 30091 31423 31402 31499 31168 31488 32297 32533 31680
18 3908 50KHz 31744 32363 32256 32393 32293 32816 32125 31883 32300 32386 32177 32088 33140 32020 29888 33314 0 0 0 0 0 7616 21919 28285 30305 31060 31765 32015 31932 32199 32636 32134
19 3908 50KHz 31858 32335 32320 32367 32258 32665 32127 31989 32265 32355 32228 32203 32955 32131 30735 33535 19057 0 0 0 0 0 6398 23837 28809 30608 31611 31917 31933 32191 32495 32086
20 3908 50KHz 32695 32178 32264 32269 32386 31886 32453 32633 32310 32157 32252 32176 31253 31652 32691 29393 29879 13494 0 0 0 0 0 14760 26085 29951 31384 31863 32000 31904 31698 32200
21 3908 50KHz 32660 32179 32392 32265 32305 31768 32365 32584 32229 32137 32290 32286 31318 31802 32806 29522 32073 23605 8698 0 0 0 0 0 17706 27764 30784 31534 31848 31898 31699 32118
22 3908 50KHz 32646 32186 32168 32285 32450 32050 32529 32627 32391 32214 32255 32143 31360 31748 32770 30003 32554 28070 22120 6858 0 0 0 0 0 20413 29433 31427 31748 31724 31661 32214
23 3909 50KHz 32270 32264 32026 32343 32498 32595 32495 32345 32497 32367 32227 32061 32162 31988 32061 32510 30776 30258 28220 23748 14036 0 0 0 0 0 25604 30754 31424 31637 31956 32232
24 3909 50KHz 32840 32036 32369 32174 32249 31384 32356 32760 32150 32003 32260 32267 30748 31651 33490 27748 35610 31507 30233 28768 25914 17055 0 0 0 0 2168 26874 30054 30997 31044 31896
25 3909 50KHz 32477 32042 32485 32198 32142 31518 32198 32517 32077 32062 32303 32395 31400 31929 32951 29434 34338 31514 31030 30632 30003 27809 20438 0 0 0 0 3147 24913 29542 30753 31561
26 3909 50KHz 31901 32150 32215 32319 32321 32430 32292 32238 32332 32355 32306 32287 32528 32262 31918 32946 31092 31675 31781 31657 31441 30857 29533 25913 3531 0 0 0 432 23609 29762 31262
27 3909 50KHz 30792 32033 31974 32354 32322 33214 32180 31775 32439 32580 32290 32252 33888 32686 30581 36846 27296 31355 32044 31975 31905 31581 31471 30751 27158 2824 0 0 0 0 22652 29172
28 3909 50KHz 29931 31187 31798 32073 32111 32334 32130 32078 32204 32282 32250 32289 32712 32284 31592 33544 30541 31602 31907 31923 32002 31860 31737 31403 30166 24802 0 0 0 0 0 21681
29 3910 50KHz 27859 29957 31115 31857 32237 31951 32451 32520 32330 32154 32176 32052 31376 31716 32744 30382 33730 32399 32178 32188 31901 31908 31707 31623 31084 29542 23127 0 0 0 0 0
30 3910 50KHz 17695 27109 29471 31641 32516 32922 32806 32369 32769 32408 32038 31605 31821 31631 32069 32916 31114 32755 32681 32575 31639 31659 31586 31894 31023 30666 29380 21259 0 0 0 0
31 3910 50KHz 21755 0 16781 28372 30759 31669 31615 31597 31878 32013 31964 31971 32713 32108 31146 34055 29686 31591 31966 31949 32091 32009 32099 32090 31836 31413 30909 28325 19692 0 0 0
0 3910 50KHz 0 0 0 21441 28866 29679 30998 31799 31253 31623 32113 32500 31722 32133 32481 29870 34118 31537 31513 31655 32602 32584 32545 32161 32807 32437 31740 30555 29795 27726 18274 17780
1 3910 50KHz 0 0 0 0 26044 30232 31588 31844 32013 32029 32012 31911 31912 31878 32169 32160 32047 32352 32347 32332 32184 32196 32187 32258 32104 32101 32147 31985 31218 30005 27496 0
2 3910 50KHz 0 0 0 0 5650 26020 30992 32111 31582 31549 31949 31957 30081 31335 33904 26875 37297 32856 32154 32233 32220 32363 32113 31997 32377 32482 32159 31892 31782 31132 29691 19599
3 3910 50KHz 22462 0 0 0 0 2210 27311 30164 31120 31536 31710 31699 31803 31853 32166 32309 32055 32376 32378 32360 32267 32279 32280 32336 32232 32253 32322 32319 32097 31885 31684 29214
4 3911 50KHz 29276 26123 5473 0 0 0 2745 23695 28559 30425 31038 31332 32485 32053 31238 34574 29736 31887 32271 32252 32383 32317 32448 32483 32311 32206 32319 32277 32126 32260 32449 31146
5 3911 50KHz 29670 29945 25184 0 0 0 0 0 16249 25952 28546 29507 33228 31873 29644 39867 24323 32123 32972 32775 31905 31783 32092 32635 31434 31557 32518 33303 32410 31974 32969 31865
6 3911 50KHz 31047 31395 30823 26420 302 0 0 0 2881 11954 23192 27643 31120 31493 30833 34577 29389 31470 31970 31988 32403 32315 32474 32403 32381 32188 32190 32010 32031 32389 32644 31684
7 3911 50KHz 31994 31770 32106 30006 23395 0 0 0 0 0 6197 21224 27306 30159 31990 30285 33555 31709 31724 31841 32544 32544 32524 32240 32734 32533 32133 31638 32011 32425 32165 31722
8 3911 50KHz 31522 32034 31697 31109 28529 17596 1519 0 0 0 0 4390 23932 28778 30562 34612 29310 31870 32300 32283 32339 32274 32411 32494 32259 32176 32362 32404 32239 32357 32680 32074
9 3911 50KHz 31796 32033 31627 31497 30309 26180 13979 0 0 0 0 0 12440 25085 30561 33448 30513 32170 32386 32368 32176 32169 32230 32371 32088 32137 32373 32541 32305 32181 32395 32180
10 3911 50KHz 32243 31977 31978 31650 30958 28653 24162 7032 0 0 0 0 0 16530 30403 29960 33188 32184 32107 32172 32215 32266 32215 32194 32278 32315 32269 32199 32230 32152 32009 32073
11 3912 50KHz 32544 31862 31943 31632 31269 29609 28143 21474 3095 0 0 0 0 0 28170 27200 35021 32328 31999 32133 32106 32226 32071 32035 32238 32356 32234 32200 32256 32012 31631 32061
12 3912 50KHz 31807 31847 29643 31700 32548 33198 31222 26540 21315 5346 0 0 0 0 20134 33186 27759 33498 33528 33313 31078 31192 31191 32158 30529 31294 32700 34309 32904 31242 31910 32928
13 3912 50KHz 32044 31434 30703 31387 31701 31329 31205 29282 26619 21297 7675 0 0 0 0 5175 30573 31433 31573 31851 31096 31335 31212 31594 31185 31574 32027 32613 32075 31220 31147 31983
14 3912 50KHz 32177 31801 34045 31778 30567 29001 30255 31453 29674 29921 29910 27615 19737 0 0 0 25671 27196 28589 29680 32376 32523 32528 31670 33445 32719 31352 29684 30988 32527 31726 30768
15 3912 50KHz 29791 31981 20169 32424 38435 47511 39202 31095 38637 34124 27212 19618 28787 0 0 0 0 28792 36888 37207 25803 26349 26949 32327 23053 26874 34665 43463 35964 27753 32421 37095
16 3912 50KHz 32301 31024 39231 30922 26698 21248 26057 31283 25943 28700 32748 36429 29935 31635 23087 0 0 0 0 4353 26052 29833 31472 29299 36194 33691 28818 22927 27851 33621 30640 27281
17 3912 50KHz 31664 32262 32857 32288 31803 31927 31543 31709 31729 32077 32170 32362 33028 31800 28871 28614 0 0 0 0 12044 22729 27638 30088 31416 31400 31500 31170 31487 32303 32552 31680
18 3913 50KHz 31742 32361 32257 32391 32289 32785 32126 31884 32296 32389 32179 32089 33131 31961 29898 33284 0 0 0 0 0 7595 21900 28281 30305 31061 31762 32005 31934 32199 32612 32133
19 3913 50KHz 31860 32333 32319 32367 32259 32620 32138 31977 32267 32357 32230 32199 32968 32135 30701 33434 19021 0 0 0 0 0 6411 23851 28802 30606 31613 31915 31932 32191 32502 32106
20 3913 50KHz 32683 32180 32268 32267 32386 31891 32451 32633 32311 32156 32252 32178 31340 31661 32686 29346 29893 13527 0 0 0 0 0 14732 26089 29950 31384 31862 32001 31903 31698 32200
21 3913 50KHz 32665 32181 32392 32267 32300 31770 32364 32608 32232 32137 32290 32288 31354 31763 32799 29470 32064 23599 8648 0 0 0 0 0 17687 27753 30777 31533 31844 31897 31721 32118
22 3913 50KHz 32645 32187 32165 32286 32450 32056 32527 32623 32393 32215 32255 32141 31370 31741 32713 30006 32530 28064 22068 6915 0 0 0 0 0 20411 29432 31428 31748 31724 31659 32203
23 3913 50KHz 32258 32263 32022 32342 32496 32587 32477 32340 32496 32370 32226 32057 32163 31990 32024 32580 30765 30256 28217 23736 14211 0 0 0 0 0 25598 30751 31426 31636 31960 32237
24 3913 50KHz 32834 32036 32370 32174 32250 31383 32370 32755 32150 32000 32259 32268 30736 31650 33491 27965 35623 31507 30231 28770 25922 16931 0 0 0 0 2143 26869 30049 30992 31045 31898
25 3914 50KHz 32475 32043 32489 32198 32142 31517 32198 32551 32076 32061 32301 32395 31396 31937 32953 29436 34323 31515 31032 30632 30004 27831 20463 0 0 0 0 3115 24912 29542 30752 31562
26 3914 50KHz 31866 32148 32216 32317 32321 32427 32292 32238 32340 32354 32305 32287 32519 32266 31929 32946 31094 31672 31781 31653 31438 30855 29517 25910 3536 0 0 0 423 23608 29759 31272
27 3914 50KHz 30781 32031 31971 32351 32321 33213 32176 31773 32439 32580 32288 32252 33885 32686 30586 36737 27304 31360 32052 31976 31904 31581 31459 30774 27151 2789 0 0 0 0 22654 29174
28 3914 50KHz 29935 31184 31796 32071 32110 32332 32128 32058 32204 32282 32250 32290 32717 32283 31591 33448 30624 31599 31903 31922 31999 31860 31735 31397 30164 24782 0 0 0 0 0 21688
29 3914 50KHz 27857 29959 31112 31856 32233 31950 32448 32517 32330 32154 32175 32052 31369 31711 32744 30368 33637 32407 32178 32188 31902 31910 31704 31621 31082 29532 23115 0 0 0 0 0
30 3914 50KHz 17618 27110 29467 31637 32517 32926 32806 32363 32768 32403 32037 31602 31830 31621 32017 32932 31078 32743 32680 32578 31639 31662 31577 31890 31026 30663 29383 21263 0 0 0 0
31 3915 50KHz 21735 0 16779 28365 30750 31659 31613 31596 31875 32017 31963 31971 32709 32107 31167 34100 29680 31582 31959 31948 32092 32010 32102 32099 31856 31417 30910 28331 19723 0 0 0
0 3915 50KHz 0 0 0 21429 28849 29673 30989 31808 31251 31623 32113 32499 31802 32136 32488 29888 34044 31537 31514 31652 32608 32588 32552 32159 32803 32434 31735 30551 29803 27731 18308 17773
1 3915 50KHz 0 0 0 0 26006 30222 31581 31839 32014 32028 32010 31907 31911 31874 32167 32182 32005 32354 32348 32332 32184 32195 32187 32251 32104 32103 32151 31987 31219 29999 27496 0
2 3915 50KHz 0 0 0 0 5694 26017 30987 32108 31582 31550 31950 31958 30078 31330 33902 26889 37279 32845 32153 32233 32218 32364 32111 31994 32368 32480 32159 31891 31787 31134 29703 19622
3 3915 50KHz 22464 0 0 0 0 2203 27353 30188 31131 31542 31710 31704 31794 31851 32174 32222 32224 32379 32375 32362 32267 32279 32278 32333 32234 32257 32322 32318 32099 31887 31694 29218
4 3915 50KHz 29258 26086 5630 0 0 0 2734 23719 28575 30431 31044 31345 32485 32058 31244 34552 29691 31898 32270 32251 32384 32317 32448 32483 32311 32206 32323 32274 32126 32245 32454 31125
5 3915 50KHz 29672 29928 25189 0 0 0 0 0 16277 25965 28553 29513 33225 31872 29648 39847 24343 32117 32987 32759 31905 31777 32081 32632 31433 31569 32528 33311 32398 31967 32964 31858
6 3916 50KHz 31040 31403 30828 26442 303 0 0 0 2853 11975 23227 27645 31122 31495 30821 34613 29372 31468 31968 31996 32403 32313 32474 32383 32378 32188 32190 32009 32032 32387 32657 31681
7 3916 50KHz 31986 31763 32106 30023 23410 0 0 0 0 0 6150 21250 27322 30163 31982 30314 33601 31708 31720 31847 32544 32540 32525 32241 32731 32531 32131 31639 32010 32425 32164 31724
8 3916 50KHz 31518 32032 31694 31121 28530 17573 1429 0 0 0 0 4406 23956 28776 30568 34592 29349 31883 32299 32282 32338 32275 32417 32490 32253 32180 32369 32402 32239 32356 32679 32072
9 3916 50KHz 31809 32039 31626 31496 30325 26156 14017 0 0 0 0 0 12449 25084 30548 33189 30468 32176 32381 32367 32174 32167 32231 32371 32088 32137 32372 32545 32305 32179 32391 32179
10 3916 50KHz 32239 31976 31968 31649 30959 28646 24158 6986 0 0 0 0 0 16514 30386 29990 33193 32188 32106 32164 32214 32265 32215 32191 32275 32316 32269 32223 32232 32153 32004 32072
11 3916 50KHz 32543 31861 31934 31634 31269 29609 28145 21459 3247 0 0 0 0 0 28193 27142 35043 32324 32005 32129 32110 32227 32062 32028 32239 32360 32235 32199 32253 32012 31630 32059
12 3916 50KHz 31814 31846 29647 31709 32548 33210 31219 26527 21323 5497 0 0 0 0 20085 33218 27807 33488 33522 33314 31073 31198 31204 32158 30535 31296 32688 34299 32913 31243 31911 32934
13 3917 50KHz 32058 31441 30704 31394 31706 31322 31209 29278 26625 21233 7632 0 0 0 0 5275 30570 31444 31581 31856 31098 31328 31223 31597 31185 31575 32026 32623 32079 31223 31152 31982
14 3917 50KHz 32191 31804 34055 31769 30563 28990 30254 31470 29672 29898 29888 27590 19698 0 0 0 25727 27217 28600 29674 32376 32517 32523 31672 33444 32723 31356 29701 30985 32522 31715 30766
15 3917 50KHz 29803 31998 20123 32459 38454 47545 39189 31067 38635 34152 27240 19553 28724 0 0 0 0 28821 36857 37255 25792 26366 27000 32327 23040 26855 34652 43422 36006 27764 32426 37096
16 3917 50KHz 32382 31033 39234 30955 26691 21201 26056 31387 25961 28691 32736 36415 30123 31738 23215 0 0 0 0 4427 26072 29808 31445 29292 36183 33644 28822 22953 27855 33637 30667 27268
17 3917 50KHz 31669 32266 32859 32285 31789 31919 31542 31708 31727 32077 32170 32360 33019 31788 28872 28594 0 0 0 0 12066 22706 27625 30088 31412 31399 31502 31169 31486 32299 32529 31677
18 3917 50KHz 31748 32362 32250 32392 32289 32803 32131 31885 32300 32390 32178 32097 33127 31961 29898 33288 0 0 0 0 0 7747 21914 28273 30304 31058 31763 32004 31930 32199 32606 32131
19 3917 50KHz 31858 32336 32319 32361 32259 32621 32130 31979 32263 32359 32230 32204 32918 32135 30699 33535 19021 0 0 0 0 0 6311 23837 28801 30604 31611 31917 31932 32199 32500 32103
20 3918 50KHz 32692 32181 32264 32269 32394 31889 32459 32638 32312 32154 32252 32179 31212 31655 32680 29317 29917 13506 0 0 0 0 0 14728 26054 29946 31384 31863 31999 31904 31671 32198
21 3918 50KHz 32667 32181 32392 32266 32305 31751 32363 32606 32242 32160 32291 32288 31362 31831 32805 29476 32063 23615 8670 0 0 0 0 0 17645 27756 30779 31535 31844 31897 31701 32112
22 3918 50KHz 32648 32187 32164 32286 32450 32049 32531 32626 32394 32215 32253 32139 31368 31747 32764 29991 32522 28058 22109 6741 0 0 0 0 0 20409 29426 31426 31748 31723 31659 32212
23 3918 50KHz 32262 32263 32024 32344 32497 32589 32494 32338 32497 32369 32226 32060 32105 31988 32019 32504 30776 30248 28211 23740 14054 0 0 0 0 0 25594 30743 31422 31633 31955 32234
24 3918 50KHz 32837 32036 32368 32174 32244 31386 32366 32761 32150 31999 32259 32268 30743 31661 33489 27939 35612 31507 30233 28768 25913 17006 0 0 0 0 2123 26869 30052 30993 31040 31896
25 3918 50KHz 32478 32042 32485 32198 32140 31503 32196 32547 32079 32060 32302 32394 31394 31934 32970 29416 34304 31514 31031 30630 30003 27804 20426 0 0 0 0 3157 24908 29530 30750 31544
26 3918 50KHz 31902 32150 32214 32319 32321 32429 32281 32239 32340 32354 32305 32284 32527 32266 31914 32920 31072 31668 31780 31658 31457 30859 29521 25911 3556 0 0 0 443 23591 29753 31258
27 3919 50KHz 30781 32033 31973 32352 32320 33215 32183 31742 32438 32582 32288 32250 33895 32691 30581 36887 27164 31352 32049 31975 31903 31572 31462 30790 27188 2809 0 0 0 0 22642 29163
28 3919 50KHz 29943 31187 31804 32071 32108 32325 32129 32080 32199 32282 32249 32290 32706 32282 31600 33393 30555 31604 31902 31924 31999 31859 31738 31396 30160 24784 0 0 0 0 0 21684
29 3919 50KHz 27897 29959 31115 31857 32234 31964 32448 32518 32329 32153 32175 32052 31370 31713 32738 30368 33630 32396 32177 32189 31902 31908 31702 31628 31080 29519 23089 0 0 0 0 0
30 3919 50KHz 17680 27094 29469 31635 32514 32918 32802 32365 32764 32406 32036 31603 31821 31615 32084 33077 31106 32744 32679 32574 31640 31658 31575 31892 31027 30659 29379 21251 0 0 0 0
31 3919 50KHz 21730 0 16776 28374 30753 31660 31615 31588 31875 32030 31964 31971 32703 32105 31164 34068 29785 31579 31956 31946 32090 32010 32098 32097 31836 31412 30901 28323 19705 0 0 0
0 3919 50KHz 0 0 0 21452 28877 29681 30991 31795 31253 31622 32115 32498 31747 32150 32482 30089 34092 31532 31512 31657 32600 32584 32556 32161 32809 32431 31732 30530 29805 27725 18275 17797
1 3920 50KHz 0 0 0 0 26026 30234 31590 31841 32018 32030 32013 31910 31912 31881 32162 32433 32028 32353 32349 32333 32183 32197 32185 32261 32102 32103 32151 31991 31221 29999 27501 0
2 3920 50KHz 0 0 0 0 5565 26026 30985 32130 31586 31549 31950 31958 30104 31331 33901 26881 37301 32843 32154 32237 32219 32365 32111 31993 32379 32480 32161 31894 31790 31137 29689 19623
3 3920 50KHz 22468 0 0 0 0 2241 27343 30177 31123 31540 31708 31701 31802 31855 32169 32248 32072 32361 32375 32359 32267 32279 32280 32335 32234 32255 32323 32316 32100 31885 31682 29211
4 3920 50KHz 29273 26097 5986 0 0 0 2785 23707 28571 30428 31042 31345 32502 32051 31241 34569 29680 31885 32269 32249 32385 32317 32449 32490 32311 32205 32321 32274 32126 32242 32455 31144
5 3920 50KHz 29675 29935 25173 0 0 0 0 0 16261 25953 28543 29505 33226 31869 29650 39852 24325 32112 32967 32764 31906 31778 32090 32633 31443 31566 32523 33305 32405 31969 32965 31858
6 3920 50KHz 31047 31413 30826 26432 407 0 0 0 2834 11795 23190 27641 31107 31494 30825 34582 29359 31467 31970 31990 32405 32312 32476 32407 32381 32185 32191 32004 32030 32389 32641 31685
7 3920 50KHz 31977 31767 32115 30008 23394 0 0 0 0 0 6117 21213 27304 30153 31997 30238 33576 31732 31722 31840 32545 32543 32526 32238 32733 32537 32131 31635 32006 32427 32163 31715
8 3921 50KHz 31530 32037 31698 31112 28537 17632 1411 0 0 0 0 4486 23951 28786 30563 34598 29331 31873 32294 32283 32339 32276 32407 32489 32255 32183 32364 32408 32240 32358 32682 32073
9 3921 50KHz 31806 32033 31626 31497 30324 26165 13985 0 0 0 0 0 12449 25087 30549 33236 30430 32177 32390 32376 32175 32167 32232 32373 32088 32135 32372 32547 32307 32181 32395 32179
10 3921 50KHz 32242 31980 31978 31649 30959 28639 24145 6894 0 0 0 0 0 16522 30401 29990 33219 32192 32106 32173 32220 32265 32215 32193 32279 32311 32269 32223 32231 32152 32015 32072
11 3921 50KHz 32537 31863 31933 31626 31259 29618 28134 21438 3095 0 0 0 0 0 28218 27166 35049 32331 32005 32130 32106 32226 32072 32027 32238 32359 32237 32201 32252 32009 31633 32060
12 3921 50KHz 31808 31858 29644 31710 32548 33211 31216 26503 21344 5327 0 0 0 0 20086 33242 27724 33494 33522 33322 31073 31207 31201 32162 30533 31298 32691 34314 32916 31243 31915 32935
13 3921 50KHz 32052 31436 30707 31391 31698 31320 31203 29270 26625 21234 7568 0 0 0 0 4978 30585 31435 31574 31854 31097 31327 31214 31596 31187 31575 32024 32609 32079 31220 31151 31980
14 3921 50KHz 32196 31795 34059 31773 30562 28976 30255 31471 29644 29902 29887 27629 19750 0 0 0 25858 27212 28593 29664 32376 32516 32520 31668 33449 32726 31356 29700 30979 32529 31701 30765
15 3922 50KHz 29731 32000 20109 32458 38484 47658 39219 30961 38674 34194 27237 19543 28820 0 0 0 0 28776 36876 37275 25771 26373 26997 32322 23039 26847 34647 43440 36011 27748 32403 37091
16 3922 50KHz 32287 31016 39269 30929 26655 21270 26079 31407 25925 28699 32744 36426 30104 31649 22966 0 0 0 0 4393 26062 29805 31476 29258 36174 33699 28811 22905 27844 33614 30709 27256
17 3922 50KHz 31660 32265 32841 32285 31785 31923 31545 31716 31727 32076 32171 32360 33005 31786 28876 28661 0 0 0 0 12051 22704 27634 30086 31412 31404 31500 31170 31491 32299 32529 31677
18 3922 50KHz 31743 32360 32256 32388 32289 32805 32131 31883 32295 32390 32178 32088 33130 31960 29896 33306 0 0 0 0 0 7626 21908 28274 30302 31061 31763 32007 31932 32200 32604 32139
19 3922 50KHz 31857 32335 32318 32368 32256 32623 32128 31978 32269 32364 32230 32205 32969 32135 30703 33578 19000 0 0 0 0 0 6181 23832 28807 30606 31611 31920 31933 32194 32506 32104
20 3922 50KHz 32696 32178 32262 32268 32386 31885 32461 32626 32312 32157 32248 32177 31247 31659 32687 29316 29905 13489 0 0 0 0 0 14731 26076 29947 31385 31860 32000 31904 31693 32199
21 3922 50KHz 32663 32181 32392 32267 32304 31769 32360 32610 32231 32136 32289 32285 31354 31804 32801 29457 32015 23596 8627 0 0 0 0 0 17695 27764 30781 31517 31835 31897 31698 32116
22 3923 50KHz 32647 32187 32159 32285 32449 32047 32522 32629 32396 32214 32254 32140 31339 31737 32770 29998 32548 28055 22111 6669 0 0 0 0 0 20415 29441 31428 31749 31725 31653 32215
23 3923 50KHz 32267 32262 32026 32343 32500 32582 32495 32340 32496 32367 32226 32061 32158 31981 32025 32493 30768 30255 28209 23748 14035 0 0 0 0 0 25617 30755 31422 31635 31949 32235
24 3923 50KHz 32838 32034 32366 32175 32250 31368 32365 32759 32152 32001 32259 32268 30743 31647 33494 27947 35624 31509 30233 28797 25925 17071 0 0 0 0 2161 26882 30049 30994 31044 31899
25 3923 50KHz 32476 32043 32480 32199 32143 31523 32191 32548 32079 32062 32301 32384 31397 31931 32947 29432 34300 31513 31035 30631 30030 27823 20472 0 0 0 0 3163 24893 29533 30755 31563
26 3923 50KHz 31895 32148 32212 32321 32323 32435 32292 32235 32339 32355 32304 32285 32457 32268 31905 32904 31084 31667 31782 31661 31445 30867 29533 25941 3606 0 0 0 437 23602 29762 31261
27 3923 50KHz 30780 32031 31971 32352 32321 33220 32184 31770 32439 32578 32289 32251 33902 32726 30577 36889 27240 31350 32051 31974 31900 31580 31462 30794 27157 2842 0 0 0 0 22649 29167
28 3923 50KHz 29931 31179 31801 32071 32108 32315 32130 32079 32200 32278 32249 32289 32700 32282 31586 33384 30557 31602 31902 31922 31999 31861 31735 31395 30156 24782 0 0 0 0 0 21698
29 3924 50KHz 27856 29950 31108 31857 32234 31951 32455 32516 32329 32152 32176 32055 31372 31712 32746 30362 33624 32403 32179 32189 31899 31910 31705 31620 31082 29524 23104 0 0 0 0 0
30 3924 50KHz 17709 27096 29455 31635 32515 32919 32807 32381 32766 32406 32036 31602 31837 31617 32070 32843 31098 32744 32678 32577 31640 31662 31577 31891 31020 30661 29386 21270 0 0 0 0
31 3924 50KHz 21742 0 16771 28368 30751 31659 31621 31593 31876 32030 31962 31972 32705 32086 31163 34059 29729 31582 31957 31948 32091 32011 32110 32097 31835 31415 30905 28325 19716 0 0 0
0 3924 50KHz 0 0 0 21439 28860 29663 30992 31800 31255 31622 32114 32499 31740 32140 32511 29893 34099 31536 31520 31644 32599 32583 32550 32157 32806 32431 31736 30552 29798 27716 18305 17812
1 3924 50KHz 0 0 0 0 26039 30235 31590 31829 32019 32032 32014 31911 31908 31881 32163 32178 32013 32351 32348 32334 32184 32200 32186 32259 32105 32102 32151 31986 31217 30009 27476 0
2 3924 50KHz 0 0 0 0 5597 26018 30987 32117 31587 31548 31950 31959 30068 31340 33899 26872 37321 32844 32155 32231 32218 32363 32114 31995 32377 32482 32165 31890 31786 31133 29694 19616
3 3924 50KHz 22455 0 0 0 0 2232 27320 30166 31125 31536 31706 31699 31802 31854 32227 32260 32070 32378 32375 32364 32268 32280 32280 32335 32234 32254 32323 32319 32096 31885 31684 29212
4 3925 50KHz 29270 26108 6018 0 0 0 2758 23701 28563 30427 31041 31345 32484 32054 31240 34554 29703 31883 32273 32252 32384 32318 32449 32482 32310 32205 32319 32276 32127 32248 32458 31140
5 3925 50KHz 29672 29936 25179 0 0 0 0 0 16261 25948 28544 29507 33239 31872 29630 39871 24279 32108 32970 32779 31907 31786 32093 32634 31435 31559 32521 33302 32406 31969 32963 31857
6 3925 50KHz 31044 31407 30820 26394 302 0 0 0 2839 11930 23192 27636 31128 31495 30821 34592 29379 31467 31972 31991 32402 32313 32472 32406 32379 32183 32191 32005 32030 32389 32640 31675
7 3925 50KHz 31998 31768 32114 30007 23392 0 0 0 0 0 6222 21220 27289 30155 32018 30214 33621 31688 31723 31839 32546 32540 32524 32253 32733 32540 32134 31638 32007 32425 32156 31722
8 3925 50KHz 31524 32036 31698 31114 28533 17632 1538 0 0 0 0 4436 23949 28783 30565 34464 29333 31870 32301 32284 32339 32275 32419 32491 32246 32180 32364 32402 32242 32364 32684 32073
9 3925 50KHz 31812 32034 31623 31499 30324 26166 13962 0 0 0 0 0 12444 25082 30550 33263 30479 32175 32388 32372 32176 32168 32233 32372 32087 32127 32372 32551 32306 32183 32390 32179
10 3926 50KHz 32239 31979 31977 31648 30957 28655 24150 6968 0 0 0 0 0 16520 30394 29977 33185 32224 32107 32173 32211 32265 32215 32193 32278 32316 32269 32222 32230 32153 32004 32068
11 3926 50KHz 32545 31860 31930 31628 31267 29600 28111 21452 3094 0 0 0 0 0 28227 27170 35066 32329 32002 32131 32109 32227 32070 32025 32237 32357 32235 32200 32255 32010 31631 32061
12 3926 50KHz 31804 31845 29637 31713 32548 33218 31218 26506 21357 5299 0 0 0 0 20110 33331 27692 33489 33523 33322 31073 31205 31205 32158 30541 31293 32690 34297 32910 31249 31906 32935
13 3926 50KHz 32051 31433 30702 31390 31703 31325 31204 29275 26616 21230 7611 0 0 0 0 5238 30605 31434 31572 31856 31094 31330 31215 31597 31185 31586 32024 32606 32079 31223 31145 31984
14 3926 50KHz 32254 31795 34063 31772 30559 28950 30255 31490 29670 29902 29889 27629 19712 0 0 0 25787 27221 28593 29667 32379 32518 32515 31667 33449 32724 31351 29697 30981 32523 31714 30765
15 3926 50KHz 29790 32033 20069 32433 38484 47667 39232 30957 38693 34160 27212 19551 28824 0 0 0 0 28875 36876 37316 25777 26368 26970 32333 23016 26835 34675 43481 35984 27740 32453 37115
16 3926 50KHz 32375 31017 39290 30944 26659 21164 26022 31385 25913 28661 32757 36455 29902 31689 23180 0 0 0 0 4292 26073 29807 31476 29300 36198 33693 28795 22912 27862 33613 30723 27249
17 3927 50KHz 31658 32263 32861 32287 31787 31923 31544 31708 31717 32078 32170 32365 33024 31780 28873 28593 0 0 0 0 12035 22706 27637 30089 31412 31404 31499 31169 31489 32301 32531 31679
18 3927 50KHz 31746 32361 32257 32394 32290 32811 32130 31882 32298 32372 32177 32089 33128 31957 29893 33294 0 0 0 0 0 7463 21909 28277 30304 31057 31763 32004 31933 32196 32609 32131
19 3927 50KHz 31854 32334 32319 32367 32260 32628 32127 31977 32267 32360 32229 32204 32976 32134 30696 33749 18991 0 0 0 0 0 6280 23844 28806 30607 31614 31920 31933 32192 32510 32106
20 3927 50KHz 32698 32179 32278 32268 32385 31886 32458 32634 32312 32156 32252 32176 31242 31672 32690 29365 30021 13486 0 0 0 0 0 14726 26086 29949 31384 31862 32009 31904 31685 32201
21 3927 50KHz 32661 32182 32393 32271 32304 31770 32361 32611 32231 32137 32289 32288 31355 31804 32802 29461 32079 23587 8672 0 0 0 0 0 17705 27776 30785 31534 31842 31900 31698 32118
22 3927 50KHz 32651 32187 32168 32284 32448 32051 32526 32628 32395 32220 32254 32142 31358 31736 32779 29984 32565 28070 22127 6982 0 0 0 0 0 20430 29440 31429 31748 31722 31658 32216
23 3927 50KHz 32263 32264 32025 32340 32498 32587 32495 32342 32496 32367 32227 32061 32163 31985 32048 32522 30770 30259 28224 23711 14041 0 0 0 0 0 25620 30748 31419 31635 31955 32237
24 3928 50KHz 32838 32037 32372 32174 32248 31383 32363 32766 32148 32001 32258 32282 30743 31647 33413 27873 35691 31508 30239 28776 25935 17069 0 0 0 0 2181 26880 30053 30995 31046 31899
25 3928 50KHz 32475 32045 32480 32199 32143 31523 32194 32543 32076 32062 32302 32395 31436 31936 32948 29431 34270 31519 31030 30631 30009 27820 20481 0 0 0 0 3148 24904 29550 30755 31563
26 3928 50KHz 31903 32152 32213 32319 32326 32432 32292 32236 32341 32356 32304 32287 32529 32261 31910 32963 31080 31668 31756 31659 31442 30861 29523 25912 3640 0 0 0 442 23608 29761 31267
27 3928 50KHz 30777 32035 31975 32353 32322 33206 32187 31765 32439 32582 32288 32251 33896 32689 30575 36861 27247 31351 32050 31984 31902 31576 31450 30787 27166 2820 0 0 0 0 22660 29177
28 3928 50KHz 29945 31187 31803 32071 32108 32326 32128 32081 32201 32280 32249 32297 32701 32280 31601 33413 30559 31604 31900 31920 31983 31861 31733 31395 30163 24793 0 0 0 0 0 21692
29 3928 50KHz 27868 29964 31118 31860 32235 31952 32447 32521 32331 32153 32175 32050 31334 31712 32745 30358 33632 32394 32177 32189 31902 31906 31703 31619 31078 29505 23111 0 0 0 0 0
30 3928 50KHz 17690 27123 29473 31640 32517 32927 32808 32366 32766 32408 32037 31601 31823 31612 32068 32911 31069 32739 32679 32582 31639 31660 31578 31896 31021 30662 29389 21228 0 0 0 0
31 3929 50KHz 21734 0 16809 28368 30750 31664 31619 31595 31874 32031 31964 31971 32703 32114 31241 34054 29962 31579 31959 31952 32090 32011 32101 32098 31837 31415 30906 28326 19781 0 0 0
