
0 68 50KHz 0 0 36471 42133 35994 35014 33482 33203 33505 33437 33193 33467 33047 33530 33487 33052 32979 33174 33233 33213 33098 32970 33079 33329 32885 32992 33305 33882 34769 37330 43746 65535
1 68 50KHz 0 0 0 35843 39621 35481 33734 33310 33295 33272 33198 33310 33293 33380 33241 33245 33110 32949 32979 32981 33054 33027 33085 33129 33050 33072 33159 33192 33654 34688 36508 35708
2 68 50KHz 36067 0 0 0 35052 38926 34255 33424 33532 33482 33240 33559 33307 33586 33280 33149 32884 32755 32921 32929 33105 32999 33147 33295 32874 32873 33117 33077 33226 34109 35089 40506
3 68 50KHz 41415 35770 0 0 0 34756 36731 34394 33536 33372 33397 33355 33824 33366 32871 33580 33250 32509 32576 32574 33069 33168 33218 33002 33320 33237 33112 32399 32809 33278 33319 36264
4 68 50KHz 35749 39507 35098 0 0 0 52892 38469 35943 34583 33939 33828 33502 33613 33411 33163 33094 33136 33109 33094 32969 32920 32952 33059 32900 32929 32996 33207 33153 33257 33518 34030
5 69 50KHz 34893 35523 39243 34862 0 0 0 36146 45848 37919 35743 34057 33927 33193 33369 33286 33726 33928 33360 33296 32565 32842 32448 32209 33219 33277 32746 33305 33280 31796 31229 35847
6 69 50KHz 33417 33768 34301 37016 53296 0 0 0 38667 49613 39818 36955 34950 34626 33919 33163 32984 33188 33227 33210 33040 32897 32998 33273 32757 32809 33027 33390 33191 33478 33975 32575
7 69 50KHz 33102 33274 33344 34362 37760 35625 0 0 0 37615 47850 40118 36329 35152 34030 33135 32909 33111 33170 33152 32978 32815 32923 33224 32647 32695 32955 33355 33124 33448 33944 32280
8 69 50KHz 33333 33205 33399 33505 35500 43872 37880 0 0 0 37167 48980 39813 35988 34181 33355 33311 33432 33201 33165 32749 32780 32662 32701 32850 32892 32800 33253 33141 32623 32592 33599
9 69 50KHz 33289 33189 33387 33349 34376 37360 47678 37581 0 0 0 37288 48129 38472 34617 33737 33471 33249 33036 32995 32824 32904 32792 32705 33037 33039 32861 32948 32983 32574 32428 33777
10 69 50KHz 33074 33135 33170 33402 33803 35433 38948 47765 37308 0 0 0 36638 44290 35871 34095 33386 33024 32977 32944 32988 32959 33003 33034 32966 32953 32968 32898 32924 33093 33290 32965
11 69 50KHz 33341 33218 33487 33291 33721 33950 36614 40446 34430 37499 0 0 0 35528 38459 35022 33962 33268 32953 32885 32868 33047 32903 32625 33297 33256 32904 32633 32850 32391 31981 34288
12 70 50KHz 32965 33255 33285 33881 33444 33896 34880 36682 41047 51024 37098 0 0 0 34458 37882 34365 32722 32739 32673 33327 33321 33479 33349 33334 33234 33212 32281 32620 33463 33551 32796
13 70 50KHz 33465 33359 33601 33395 33603 33197 34596 35489 36746 39667 46559 35967 0 0 0 57120 38263 34192 33443 33217 33198 33343 33175 32827 33526 33466 33081 32640 32942 32595 32135 34438
14 70 50KHz 33489 33251 33305 32914 33457 33481 33957 34245 34536 35086 36563 39610 34637 0 0 0 34452 36313 34568 34066 33352 33313 33123 32987 33243 33274 33089 33420 33375 32810 32567 34043
15 70 50KHz 32978 33268 33159 33737 33142 33357 33099 33110 33521 34019 34398 35579 38570 58041 0 0 0 48638 38247 35532 34906 34352 34314 34030 33656 33523 33537 32638 32933 33924 34171 32515
16 70 50KHz 32971 33173 32916 33398 33115 33849 32990 32927 33484 33677 33556 34221 34579 38365 49605 0 0 0 35492 43788 38136 35980 35196 34635 33680 33507 33578 33305 33273 34099 34553 32104
17 70 50KHz 33169 33024 32763 32675 33170 34006 33223 33181 33577 33404 33148 33383 32843 34186 35903 46514 0 0 0 36736 46296 39478 36504 34938 33738 33520 33439 34129 33723 33549 33831 32684
18 70 50KHz 33142 32975 32887 32656 33073 33385 33160 33147 33250 33105 33019 33034 32810 33417 34258 37191 34933 0 0 0 36707 48302 39813 35791 34327 33782 33356 33705 33443 33118 33167 33167
19 71 50KHz 33111 32943 32933 32567 33035 33343 33113 33103 33191 33045 32955 32950 32707 33200 33806 34879 41158 36039 0 0 0 37560 34293 38382 35342 34177 33431 33682 33395 33077 33097 33119
20 71 50KHz 32956 32954 32820 33234 32866 32522 32887 32865 32681 32783 32936 32919 33274 33133 33190 34471 37047 44399 36485 0 0 0 36545 42740 37119 34924 33649 32837 33002 32967 32788 33342
21 71 50KHz 32862 32965 32742 33331 32846 32806 32792 32728 32748 32903 32945 33086 33290 33295 33199 34076 35410 38739 48106 37756 0 0 0 35588 42123 36583 34214 33036 33105 33402 33385 32844
22 71 50KHz 32958 33010 32732 33545 32866 32423 32863 32823 32608 32779 32971 32953 33447 33158 33042 34092 34858 36270 40061 50896 36959 0 0 0 35768 41970 35375 33157 33214 33220 32958 33389
23 71 50KHz 33232 33075 32945 33329 33004 32161 33149 33169 32633 32699 33017 32688 33361 32844 32934 33898 34495 34913 36157 39508 45134 36100 0 0 0 35479 38287 34045 33695 32882 32204 34351
24 71 50KHz 32858 33070 32758 33514 32891 33307 32744 32620 32926 33143 33027 33427 33376 33575 33266 33617 33616 33746 34577 35936 38131 44075 36204 0 0 0 34597 36783 34801 34730 34540 32350
25 71 50KHz 32963 33092 32830 33369 32923 33353 32785 32683 32976 33141 33016 33370 33264 33504 33281 33483 33432 33488 33897 34425 35350 37121 42864 35507 0 0 0 34478 39227 36152 34936 32681
26 72 50KHz 33232 33146 32955 33313 32962 32796 32955 32910 32824 32918 33000 33019 33255 33125 33081 33475 33482 33361 33396 33519 33878 34436 35650 38401 34552 0 0 0 35534 40113 35113 34039
27 72 50KHz 33877 33248 33510 32100 33252 33348 33422 33459 33354 33033 32990 32712 32403 32718 33372 32729 33294 34145 33795 33793 32992 33191 33296 34081 36509 34406 0 0 0 35505 38147 35911
28 72 50KHz 34605 33634 33407 32692 33142 33320 33149 33130 33186 33054 32974 32944 32711 33004 33329 32938 33184 33655 33487 33476 33091 33174 33277 33702 34593 38864 35350 0 0 0 35310 40213
29 72 50KHz 37227 34670 33830 33547 33165 31681 33320 33386 32485 32496 33042 32414 33467 32566 32710 33763 33956 33390 32990 32953 33052 33453 33284 32912 34675 36240 40498 35623 0 0 0 35480
30 72 50KHz 46212 37392 35620 33474 33531 30686 33872 34040 32267 32177 33215 31902 33793 32026 32414 34217 34688 33746 32970 32909 32858 33563 33004 32092 34798 35386 35708 39959 36378 0 0 0
31 72 50KHz 65535 36545 43131 37462 34524 36717 32823 32391 34184 34356 33278 34760 32949 34853 34382 32735 32142 32858 33546 33598 33739 33078 33783 34835 32425 32799 34523 36601 42361 35965 0 0
0 73 50KHz 0 0 36440 42160 35999 35021 33482 33206 33508 33448 33191 33463 33056 33534 33495 33050 32973 33174 33229 33227 33091 32969 33081 33333 32878 32990 33305 33885 34776 37353 43756 65535
1 73 50KHz 0 0 0 35830 39638 35482 33725 33313 33294 33271 33193 33311 33294 33380 33221 33243 33117 32955 32976 32975 33057 33027 33085 33132 33048 33070 33158 33194 33651 34712 36526 35711
2 73 50KHz 36070 0 0 0 35053 38922 34230 33386 33501 33485 33239 33586 33355 33615 33266 33172 32874 32683 32880 32893 33127 33005 33186 33349 32888 32886 33135 33020 33199 34198 35171 40511
3 73 50KHz 41478 35768 0 0 0 34756 36773 34456 33575 33377 33402 33322 33776 33320 32887 33539 33268 32589 32624 32615 33046 33143 33169 32961 33301 33230 33084 32466 32830 33221 33252 36333
4 73 50KHz 35756 39539 35111 0 0 0 52945 38476 35937 34584 33949 33835 33518 33624 33415 33174 33087 33117 33097 33088 32975 32928 32959 33073 32891 32931 33000 33193 33155 33273 33552 34021
5 73 50KHz 34898 35524 39217 34841 0 0 0 36150 45853 37925 35735 34060 33926 33194 33371 33288 33730 33928 33361 33300 32575 32841 32445 32210 33218 33274 32746 33304 33283 31808 31206 35850
6 73 50KHz 33428 33770 34280 37047 53111 0 0 0 38667 49627 39823 36961 34996 34628 33922 33170 32977 33181 33228 33213 33036 32896 33000 33272 32758 32805 33021 33391 33201 33480 33961 32594
7 74 50KHz 33104 33275 33331 34396 37754 35631 0 0 0 37599 47840 40113 36332 35153 34028 33138 32900 33113 33169 33155 32973 32816 32931 33220 32648 32698 32951 33347 33132 33441 33938 32295
8 74 50KHz 33337 33208 33391 33519 35490 43895 37876 0 0 0 37163 48961 39810 35985 34169 33357 33311 33436 33202 33172 32742 32777 32660 32697 32858 32890 32797 33255 33136 32612 32581 33611
9 74 50KHz 33288 33190 33387 33355 34379 37374 47696 37590 0 0 0 37289 48168 38476 34616 33748 33461 33249 33035 32995 32818 32904 32787 32708 33038 33032 32861 32948 32980 32593 32429 33776
10 74 50KHz 33065 33135 33170 33408 33781 35424 38953 47764 37318 0 0 0 36625 44290 35877 34098 33389 32985 32977 32941 32989 32965 33003 33035 32965 32953 32976 32895 32919 33096 33225 32970
11 74 50KHz 33342 33216 33507 33252 33729 33920 36604 40468 34436 37509 0 0 0 35519 38472 35023 33966 33272 32954 32885 32871 33045 32885 32608 33294 33253 32903 32646 32844 32398 31993 34275
12 74 50KHz 32963 33254 33322 33827 33464 33892 34884 36722 41041 50940 37131 0 0 0 34464 37878 34375 32719 32734 32671 33332 33321 33479 33340 33336 33233 33214 32287 32609 33478 33567 32785
13 74 50KHz 33463 33358 33626 33356 33618 33190 34598 35497 36780 39677 46579 35968 0 0 0 57130 38271 34195 33442 33213 33200 33339 33163 32827 33522 33469 33082 32645 32923 32598 32133 34435
14 75 50KHz 33491 33251 33293 32934 33450 33495 33958 34249 34538 35065 36568 39620 34636 0 0 0 34450 36321 34563 34066 33357 33317 33124 32987 33242 33273 33087 33412 33394 32795 32602 34029
15 75 50KHz 32979 33271 33179 33687 33171 33368 33108 33109 33517 34019 34405 35571 38570 57965 0 0 0 48628 38243 35534 34908 34350 34317 34027 33657 33524 33535 32641 32908 33941 34159 32497
16 75 50KHz 32974 33174 32909 33410 33113 33848 32996 32925 33485 33680 33559 34205 34580 38371 49611 0 0 0 35493 43800 38136 35976 35195 34630 33679 33507 33575 33310 33285 34087 34548 32117
17 75 50KHz 33171 33023 32728 32740 33144 34010 33220 33181 33587 33403 33147 33382 32854 34178 35903 46520 0 0 0 36737 46269 39474 36509 34933 33736 33516 33440 34137 33789 33543 33791 32690
18 75 50KHz 33153 32975 32838 32719 33052 33391 33157 33145 33250 33104 33019 33033 32806 33423 34265 37200 34940 0 0 0 36703 48348 39812 35795 34331 33778 33351 33707 33481 33110 33122 33154
19 75 50KHz 33114 32943 32815 32684 33028 33328 33114 33102 33192 33044 32955 32947 32703 33198 33802 34896 41168 36039 0 0 0 37559 34296 38384 35343 34175 33433 33681 33438 33060 33078 33148
20 75 50KHz 32951 32954 33051 32984 32872 32526 32890 32867 32677 32781 32939 32899 33281 33140 33193 34460 37066 44417 36485 0 0 0 36542 42742 37135 34932 33651 32836 32959 32991 32813 33337
21 76 50KHz 32866 32964 32954 33117 32854 32810 32794 32728 32749 32903 32947 33086 33297 33291 33202 34070 35405 38741 48150 37756 0 0 0 35587 42183 36584 34213 33038 33079 33409 33406 32844
22 76 50KHz 32966 33009 33129 33124 32879 32432 32867 32829 32609 32789 32973 32952 33442 33162 33044 34072 34851 36246 40108 50926 36932 0 0 0 35769 41970 35358 33166 33165 33256 32979 33379
23 76 50KHz 33229 33071 33324 32924 33005 32168 33145 33167 32636 32682 33021 32697 33364 32853 32940 33900 34487 34916 36155 39524 45138 36108 0 0 0 35472 38300 34046 33644 32929 32228 34335
24 76 50KHz 32860 33067 32881 33362 32901 33308 32745 32622 32926 33144 33028 33423 33374 33573 33266 33613 33614 33750 34582 35938 38185 44074 36205 0 0 0 34602 36791 34800 34739 34545 32360
25 76 50KHz 32965 33092 32889 33290 32925 33351 32794 32679 32966 33140 33016 33367 33271 33507 33280 33483 33430 33500 33897 34425 35348 37133 42840 35488 0 0 0 34482 39230 36162 34936 32682
26 76 50KHz 33227 33147 33127 33121 32968 32801 32957 32913 32825 32921 33001 33021 33252 33144 33085 33466 33476 33368 33396 33524 33876 34438 35666 38408 34560 0 0 0 35536 40138 35118 34031
27 76 50KHz 33886 33250 33057 32541 33240 33331 33422 33462 33356 33029 32985 32705 32397 32707 33364 32737 33307 34148 33794 33797 32995 33190 33304 34076 36530 34406 0 0 0 35518 38146 35926
28 77 50KHz 34634 33638 33150 32885 33151 33333 33179 33173 33210 33053 32972 32910 32665 32968 33336 32914 33191 33714 33519 33508 33071 33151 33237 33667 34571 38830 35348 0 0 0 35313 40303
29 77 50KHz 37201 34667 34237 33149 33163 31674 33295 33356 32477 32498 33043 32439 33496 32592 32707 33770 33934 33334 32969 32931 33064 33482 33311 32944 34686 36258 40530 35633 0 0 0 35473
30 77 50KHz 46204 37378 35802 33293 33540 30692 33852 34018 32253 32164 33218 31926 33812 32081 32413 34218 34660 33700 32959 32906 32867 33579 33029 32140 34804 35403 35736 39924 36398 0 0 0
31 77 50KHz 65535 36546 43077 37516 34516 36700 32834 32402 34206 34352 33273 34739 32941 34813 34372 32737 32168 32853 33554 33587 33734 33070 33773 34819 32428 32797 34518 36636 42443 35957 0 0
0 77 50KHz 0 0 36436 42180 36002 35022 33484 33207 33510 33447 33190 33466 33056 33531 33493 33050 32977 33172 33228 33224 33092 32965 33082 33330 32880 32985 33307 33884 34805 37331 43701 65535
1 77 50KHz 0 0 0 35823 39662 35489 33730 33316 33295 33270 33194 33310 33296 33378 33221 33242 33110 32955 32980 32974 33046 33028 33084 33130 33047 33073 33159 33192 33653 34713 36512 35713
2 77 50KHz 36078 0 0 0 35056 38892 34192 33343 33479 33482 33236 33607 33395 33657 33250 33199 32863 32619 32846 32856 33149 33022 33220 33382 32901 32894 33151 32958 33174 34240 35221 40452
3 78 50KHz 41511 35769 0 0 0 34760 36823 34500 33601 33375 33405 33305 33740 33295 32897 33518 33266 32643 32651 32656 33022 33128 33132 32929 33286 33227 33063 32495 32831 33197 33212 36382
4 78 50KHz 35756 39551 35109 0 0 0 52933 38476 35936 34582 33939 33835 33517 33624 33413 33173 33091 33113 33094 33086 32971 32928 32960 33076 32904 32929 33002 33189 33179 33290 33541 34028
5 78 50KHz 34902 35533 39212 34842 0 0 0 36151 45864 37926 35731 34059 33920 33193 33371 33281 33732 33931 33362 33301 32580 32834 32444 32211 33215 33272 32752 33304 33291 31811 31217 35848
6 78 50KHz 33422 33763 34251 37080 53301 0 0 0 38673 49609 39827 36955 34993 34628 33919 33168 32983 33184 33230 33211 33039 32895 32999 33271 32760 32801 33029 33369 33224 33465 33942 32594
7 78 50KHz 33106 33276 33286 34436 37752 35630 0 0 0 37606 47856 40114 36336 35150 34039 33138 32909 33109 33166 33152 32974 32815 32933 33221 32649 32692 32956 33346 33140 33430 33922 32303
8 78 50KHz 33336 33207 33357 33555 35493 43900 37881 0 0 0 37186 49025 39826 35991 34169 33365 33312 33434 33203 33164 32748 32777 32660 32699 32846 32887 32800 33261 33140 32607 32576 33614
9 79 50KHz 33289 33189 33383 33350 34372 37368 47678 37575 0 0 0 37298 48196 38479 34617 33748 33474 33257 33038 32997 32817 32898 32793 32709 33036 33039 32861 32949 32981 32596 32415 33777
10 79 50KHz 33073 33133 33169 33402 33788 35460 38976 47762 37326 0 0 0 36646 44325 35877 34099 33385 33027 32977 32941 32986 32963 32988 33035 32963 32954 32968 32870 32925 33096 33222 32965
11 79 50KHz 33343 33216 33535 33237 33722 33923 36616 40455 34435 37514 0 0 0 35523 38425 35027 33955 33266 32953 32887 32869 33046 32883 32624 33295 33255 32901 32579 32886 32409 32025 34260
12 79 50KHz 32966 33250 33334 33845 33452 33888 34884 36694 41063 51028 37103 0 0 0 34457 37865 34376 32731 32745 32674 33330 33318 33473 33341 33335 33236 33206 32138 32673 33542 33633 32787
13 79 50KHz 33467 33355 33605 33384 33609 33195 34603 35495 36749 39671 46587 35969 0 0 0 57205 38281 34214 33452 33226 33193 33340 33166 32823 33519 33465 33076 32536 32879 32713 32198 34435
14 79 50KHz 33489 33249 33321 32893 33459 33467 33961 34259 34546 35085 36626 39618 34640 0 0 0 34452 36316 34567 34070 33354 33303 33119 32980 33241 33273 33078 33451 33417 32770 32563 34046
15 79 50KHz 32965 33268 33037 33890 33136 33459 33086 33090 33511 34016 34404 35564 38605 58314 0 0 0 48668 38240 35519 34914 34362 34327 34042 33665 33529 33540 32520 32811 34089 34253 32467
16 80 50KHz 32973 33175 32953 33351 33113 33847 32996 32931 33482 33680 33557 34201 34553 38374 49601 0 0 0 35497 43795 38135 35973 35192 34624 33675 33506 33569 33340 33341 34010 34521 32104
17 80 50KHz 33162 33028 32926 32525 33163 34011 33219 33180 33578 33412 33151 33390 32866 34205 35908 46534 0 0 0 36737 46285 39477 36521 34935 33736 33529 33442 34300 33937 33293 33752 32694
18 80 50KHz 33143 32976 32927 32618 33067 33409 33157 33146 33247 33099 33018 33036 32813 33433 34225 37199 34950 0 0 0 36710 48396 39820 35796 34329 33777 33359 33802 33571 32970 33088 33164
19 80 50KHz 33105 32943 32875 32623 33035 33316 33092 33100 33189 33046 32959 32973 32711 33203 33792 34882 41174 36037 0 0 0 37560 34295 38393 35339 34156 33435 33765 33516 32917 33051 33133
20 80 50KHz 32950 32951 33000 33025 32859 32528 32867 32876 32682 32779 32936 32908 33287 33139 33192 34456 37049 44440 36475 0 0 0 36537 42737 37117 34928 33640 32764 32891 33085 32838 33337
21 80 50KHz 32862 32963 32936 33160 32839 32801 32790 32722 32743 32899 32945 33088 33312 33339 33199 34089 35405 38650 48071 37756 0 0 0 35586 42207 36562 34216 32977 33026 33508 33512 32839
22 80 50KHz 32966 33007 33088 33171 32860 32480 32873 32841 32635 32794 32971 32950 33440 33148 33042 34055 34846 36265 40111 50847 36957 0 0 0 35777 41958 35372 33081 33098 33398 33054 33404
23 81 50KHz 33228 33074 33308 32953 32997 32156 33144 33160 32653 32681 33019 32722 33363 32856 32944 33848 34488 34923 36163 39476 45110 36101 0 0 0 35476 38319 33953 33593 33051 32247 34312
24 81 50KHz 32872 33068 32912 33368 32893 33307 32741 32634 32928 33145 33026 33427 33406 33572 33250 33595 33614 33747 34580 35939 38192 44116 36205 0 0 0 34604 36758 34841 34776 34540 32367
25 81 50KHz 32963 33093 32890 33294 32927 33351 32798 32683 32974 33141 33015 33363 33269 33506 33276 33481 33430 33491 33912 34423 35347 37091 42881 35495 0 0 0 34483 39257 36182 34866 32685
26 81 50KHz 33240 33146 33128 33122 32956 32800 32956 32913 32831 32919 33001 33024 33248 33149 33093 33461 33469 33368 33397 33527 33876 34431 35697 38433 34559 0 0 0 35546 40202 35134 34020
27 81 50KHz 33944 33253 33052 32457 33280 33376 33497 33546 33406 33038 32987 32647 32300 32635 33382 32685 33322 34272 33867 33873 32944 33125 33230 33981 36463 34398 0 0 0 35525 38030 36088
28 81 50KHz 34637 33636 33169 32865 33155 33328 33184 33174 33198 33052 32969 32897 32677 32963 33332 32920 33200 33714 33512 33503 33068 33147 33245 33664 34574 38844 35352 0 0 0 35329 40334
29 81 50KHz 37153 34658 34219 33210 33131 31664 33247 33294 32440 32489 33040 32481 33544 32644 32693 33789 33923 33278 32930 32901 33092 33508 33337 32993 34704 36274 40569 35657 0 0 0 35468
30 82 50KHz 46166 37369 35788 33340 33514 30687 33813 33965 32241 32164 33216 31971 33849 32126 32397 34224 34649 33647 32922 32871 32891 33606 33047 32173 34812 35409 35767 39778 36465 0 0 0
31 82 50KHz 65535 36555 43086 37509 34523 36683 32832 32406 34186 34348 33272 34721 32953 34817 34365 32761 32170 32846 33540 33579 33738 33061 33790 34813 32440 32804 34518 36844 42474 35966 0 0
0 124 50KHz 0 0 36440 42151 35949 35015 33469 33181 33486 33452 33184 33498 33070 33545 33473 33064 33040 33155 33238 33231 33104 32970 33121 33350 32902 33021 33352 33944 34828 37527 43864 65535
1 124 50KHz 0 0 0 35835 39673 35479 33718 33317 33275 33256 33185 33307 33287 33369 33196 33258 33131 32947 32978 32975 33053 33020 33092 33132 33057 33096 33180 33214 33720 34832 36631 35737
2 124 50KHz 36094 0 0 0 35066 38912 34186 33314 33445 33470 33229 33611 33424 33660 33213 33226 32868 32600 32817 32830 33161 33036 33244 33382 32924 32909 33164 32948 33187 34308 35299 40558
3 124 50KHz 41508 35794 0 0 0 34768 36854 34528 33614 33357 33401 33289 33708 33265 32893 33489 33266 32675 32669 32673 33004 33129 33088 32902 33269 33221 33056 32507 32957 33130 33242 36442
4 124 50KHz 35709 39566 35120 0 0 0 52970 38477 35917 34586 33934 33837 33522 33625 33396 33179 33092 33093 33085 33079 32972 32922 32974 33072 32906 32928 33006 33196 33145 33326 33586 34039
5 124 50KHz 34902 35530 39232 34850 0 0 0 36147 45834 37932 35735 34062 33923 33187 33368 33269 33725 33939 33365 33308 32586 32839 32444 32230 33197 33265 32768 33326 33271 31867 31229 35827
6 125 50KHz 33399 33755 34253 37114 53079 0 0 0 38648 49700 39854 36965 35009 34625 33906 33183 32997 33180 33219 33201 33037 32880 32998 33267 32759 32803 33024 33398 33151 33535 33937 32626
7 125 50KHz 33081 33264 33272 34440 37738 35631 0 0 0 37649 47962 40157 36359 35166 34006 33149 32919 33111 33158 33145 32972 32797 32939 33265 32652 32688 32952 33371 33081 33497 33917 32327
8 125 50KHz 33317 33193 33341 33513 35479 43862 37860 0 0 0 37174 49010 39797 35990 34175 33352 33315 33416 33174 33169 32753 32771 32680 32689 32839 32883 32808 33250 33093 32727 32599 33600
9 125 50KHz 33297 33177 33377 33320 34381 37370 47744 37629 0 0 0 37332 48176 38467 34619 33743 33480 33265 33038 33005 32805 32895 32777 32701 33031 33037 32862 32950 32987 32541 32449 33799
10 125 50KHz 33067 33130 33163 33397 33788 35457 38968 47905 37319 0 0 0 36647 44319 35875 34097 33381 33024 32972 32935 32985 32965 33017 33030 32963 32952 32965 32881 32922 33095 33227 33000
11 125 50KHz 33354 33218 33517 33243 33729 33928 36622 40507 34436 37524 0 0 0 35519 38456 35006 33934 33255 32947 32880 32874 33058 32871 32644 33280 33253 32909 32621 32866 32383 32060 34218
12 125 50KHz 32983 33258 33369 33770 33463 33881 34889 36723 41052 51086 37104 0 0 0 34460 37823 34352 32733 32749 32668 33323 33334 33444 33329 33327 33241 33192 32262 32678 33412 33590 32806
13 126 50KHz 33486 33354 33641 33317 33611 33195 34602 35510 36760 39666 46600 35977 0 0 0 57123 38222 34198 33444 33215 33197 33350 33144 32833 33509 33469 33081 32622 32979 32555 32189 34417
14 126 50KHz 33467 33225 33248 32941 33436 33483 33942 34236 34530 35088 36572 39649 34644 0 0 0 34452 36288 34545 34045 33364 33317 33132 33007 33240 33271 33107 33401 33373 32880 32655 34036
15 126 50KHz 33022 33292 33236 33655 33164 33354 33108 33126 33525 34007 34403 35581 38573 58103 0 0 0 48638 38266 35536 34887 34351 34277 33978 33654 33523 33504 32638 32965 33833 34142 32587
16 126 50KHz 33017 33195 32911 33394 33120 33846 33011 32948 33486 33684 33553 34175 34553 38366 49614 0 0 0 35502 43813 38112 35956 35174 34592 33671 33499 33547 33330 33266 34033 34491 32236
17 126 50KHz 33156 33014 32650 32785 33130 34018 33208 33171 33565 33423 33140 33380 32857 34196 35876 46483 0 0 0 36730 46274 39444 36544 34943 33744 33506 33451 34156 33669 33646 33761 32730
18 126 50KHz 33143 32973 32811 32731 33051 33351 33154 33142 33234 33108 33014 33030 32811 33418 34215 37213 34947 0 0 0 36705 48345 39835 35809 34342 33771 33365 33710 33418 33153 33136 33127
19 126 50KHz 33112 32944 32790 32709 33022 33330 33118 33096 33182 33052 32949 32938 32703 33197 33801 34887 41157 36030 0 0 0 37551 34294 38400 35356 34171 33441 33690 33371 33098 33089 33165
20 127 50KHz 32971 32962 33066 32961 32868 32528 32889 32864 32686 32775 32937 32903 33297 33139 33200 34437 37037 44407 36483 0 0 0 36525 42757 37192 34935 33648 32829 32992 32966 32826 33327
21 127 50KHz 32865 32973 32977 33120 32839 32802 32778 32706 32744 32898 32946 33102 33315 33343 33200 34065 35385 38720 48102 37746 0 0 0 35587 42213 36596 34214 33015 33089 33391 33461 32819
22 127 50KHz 32998 33022 33167 33070 32882 32409 32889 32853 32630 32769 32974 32942 33421 33148 33038 34023 34839 36282 40109 51051 36945 0 0 0 35783 42004 35384 33202 33233 33159 32925 33513
23 127 50KHz 33251 33083 33342 32886 33005 32190 33114 33165 32654 32672 33020 32712 33347 32863 32963 33846 34458 34882 36171 39550 45041 36100 0 0 0 35484 38357 34055 33703 32882 32265 34276
24 127 50KHz 32885 33079 32916 33341 32896 33285 32751 32615 32922 33137 33025 33405 33372 33559 33258 33606 33615 33747 34591 35939 38152 44150 36208 0 0 0 34621 36813 34796 34672 34489 32439
25 127 50KHz 32988 33109 32905 33282 32920 33342 32794 32672 32967 33147 33014 33362 33273 33510 33272 33478 33423 33479 33892 34417 35349 37126 42931 35504 0 0 0 34493 39278 36123 34977 32747
26 128 50KHz 33282 33176 33142 33112 32974 32824 32956 32909 32837 32920 33001 33028 33238 33146 33085 33439 33452 33368 33396 33525 33869 34439 35642 38476 34578 0 0 0 35563 40154 35149 34037
27 128 50KHz 33922 33273 33052 32562 33231 33328 33422 33457 33340 33033 32978 32698 32398 32701 33346 32752 33307 34132 33777 33787 32983 33164 33332 34086 36532 34409 0 0 0 35548 38253 36031
28 128 50KHz 34669 33698 33197 32988 33126 33306 33117 33096 33155 33057 32970 32953 32754 33033 33311 32976 33174 33581 33421 33420 33117 33179 33337 33734 34620 38875 35381 0 0 0 35347 40276
29 128 50KHz 37420 34799 34279 33126 33243 31752 33370 33445 32559 32494 33051 32416 33392 32548 32791 33665 33911 33492 33050 33011 33015 33453 33174 32894 34605 36206 40519 35679 0 0 0 35487
30 128 50KHz 46368 37528 35823 33379 33596 30780 33858 34027 32317 32163 33227 31987 33788 32125 32489 34157 34604 33741 32982 32932 32882 33623 32975 32212 34747 35387 35797 40043 36429 0 0 0
31 128 50KHz 65535 36573 43259 37506 34538 36654 32872 32431 34159 34353 33285 34678 32982 34815 34340 32844 32284 32896 33543 33594 33712 33036 33825 34742 32516 32866 34526 36724 42323 35956 0 0
0 128 50KHz 0 0 36446 42146 35953 35018 33464 33177 33485 33454 33185 33478 33083 33551 33474 33098 33009 33160 33225 33224 33113 32962 33129 33351 32905 33011 33352 33941 34834 37554 43905 65535
1 129 50KHz 0 0 0 35878 39654 35482 33717 33298 33287 33259 33183 33308 33298 33370 33186 33256 33126 32960 32977 32968 33051 33033 33096 33138 33059 33087 33182 33214 33723 34836 36652 35760
2 129 50KHz 36042 0 0 0 35085 39057 34502 33666 33665 33494 33236 33385 33041 33374 33322 32995 32972 33130 33129 33148 32924 32829 32904 33062 32771 32814 32994 33443 33429 33863 34662 40995
3 129 50KHz 41426 35861 0 0 0 34740 36521 34126 33363 33333 33379 33512 34086 33534 32779 33694 33167 32109 32332 32342 33223 33326 33412 33220 33406 33300 33214 32022 32682 33577 33870 35900
4 129 50KHz 35706 39555 35163 0 0 0 52831 38479 35915 34582 33932 33833 33522 33622 33396 33181 33100 33096 33085 33082 32973 32921 32972 33070 32903 32928 33005 33196 33151 33346 33575 34050
5 129 50KHz 34908 35536 39402 34856 0 0 0 36162 45827 37935 35737 34066 33914 33187 33369 33270 33722 33933 33360 33308 32577 32839 32444 32229 33193 33264 32764 33310 33268 31870 31266 35834
6 129 50KHz 33395 33767 34544 36844 53325 0 0 0 38647 49694 39850 36967 35009 34631 33904 33200 32984 33194 33230 33205 33033 32878 33023 33256 32766 32798 33026 33394 33144 33540 33932 32622
7 129 50KHz 33080 33262 33305 34405 37745 35630 0 0 0 37658 48049 40173 36368 35172 34023 33174 32908 33095 33165 33146 32971 32795 32958 33219 32653 32686 32953 33366 33089 33495 33917 32325
8 130 50KHz 33316 33193 33344 33539 35464 43860 37846 0 0 0 37178 49030 39826 35998 34160 33371 33322 33408 33188 33154 32749 32770 32682 32713 32842 32885 32812 33251 33094 32680 32599 33583
9 130 50KHz 33295 33178 33375 33332 34373 37386 47762 37628 0 0 0 37305 48254 38475 34618 33735 33479 33268 33039 33002 32815 32897 32775 32700 33029 33038 32853 32947 32988 32589 32416 33803
10 130 50KHz 33067 33139 33162 33393 33782 35433 38979 47893 37326 0 0 0 36649 44308 35870 34097 33384 33019 32952 32938 32985 32963 33004 33022 32966 32954 32966 32889 32921 33102 33227 32971
11 130 50KHz 33351 33218 33519 33238 33726 33935 36623 40467 34438 37525 0 0 0 35523 38490 35002 33941 33268 32949 32876 32876 33060 32871 32641 33286 33255 32905 32614 32829 32430 32053 34218
12 130 50KHz 32981 33256 33392 33768 33460 33883 34892 36726 41080 51038 37114 0 0 0 34461 37852 34361 32748 32750 32665 33327 33334 33444 33329 33335 33249 33191 32252 32612 33467 33578 32813
13 130 50KHz 33473 33351 33656 33301 33609 33192 34607 35513 36790 39751 46629 35978 0 0 0 57121 38279 34197 33446 33215 33199 33356 33147 32836 33509 33469 33080 32612 32921 32621 32193 34413
14 130 50KHz 33465 33227 33239 32942 33436 33476 33940 34234 34532 35085 36572 39654 34646 0 0 0 34453 36278 34553 34046 33363 33319 33142 33011 33240 33269 33106 33385 33391 32864 32666 34019
15 131 50KHz 33039 33288 33228 33630 33170 33358 33128 33150 33536 34005 34404 35543 38551 58038 0 0 0 48701 38292 35546 34870 34335 34250 33970 33641 33521 33492 32662 32939 33854 34100 32641
16 131 50KHz 33005 33193 32914 33406 33115 33840 33001 32932 33470 33682 33551 34186 34570 38383 49629 0 0 0 35499 43784 38113 35960 35186 34604 33684 33496 33552 33315 33275 34047 34513 32217
17 131 50KHz 33151 33013 32682 32760 33132 34015 33201 33157 33556 33403 33140 33380 32869 34189 35857 46567 0 0 0 36727 46258 39453 36554 34949 33750 33507 33448 34169 33733 33557 33833 32728
18 131 50KHz 33141 32970 32827 32712 33055 33387 33157 33141 33233 33106 33012 33027 32811 33422 34227 37214 34948 0 0 0 36703 48326 39829 35808 34342 33778 33365 33699 33445 33108 33132 33201
19 131 50KHz 33110 32943 32822 32680 33026 33332 33110 33090 33181 33051 32949 32942 32705 33194 33783 34892 41368 36026 0 0 0 37550 34292 38398 35355 34174 33437 33710 33400 33052 33089 33169
20 131 50KHz 32971 32962 33031 33008 32866 32531 32890 32860 32682 32776 32937 32906 33277 33137 33198 34439 36980 44396 36477 0 0 0 36524 42759 37110 34938 33654 32816 32966 33002 32824 33324
21 131 50KHz 32869 32973 32917 33179 32839 32804 32779 32709 32745 32898 32945 33100 33287 33312 33201 34064 35391 38725 48081 37743 0 0 0 35588 42210 36597 34217 33008 33066 33425 33418 32822
22 132 50KHz 33009 33023 33016 33225 32879 32435 32892 32857 32632 32766 32975 32938 33415 33120 33066 34021 34838 36294 40096 51023 36942 0 0 0 35785 42021 35385 33184 33196 33214 32917 33426
23 132 50KHz 33254 33083 33030 33216 33001 32201 33139 33158 32655 32671 33019 32715 33348 32864 32958 33846 34456 34930 36174 39635 45152 36100 0 0 0 35487 38371 34034 33653 32946 32272 34256
24 132 50KHz 32883 33079 32794 33475 32896 33286 32741 32625 32921 33134 33025 33401 33372 33557 33261 33603 33620 33757 34589 35947 38272 44091 36213 0 0 0 34624 36809 34794 34688 34482 32437
25 132 50KHz 32990 33107 32838 33353 32919 33340 32793 32673 32964 33138 33013 33363 33274 33506 33271 33476 33425 33470 33893 34422 35350 37105 42898 35509 0 0 0 34492 39253 36135 34931 32748
26 132 50KHz 33282 33177 32978 33288 32975 32822 32955 32911 32838 32921 33000 33025 33239 33147 33095 33433 33456 33371 33395 33534 33876 34437 35664 38476 34579 0 0 0 35561 40189 35156 34066
27 132 50KHz 33938 33273 33552 32071 33241 33347 33425 33477 33346 33030 32977 32683 32380 32684 33364 32754 33301 34144 33784 33811 32980 33153 33318 34108 36539 34410 0 0 0 35553 38244 36058
28 133 50KHz 34707 33698 33494 32671 33148 33323 33134 33132 33178 33057 32968 32920 32702 32994 33320 32950 33182 33647 33470 33455 33097 33149 33289 33690 34589 38888 35378 0 0 0 35347 40388
29 133 50KHz 37374 34798 33717 33762 33212 31729 33316 33379 32518 32492 33050 32453 33476 32603 32775 33696 33888 33420 32999 32957 33059 33476 33234 32947 34629 36225 40606 35682 0 0 0 35475
30 133 50KHz 46348 37544 34924 34312 33591 30780 33857 34028 32316 32168 33228 31987 33793 32148 32509 34140 34589 33754 32987 32923 32896 33621 32977 32209 34748 35383 35801 40044 36433 0 0 0
31 133 50KHz 65535 36574 43605 37236 34538 36655 32875 32436 34155 34373 33281 34677 32978 34808 34329 32859 32295 32867 33553 33601 33711 33040 33832 34729 32519 32867 34528 36760 42426 35943 0 0
0 133 50KHz 0 0 36439 42149 35951 35020 33466 33176 33488 33457 33185 33486 33073 33549 33474 33093 33015 33148 33224 33227 33104 32970 33126 33346 32900 33021 33351 33959 34863 37509 43910 65535
1 133 50KHz 0 0 0 35842 39658 35485 33720 33300 33275 33259 33185 33306 33294 33371 33196 33255 33122 32944 32976 32977 33053 33029 33091 33134 33056 33084 33181 33220 33725 34840 36702 35740
2 133 50KHz 36075 0 0 0 35064 38914 34196 33338 33447 33470 33228 33588 33385 33620 33221 33204 32878 32623 32844 32857 33141 33013 33213 33356 32913 32900 33149 32993 33213 34266 35236 40629
3 134 50KHz 41489 35792 0 0 0 34771 36828 34493 33590 33352 33398 33304 33738 33286 32888 33507 33249 32624 32641 32632 33031 33149 33121 32942 33288 33230 33080 32416 32903 33238 33329 36371
4 134 50KHz 35703 39557 35130 0 0 0 52820 38467 35910 34577 33928 33832 33519 33618 33391 33182 33093 33099 33085 33090 32972 32910 32969 33070 32898 32926 33003 33203 33159 33312 33575 34045
5 134 50KHz 34900 35529 39275 34858 0 0 0 36161 45831 37928 35741 34071 33916 33187 33365 33273 33717 33926 33354 33298 32579 32838 32447 32232 33184 33265 32765 33303 33271 31871 31287 35813
6 134 50KHz 33401 33762 34290 37065 52886 0 0 0 38646 49726 39858 36977 35018 34634 33907 33180 32998 33163 33220 33205 33035 32877 33030 33261 32765 32787 33023 33411 33176 33494 33945 32651
7 134 50KHz 33086 33264 33316 34404 37751 35642 0 0 0 37655 48009 40187 36360 35175 34024 33157 32929 33093 33164 33148 32965 32793 32964 33254 32653 32688 32968 33380 33109 33463 33920 32276
8 134 50KHz 33316 33194 33359 33533 35473 43849 37838 0 0 0 37176 49035 39841 35993 34157 33372 33314 33411 33189 33153 32747 32769 32682 32714 32844 32884 32808 33261 33112 32653 32606 33585
9 134 50KHz 33298 33180 33376 33332 34377 37385 47773 37624 0 0 0 37303 48222 38474 34617 33739 33504 33264 33040 32998 32809 32897 32779 32700 33030 33021 32861 32947 32986 32585 32412 33794
10 135 50KHz 33063 33126 33162 33399 33778 35464 38983 47904 37322 0 0 0 36649 44309 35870 34097 33382 33044 32968 32937 32987 32963 33005 33032 32965 32952 32964 32885 32922 33099 33226 33003
11 135 50KHz 33354 33217 33508 33248 33723 33933 36633 40523 34435 37524 0 0 0 35521 38487 35000 33931 33265 32954 32881 32876 33056 32866 32638 33276 33248 32910 32576 32848 32420 32060 34216
12 135 50KHz 32988 33258 33345 33803 33455 33885 34893 36728 41062 51125 37109 0 0 0 34460 37878 34353 32745 32747 32679 33323 33331 33439 33356 33351 33235 33198 32231 32651 33440 33582 32808
13 135 50KHz 33488 33353 33470 33508 33605 33194 34603 35512 36751 39681 46607 35977 0 0 0 57165 38218 34206 33443 33213 33200 33351 33145 32837 33508 33485 33085 32592 32957 32602 32194 34407
14 135 50KHz 33471 33224 33321 32875 33438 33484 33942 34236 34529 35090 36567 39651 34647 0 0 0 34452 36261 34539 34045 33362 33316 33142 33008 33239 33269 33104 33408 33378 32865 32687 34031
15 135 50KHz 33031 33290 33068 33818 33158 33356 33129 33130 33522 34011 34403 35555 38586 57983 0 0 0 48650 38263 35542 34885 34348 34268 33989 33657 33522 33505 32623 32946 33867 34134 32599
16 135 50KHz 33014 33193 32960 33346 33123 33844 33014 32926 33487 33683 33550 34179 34557 38362 49632 0 0 0 35505 43828 38118 35959 35177 34591 33673 33502 33545 33342 33285 34031 34482 32253
17 136 50KHz 33141 33009 32868 32584 33139 34006 33202 33157 33550 33418 33134 33384 32869 34198 35866 46522 0 0 0 36728 46265 39445 36552 34945 33751 33486 33445 34180 33724 33557 33838 32727
18 136 50KHz 33148 32971 32941 32607 33059 33379 33152 33138 33233 33108 33010 33031 32814 33419 34259 37223 34949 0 0 0 36704 48343 39836 35809 34347 33778 33364 33719 33449 33106 33132 33215
19 136 50KHz 33109 32942 32942 32560 33029 33328 33115 33097 33180 33048 32948 32941 32702 33194 33784 34884 41189 36034 0 0 0 37549 34294 38400 35359 34179 33438 33708 33407 33051 33089 33169
20 136 50KHz 32974 32964 32944 33091 32862 32532 32891 32867 32685 32775 32938 32905 33272 33140 33201 34443 37022 44433 36515 0 0 0 36525 42759 37109 34934 33655 32813 32970 32999 32824 33319
21 136 50KHz 32872 32974 32893 33204 32836 32804 32780 32709 32740 32898 32946 33099 33311 33319 33202 34064 35390 38747 48130 37751 0 0 0 35589 42227 36629 34216 33005 33078 33418 33426 32821
22 136 50KHz 33024 33024 33111 33123 32875 32436 32892 32857 32633 32767 32976 32939 33416 33145 33092 34021 34835 36293 40119 51103 36947 0 0 0 35784 42020 35396 33179 33215 33204 32915 33420
23 136 50KHz 33251 33082 33306 32931 32997 32201 33149 33161 32655 32674 33020 32710 33349 32865 32963 33837 34450 34926 36168 39547 45174 36100 0 0 0 35483 38354 34037 33679 32973 32273 34210
24 137 50KHz 32883 33079 32904 33348 32892 33284 32753 32636 32919 33130 33025 33405 33365 33565 33258 33606 33613 33761 34588 35941 38185 44194 36210 0 0 0 34619 36796 34824 34689 34489 32450
25 137 50KHz 32989 33108 32902 33245 32920 33342 32793 32673 32950 33139 33013 33362 33289 33509 33270 33480 33422 33478 33889 34431 35352 37129 42730 35504 0 0 0 34496 39295 36151 34929 32750
26 137 50KHz 33281 33176 33103 33118 32972 32818 32956 32911 32839 32923 33000 33016 33237 33141 33100 33440 33450 33377 33402 33531 33874 34429 35668 38435 34573 0 0 0 35574 40215 35161 34096
27 137 50KHz 33930 33275 33087 32477 33255 33291 33443 33497 33366 33041 32976 32671 32352 32671 33368 32700 33327 34193 33811 33821 32958 33135 33295 34047 36570 34408 0 0 0 35556 38216 36070
28 137 50KHz 34687 33698 33221 32919 33141 33307 33137 33106 33168 33055 32967 32931 32723 33005 33317 32951 33188 33622 33457 33446 33095 33156 33307 33705 34601 38910 35391 0 0 0 35345 40336
29 137 50KHz 37360 34794 34215 33256 33198 31734 33301 33364 32519 32493 33051 32462 33470 32616 32772 33717 33859 33390 32988 32946 33066 33486 33264 32969 34638 36239 40592 35692 0 0 0 35468
30 137 50KHz 46445 37536 35743 33444 33588 30792 33855 34031 32322 32164 33229 31983 33779 32124 32520 34145 34579 33755 32983 32929 32887 33609 32968 32247 34736 35385 35792 39994 36429 0 0 0
31 138 50KHz 65535 36572 43321 37463 34551 36638 32876 32427 34155 34369 33278 34675 32975 34797 34326 32845 32304 32872 33550 33585 33703 33038 33824 34726 32522 32867 34530 36756 42402 35941 0 0
0 138 50KHz 0 0 36445 42143 35952 35016 33467 33198 33486 33457 33183 33475 33042 33547 33472 33094 33015 33153 33226 33225 33110 32974 33128 33348 32903 33009 33351 33962 34864 37495 43835 65535
1 138 50KHz 0 0 0 35849 39668 35486 33718 33301 33271 33257 33184 33304 33304 33371 33195 33255 33125 32922 32975 32974 33051 33030 33091 33135 33057 33086 33175 33215 33727 34842 36646 35743
2 138 50KHz 36083 0 0 0 35073 38935 34227 33367 33473 33472 33229 33575 33367 33604 33226 33189 32885 32668 32874 32876 33123 33004 33196 33331 32905 32894 33139 33028 33226 34249 35208 40646
3 138 50KHz 41511 35803 0 0 0 34766 36805 34473 33580 33351 33400 33313 33758 33300 32883 33513 33240 32604 32629 32642 33035 33154 33133 32956 33290 33232 33082 32400 32885 33272 33334 36363
4 138 50KHz 35714 39567 35125 0 0 0 52809 38483 35914 34580 33931 33831 33517 33616 33396 33175 33095 33101 33091 33091 32967 32918 32967 33066 32901 32925 33001 33215 33163 33295 33568 34060
5 139 50KHz 34910 35540 39366 34857 0 0 0 36159 45829 37931 35732 34067 33901 33188 33366 33268 33727 33922 33354 33303 32576 32837 32446 32236 33194 33267 32771 33309 33270 31860 31287 35812
6 139 50KHz 33398 33752 34513 36868 53281 0 0 0 38642 49734 39851 36968 35010 34634 33907 33183 33001 33176 33228 33202 33033 32879 33023 33259 32765 32802 33022 33387 33180 33477 33938 32639
7 139 50KHz 33076 33259 33430 34292 37733 35627 0 0 0 37675 48051 40186 36376 35176 34023 33151 32924 33093 33162 33151 32971 32809 32960 33214 32654 32689 32951 33388 33116 33448 33923 32325
8 139 50KHz 33314 33191 33434 33459 35466 43835 37839 0 0 0 37178 49047 39821 35993 34159 33358 33321 33408 33184 33155 32739 32769 32679 32713 32841 32887 32810 33265 33109 32641 32619 33586
9 139 50KHz 33291 33180 33378 33351 34378 37380 47797 37648 0 0 0 37302 48088 38472 34617 33738 33475 33262 33038 33001 32809 32897 32780 32697 33029 33038 32864 32943 32984 32590 32413 33796
10 139 50KHz 33066 33120 33162 33403 33784 35447 38967 47931 37320 0 0 0 36650 44300 35876 34100 33382 33014 32974 32935 32985 32962 33002 33031 32966 32954 32966 32880 32918 33096 33238 32977
11 139 50KHz 33355 33218 33284 33477 33723 33939 36623 40526 34436 37527 0 0 0 35520 38486 35004 33936 33267 32948 32875 32876 33056 32867 32642 33279 33250 32907 32600 32854 32430 32052 34209
12 140 50KHz 32985 33259 32979 34176 33452 33884 34894 36730 41076 51121 37110 0 0 0 34461 37883 34351 32739 32749 32666 33326 33330 33443 33329 33315 33241 33192 32230 32645 33460 33583 32806
13 140 50KHz 33490 33355 33343 33627 33603 33194 34602 35513 36766 39712 46602 35977 0 0 0 57088 38245 34203 33440 33213 33201 33355 33144 32840 33508 33469 33077 32593 32945 32617 32200 34410
14 140 50KHz 33466 33224 33292 32895 33440 33465 33941 34236 34533 35086 36545 39663 34644 0 0 0 34452 36277 34544 34047 33362 33316 33139 33010 33239 33270 33107 33377 33384 32858 32662 34021
15 140 50KHz 33027 33288 33162 33731 33155 33354 33116 33127 33522 34009 34405 35568 38583 58156 0 0 0 48657 38271 35534 34885 34345 34270 33992 33664 33524 33500 32618 32934 33878 34134 32591
16 140 50KHz 33016 33192 32930 33372 33124 33847 33018 32952 33500 33684 33549 34176 34551 38355 49622 0 0 0 35506 43825 38121 35956 35171 34599 33679 33499 33543 33349 33289 34018 34462 32255
17 140 50KHz 33150 33010 32724 32720 33141 33997 33204 33158 33560 33432 33137 33383 32863 34187 35854 46524 0 0 0 36730 46268 39464 36553 34943 33747 33509 33451 34183 33728 33539 33822 32726
18 140 50KHz 33142 32969 32832 32708 33060 33382 33153 33140 33234 33106 33013 33029 32813 33422 34229 37240 34947 0 0 0 36709 48413 39842 35810 34341 33774 33363 33725 33448 33092 33133 33198
19 141 50KHz 33109 32943 32800 32697 33029 33331 33108 33092 33183 33050 32948 32943 32705 33197 33784 34881 41127 36035 0 0 0 37559 34297 38406 35356 34173 33438 33709 33380 33046 33027 33165
20 141 50KHz 32968 32961 33045 33003 32863 32541 32888 32861 32690 32774 32937 32906 33277 33138 33202 34442 37030 44369 36490 0 0 0 36539 42777 37132 34930 33648 32809 32972 33005 32827 33313
21 141 50KHz 32871 32972 32958 33137 32836 32810 32781 32712 32742 32894 32945 33098 33310 33311 33200 34068 35382 38731 48215 37750 0 0 0 35589 42225 36591 34215 33001 33081 33414 33414 32826
22 141 50KHz 33004 33022 33138 33095 32876 32445 32893 32858 32634 32767 32975 32936 33416 33142 33068 34033 34830 36295 40126 50989 36943 0 0 0 35783 42014 35378 33163 33222 33198 32908 33422
23 141 50KHz 33249 33082 33297 32922 32998 32198 33138 33163 32656 32674 33019 32720 33347 32868 32962 33854 34448 34934 36176 39552 45146 36103 0 0 0 35485 38356 34033 33708 32934 32276 34260
24 141 50KHz 32882 33078 32908 33364 32893 33286 32752 32624 32912 33135 33025 33404 33370 33559 33257 33610 33612 33777 34584 35942 38191 44090 36218 0 0 0 34622 36806 34801 34677 34473 32437
25 141 50KHz 32984 33105 32901 33293 32919 33345 32790 32670 32970 33147 33012 33363 33276 33507 33273 33483 33421 33476 33885 34414 35353 37127 42902 35509 0 0 0 34494 39264 36134 34939 32749
26 142 50KHz 33279 33172 33133 33120 32970 32824 32956 32912 32837 32919 32999 33023 33235 33147 33099 33435 33447 33374 33405 33522 33870 34429 35665 38481 34566 0 0 0 35565 40183 35156 34060
27 142 50KHz 33939 33273 33084 32519 33250 33322 33427 33479 33350 33030 32974 32686 32371 32679 33353 32728 33326 34154 33792 33800 32971 33151 33314 34072 36530 34416 0 0 0 35550 38236 36059
28 142 50KHz 34677 33698 33219 32963 33136 33304 33123 33096 33155 33056 32965 32944 32742 33017 33311 32964 33183 33599 33440 33426 33105 33170 33329 33724 34610 38882 35362 0 0 0 35348 40322
29 142 50KHz 37393 34800 34105 33341 33213 31746 33327 33401 32530 32487 33054 32443 33435 32595 32779 33691 33878 33435 33006 32974 33048 33461 33220 32945 34614 36210 40548 35692 0 0 0 35478
30 142 50KHz 46381 37546 35095 34127 33584 30789 33857 34038 32333 32162 33235 31981 33776 32125 32510 34143 34574 33770 32986 32926 32894 33592 32959 32204 34733 35379 35795 40032 36426 0 0 0
31 142 50KHz 65535 36575 44031 36886 34558 36641 32881 32432 34151 34373 33274 34670 32983 34795 34345 32849 32311 32871 33561 33571 33694 33045 33822 34715 32528 32864 34526 36788 42343 35942 0 0
0 142 50KHz 0 0 36498 42106 35960 35018 33460 33174 33470 33454 33182 33478 33075 33552 33472 33097 33015 33127 33218 33220 33109 32973 33139 33353 32907 33009 33353 33952 34836 37531 43916 65535
1 143 50KHz 0 0 0 35928 39671 35477 33714 33301 33276 33259 33182 33305 33294 33388 33194 33256 33125 32944 32976 32969 33054 33031 33105 33132 33058 33087 33181 33197 33724 34839 36662 35743
2 143 50KHz 36029 0 0 0 35094 39083 34531 33730 33704 33477 33233 33344 32978 33323 33361 32951 33002 33202 33182 33183 32890 32805 32858 33018 32749 32800 32970 33531 33429 33788 34563 41092
3 143 50KHz 41422 35863 0 0 0 34737 36480 34065 33321 33330 33376 33548 34157 33594 32756 33764 33099 32003 32266 32250 33280 33352 33480 33270 33438 33317 33246 31886 32666 33673 34000 35757
4 143 50KHz 35715 39568 35172 0 0 0 53020 38509 35925 34590 33932 33832 33520 33618 33398 33176 33100 33107 33096 33085 32967 32916 32966 33067 32902 32922 32999 33212 33152 33300 33546 34064
5 143 50KHz 34900 35526 39439 34859 0 0 0 36166 45842 37941 35737 34067 33922 33186 33369 33264 33726 33935 33357 33305 32578 32836 32434 32240 33195 33263 32768 33307 33266 31878 31291 35808
6 143 50KHz 33394 33782 34610 36742 53368 0 0 0 38648 49747 39853 36966 35007 34628 33898 33186 33000 33175 33221 33203 33028 32881 33022 33265 32766 32800 33022 33406 33174 33512 33930 32644
7 144 50KHz 33069 33260 33673 34113 37743 35638 0 0 0 37679 48029 40188 36374 35171 34022 33154 32922 33093 33161 33149 32969 32798 32956 33216 32651 32689 32952 33369 33095 33497 33918 32327
8 144 50KHz 33312 33189 33578 33319 35526 43833 37835 0 0 0 37174 49006 39802 35987 34157 33361 33316 33409 33184 33152 32746 32781 32679 32714 32839 32878 32813 33259 33092 32667 32600 33579
9 144 50KHz 33299 33180 33377 33331 34371 37390 47811 37667 0 0 0 37307 48260 38483 34619 33737 33478 33265 33035 32999 32808 32897 32766 32700 33032 33038 32860 32949 32985 32585 32405 33807
10 144 50KHz 33064 33127 33163 33396 33779 35431 39000 47975 37325 0 0 0 36654 44327 35876 34100 33380 33018 32972 32936 32987 32963 33004 33012 32967 32954 32966 32882 32915 33099 33229 32969
11 144 50KHz 33352 33218 33515 33229 33723 33940 36623 40532 34438 37536 0 0 0 35524 38504 34948 33929 33265 32949 32881 32880 33053 32867 32644 33277 33254 32901 32618 32873 32405 32062 34205
12 144 50KHz 32980 33257 33370 33780 33446 33877 34893 36738 41095 51069 37121 0 0 0 34465 37892 34357 32744 32749 32672 33324 33330 33439 33324 33334 33262 33180 32246 32700 33392 33541 32820
13 144 50KHz 33482 33352 33644 33303 33610 33234 34606 35520 36772 39663 46613 35979 0 0 0 57193 38257 34214 33449 33217 33199 33350 33150 32835 33508 33472 33073 32623 32993 32560 32172 34438
14 145 50KHz 33466 33224 33244 32932 33437 33474 33940 34238 34533 35091 36574 39622 34650 0 0 0 34453 36282 34545 34051 33361 33315 33142 32984 33238 33268 33108 33406 33364 32873 32666 34024
15 145 50KHz 33016 33288 33227 33679 33151 33348 33108 33114 33513 34011 34408 35570 38558 58151 0 0 0 48643 38268 35529 34893 34352 34280 34002 33666 33537 33497 32611 32958 33847 34136 32587
16 145 50KHz 33014 33192 32917 33390 33116 33841 33020 32951 33487 33687 33554 34172 34553 38292 49624 0 0 0 35507 43835 38120 35951 35171 34586 33680 33501 33544 33343 33266 34030 34495 32256
17 145 50KHz 33147 33011 32666 32776 33139 33985 33203 33158 33559 33421 33137 33383 32871 34158 35863 46516 0 0 0 36729 46264 39456 36548 34945 33757 33494 33459 34162 33649 33625 33829 32703
18 145 50KHz 33142 32972 32816 32721 33057 33381 33153 33139 33232 33108 33013 33012 32814 33421 34234 37218 34954 0 0 0 36706 48332 39831 35810 34344 33768 33369 33716 33410 33143 33140 33196
19 145 50KHz 33112 32942 32799 32703 33026 33329 33107 33095 33181 33050 32949 32943 32689 33198 33784 34888 41202 36036 0 0 0 37553 34294 38405 35358 34172 33447 33696 33359 33089 33099 33162
20 145 50KHz 32969 32962 33053 32985 32871 32533 32887 32861 32684 32778 32939 32902 33280 33094 33203 34448 37036 44424 36467 0 0 0 36526 42761 37128 34944 33648 32836 33002 32967 32856 33307
21 146 50KHz 32871 32972 32961 33132 32838 32819 32782 32713 32742 32897 32947 33092 33306 33311 33184 34067 35385 38715 48142 37758 0 0 0 35587 42221 36597 34207 33017 33100 33383 33410 32862
22 146 50KHz 33005 33022 33135 33096 32878 32440 32885 32862 32633 32767 32977 32932 33417 33139 33070 34030 34830 36287 40107 51178 36916 0 0 0 35786 42037 35380 33165 33254 33154 32910 33409
23 146 50KHz 33252 33083 33308 32927 32997 32202 33136 33154 32657 32673 33021 32712 33320 32865 32963 33850 34448 34924 36169 39550 45135 36088 0 0 0 35486 38347 34056 33712 32897 32274 34249
24 146 50KHz 32884 33072 32899 33361 32889 33271 32752 32629 32918 33130 33025 33400 33373 33571 33256 33599 33615 33759 34594 35941 38179 44077 36218 0 0 0 34619 36811 34820 34655 34474 32454
25 146 50KHz 32981 33107 32890 33308 32908 33335 32783 32663 32952 33162 33014 33366 33285 33517 33252 33489 33422 33464 33907 34402 35357 37137 42934 35511 0 0 0 34493 39273 36126 34941 32765
26 146 50KHz 33290 33173 33088 33152 32973 32822 32957 32918 32833 32921 33001 33021 33228 33140 33098 33436 33449 33386 33405 33540 33885 34425 35668 38464 34578 0 0 0 35564 40140 35151 34075
27 146 50KHz 33929 33273 33371 32248 33243 33324 33417 33465 33338 33021 32975 32692 32400 32694 33348 32738 33324 34127 33775 33787 32979 33189 33339 34085 36536 34410 0 0 0 35546 38274 36023
28 147 50KHz 34662 33700 33421 32800 33123 33298 33103 33072 33141 33055 32967 32960 32767 33016 33306 32981 33176 33561 33424 33408 33123 33186 33340 33749 34623 38899 35395 0 0 0 35351 40285
29 147 50KHz 37424 34805 33787 33633 33233 31775 33365 33447 32561 32490 33055 32415 33382 32556 32782 33658 33892 33508 33047 33027 33019 33434 33171 32896 34594 36205 40515 35676 0 0 0 35496
30 147 50KHz 46367 37553 34931 34292 33586 30783 33831 34036 32331 32165 33233 31983 33771 32124 32508 34135 34570 33762 32994 32937 32901 33597 32959 32208 34732 35391 35792 40086 36414 0 0 0
31 147 50KHz 65535 36580 44152 36773 34552 36625 32886 32433 34143 34371 33274 34665 32978 34798 34325 32846 32319 32868 33558 33594 33695 33045 33827 34710 32524 32863 34538 36734 42305 35952 0 0
