
0 96 50KHz 0 0 32413 32567 30233 29873 30645 29443 31706 27699 29323 30466 29240 26708 30453 26055 28464 24313 18787 7252 3589 2986 47955 15333 7307 19287 24601 28247 31099 27346 32582 32631
1 99 50KHz 0 0 0 27274 30509 20611 24922 27069 28059 28851 29179 29564 29498 29138 30287 29632 30395 29906 29634 29423 29538 30858 30959 27481 29648 28037 27570 27577 27094 18614 30693 26976
2 102 50KHz 28329 0 0 0 26407 30182 18246 24637 22170 31132 28210 27197 28906 30358 27291 30781 28513 30187 30262 30982 28858 28337 28724 32786 28617 30127 29330 28302 28247 27639 24199 15070
3 105 50KHz 30793 27705 0 0 0 27701 30972 23253 26190 28322 28827 29317 29574 29258 30462 29983 30575 30275 30214 30070 29937 31031 31149 28898 30244 29430 29107 29700 29522 26128 25756 22481
4 109 50KHz 21368 30670 26307 0 0 0 27933 30865 20807 26351 27202 27716 28868 29187 29196 29962 29924 30106 29920 30041 29717 30434 30607 29474 30072 29534 29503 29532 29848 27065 27504 25357
5 112 50KHz 24968 21380 7625 27059 0 0 0 27313 30318 22142 24537 25659 27550 28524 27987 29761 29100 29904 29785 30125 29229 29699 29971 30367 29596 29727 29548 29432 29760 28227 28366 27005
6 115 50KHz 26561 25354 18771 30786 27540 0 0 0 27460 13850 22405 25345 27406 27886 29251 29481 30125 30000 29932 29947 29937 30942 31091 29077 30486 29733 29755 30225 30430 27986 28925 28288
7 118 50KHz 28832 27655 25557 22748 30866 27261 0 0 0 28112 30809 20124 24638 26771 26695 29420 28154 29860 29943 30503 28792 28981 29320 31933 29113 30382 29727 29743 29644 30573 29430 29086
8 121 50KHz 27620 28076 23621 25255 19690 30143 26844 0 0 0 27904 11874 22356 24741 28220 28399 30331 29573 29487 29418 30438 31868 31992 27616 31390 29520 30140 30678 31263 27121 29663 29235
9 124 50KHz 30295 28974 29897 27686 26225 22478 30917 27838 0 0 0 26294 30234 18917 20383 27377 24486 29071 28921 30271 27107 26734 27284 34101 27636 30520 29559 28821 28904 32028 29789 29326
10 128 50KHz 30069 29786 29229 29043 27852 25775 23590 31009 28459 0 0 0 27437 30545 20460 26522 26307 29099 29095 29971 28703 29197 29593 31651 29610 30493 30224 30062 30315 30552 30306 29995
11 131 50KHz 29537 30019 27976 29358 28047 26309 25784 20757 14022 26560 0 0 0 27308 31044 23854 27033 28310 28827 29376 29615 31012 31337 29332 30936 30268 30404 30957 31132 29264 30324 30301
12 134 50KHz 30023 29813 29421 29480 29015 27942 27593 25054 23127 30406 26719 0 0 0 28255 31040 21397 26447 27233 28728 27740 28900 29436 31051 29482 30262 30006 30087 30266 30362 30188 30052
13 137 50KHz 30437 29542 30839 29174 29485 29063 28294 27489 25775 21429 30487 27096 0 0 0 27109 30030 20887 23358 26927 24082 25499 26436 33471 27055 30137 29105 28806 28790 31917 29632 29433
14 140 50KHz 29705 30750 28102 30624 29509 28580 29557 27248 30379 20506 19956 30949 28246 0 0 0 27956 14721 22323 25942 28053 31207 32080 27557 31806 30116 30857 31577 32043 28495 30898 30845
15 144 50KHz 30705 29956 31195 29925 30193 30132 29740 29935 28290 29950 26796 23995 17400 27042 0 0 0 27531 30449 21638 20903 24540 25980 32820 27136 30017 29297 28940 29121 31714 29958 29733
16 147 50KHz 29919 31063 28330 30849 30145 29318 30432 28155 34408 21914 25802 26290 21082 29839 27243 0 0 0 28302 17273 23962 30359 32154 26537 31968 30088 30904 32056 32293 28663 31002 31301
17 150 50KHz 30513 29816 31013 29903 30135 30178 29918 30292 29168 30430 29001 27955 26503 20549 30721 26915 0 0 0 27815 29977 19772 23364 31761 25812 29263 28707 28549 28864 31427 29760 29577
18 153 50KHz 30265 29887 30476 30087 29988 29980 30018 30164 29656 29618 29052 28636 27507 23654 21383 30402 28047 0 0 0 25634 11427 20486 29725 24940 28487 28389 28446 29105 30650 29821 29600
19 156 50KHz 30641 29930 31247 30178 30326 30488 30256 30913 29816 31057 30267 29633 29422 27997 26212 23181 31270 28547 0 0 0 28705 30855 29704 22971 28099 27947 27908 28648 31364 29816 29548
20 160 50KHz 29807 30038 29380 29992 30009 29663 30213 29230 30523 28167 28786 29449 28067 24561 27433 21250 23061 30161 25413 0 0 0 27454 16805 19153 25537 26677 28382 29253 29484 29550 29848
21 163 50KHz 30135 31290 28864 31171 30706 30100 31194 29277 31662 27711 29113 30702 28935 25475 30619 24346 29382 20059 9052 27893 0 0 0 29217 31367 25709 28290 30652 31517 28618 30822 31302
22 166 50KHz 29667 31158 28137 31100 30422 29720 31095 28764 31636 26736 28535 30788 28458 24033 31565 24303 30678 21529 16567 29972 24688 0 0 0 28981 20424 26121 30063 31596 27149 30921 31440
23 169 50KHz 29054 26302 32184 27322 28368 29439 27915 31578 27243 33575 31187 28539 30760 33865 26278 33013 25652 31879 29425 28617 30766 28308 0 0 0 27969 30096 13920 19011 30850 24991 24598
24 172 50KHz 29117 29967 28725 30114 30134 29733 30578 29144 31101 28240 29331 30580 29342 26761 31323 26771 31281 25783 24238 20958 16278 31074 29024 0 0 0 27586 30980 24503 26148 27993 29128
25 176 50KHz 28349 27894 29805 28784 29128 29424 29373 30202 29364 30478 30130 29796 30088 30139 29427 30018 29412 29513 28441 27684 24624 24572 21309 28380 0 0 0 27715 30815 24573 24631 25870
26 179 50KHz 27556 27709 29197 28581 29333 29434 29585 29628 30056 29746 29939 30011 29889 29046 30345 29240 30331 28959 28353 27451 25869 27463 26069 30479 27409 0 0 0 28287 17698 21632 24739
27 182 50KHz 26257 27807 27970 29355 29351 29331 30177 29531 30443 28937 29622 30594 29841 28399 31197 28514 31622 28371 27949 26840 27380 29897 29039 15601 30770 27185 0 0 0 28286 30957 22591
28 185 50KHz 24235 26754 27547 28743 29441 29396 30132 29145 30890 28788 29706 30585 29795 27980 31619 28363 31793 28402 28409 27372 28031 30755 30268 19425 22414 30467 27098 0 0 0 28586 16741
29 188 50KHz 10178 31125 25603 23724 25285 26737 26554 29572 26477 30893 29495 28128 29611 31502 27017 31381 27424 31271 30272 31149 28560 27323 27518 32062 25335 24468 15087 27894 0 0 0 26701
30 192 50KHz 28379 30805 23413 24756 27089 28017 28633 29119 29598 29667 29875 29872 29935 29355 30412 29727 30510 29839 29712 29434 29016 30280 30375 26707 27634 24970 21265 30938 28916 0 0 0
31 195 50KHz 13144 27243 12462 20761 24465 26408 27877 28640 28991 29147 29420 29792 29742 29062 30281 29416 30748 29548 29333 29000 29241 30740 30739 26080 28634 25930 24267 21865 17243 26764 0 0
0 505 50KHz 0 0 28010 30513 20043 24026 25924 28356 25419 32679 29610 29095 29899 30563 29000 30854 29245 30865 30412 30766 29347 29172 29774 30171 28179 27871 25346 22249 20978 10816 28268 7031
1 509 50KHz 0 0 0 27028 30427 20153 24656 27030 26446 33114 29327 29614 29679 29590 30333 30071 30617 30227 30176 30084 29952 30750 30318 28896 29496 28080 26425 24607 23314 16149 30681 26954
2 512 50KHz 28301 0 0 0 26145 30082 17776 24529 14096 40577 28347 27352 29128 30729 27231 31227 27691 31289 30536 31395 28923 27959 29626 32138 28197 29788 28151 26034 26346 26967 24703 15947
3 515 50KHz 30800 27621 0 0 0 27522 30914 22876 24398 32607 28833 29246 29617 29353 30581 30206 30773 30494 30658 30582 30295 31069 30855 30034 30350 29824 28837 28510 27595 25050 25369 22567
4 518 50KHz 21542 30658 26170 0 0 0 27787 30814 19899 28572 27086 27730 28882 29297 29281 30157 30059 30453 30243 30423 30198 30669 30618 30116 30402 29863 29437 28567 28420 25952 27346 25480
5 521 50KHz 25064 21267 7308 26892 0 0 0 27148 30199 25934 24347 25650 27508 28460 28105 29869 29132 30337 30057 30438 29685 29979 30349 30541 29959 30014 29464 28604 28598 27341 28283 27174
6 525 50KHz 26685 25289 18567 30724 27379 0 0 0 28166 35171 21979 25064 27159 27653 29227 29437 30318 30065 30143 30193 30352 31249 30895 29856 30948 30202 30013 29863 29455 27105 28615 28332
7 528 50KHz 29065 27727 25565 22429 30813 27104 0 0 0 35199 30752 19809 24389 26452 26566 29386 27875 30212 30066 30681 28969 29032 30098 31521 29260 30536 29533 29054 28938 30422 29635 29383
8 531 50KHz 27529 28012 23110 24968 19137 30030 26614 0 0 0 27802 11912 22071 24273 28611 28043 31215 29273 29538 29296 31381 33212 31581 28057 32900 30023 31056 31318 30828 25071 28952 29058
9 534 50KHz 30930 29233 30611 27664 26197 22483 30880 27801 0 0 0 26033 30100 17966 19192 27211 23379 29362 28819 30382 26806 26234 28831 32714 27365 30442 28957 27645 28268 32465 30516 29919
10 537 50KHz 30348 29961 29407 29020 27729 25544 23201 30956 28326 0 0 0 27230 30415 19622 26168 25814 29006 28950 29948 28651 29088 30094 31239 29721 30639 30172 29523 29784 30404 30545 30286
11 540 50KHz 29772 30136 28216 29336 28084 26337 25594 20578 12741 26491 0 0 0 27111 30940 23342 26513 28074 28670 29328 29549 30934 30831 29993 31153 30644 30703 30873 30546 28881 30102 30362
12 544 50KHz 30365 30053 29741 29571 29069 27947 27433 24912 22741 30374 26620 0 0 0 28087 30965 20727 26147 26992 28632 27562 28737 29786 30721 29586 30457 30020 29651 29724 30189 30356 30360
13 547 50KHz 30974 30009 31262 29363 29575 29017 28102 27262 25306 20843 30402 26968 0 0 0 26965 29944 20452 23075 26765 23828 25326 28154 31605 27112 30146 28727 27903 28203 32045 30290 30140
14 550 50KHz 29743 30845 28136 30773 29690 28736 29649 27234 29376 21014 19445 30874 28110 0 0 0 27845 13816 21995 25717 28033 31336 30830 28597 32248 30517 31478 31964 31655 27471 30350 30692
15 553 50KHz 31183 30401 31636 30201 30347 30217 29677 29906 28127 29504 26550 23627 16789 26895 0 0 0 27451 30399 21410 20434 24159 27455 30874 27037 29983 28886 28011 28465 31737 30500 30329
16 556 50KHz 29841 31090 28323 30960 30364 29572 30623 28256 34206 22042 25533 25946 20482 29757 27146 0 0 0 28281 17203 23967 30449 30385 27941 32344 30481 31539 32554 31910 27630 30239 30966
17 560 50KHz 30981 30310 31446 30260 30389 30365 29977 30350 28477 31224 28890 27750 26242 20138 30664 26843 0 0 0 27846 29939 19502 24967 29228 25779 29230 28352 27577 28139 31178 30227 30167
18 563 50KHz 30674 30412 30829 30551 30317 30234 30200 30315 29926 30065 28969 28512 27285 23368 20701 30361 28009 0 0 0 25577 10976 21819 26916 25112 28557 28239 27620 28294 29970 30072 30084
19 566 50KHz 31093 30495 31666 30643 30644 30729 30428 31058 27135 34012 30252 29569 29299 27792 25887 22891 31242 28528 0 0 0 28595 31023 25355 22978 28080 27576 26775 27685 30793 30203 30139
20 569 50KHz 29928 30424 29535 30399 30463 30095 30602 29421 32738 26774 28791 29419 27871 24159 27292 20603 22819 30093 25268 0 0 0 26993 11431 19297 25791 26828 27798 27945 27945 28986 29907
21 572 50KHz 29775 31180 28600 31238 30942 30390 31509 29394 35005 25097 29093 30715 28791 25204 30725 23849 29400 19593 8399 27720 0 0 0 28305 31368 26027 28906 30944 30663 26940 29598 30705
22 576 50KHz 29693 30241 29536 30527 30378 30184 30688 29947 31890 28268 29647 30293 29391 27563 29903 26663 29181 24212 19651 30439 25133 0 0 0 28124 18639 23592 25846 26792 27014 28587 29416
23 579 50KHz 29777 28515 31828 29239 29566 30057 29270 31283 26547 34348 30874 29440 30499 31741 27614 30960 27047 29543 26793 24470 30297 27765 0 0 0 28153 30315 13944 18095 27113 26201 26868
24 582 50KHz 28399 29792 28309 30270 30444 30101 31059 29326 34102 26158 29507 30857 29435 26705 31792 26550 31629 25611 24240 20763 16108 31051 28068 0 0 0 27725 30952 21074 22099 25375 27874
25 585 50KHz 27667 27940 29585 29202 29460 29735 29830 30410 29256 31357 30333 30172 30265 30134 29753 29947 29681 29409 28383 27551 24723 24753 19530 28157 0 0 0 27606 30199 18584 21480 24500
26 588 50KHz 25441 26664 28030 28320 29204 29367 29849 29465 31440 28842 29936 30315 29882 28576 30922 28746 30873 28497 28066 26909 25831 27924 24189 30410 27473 0 0 0 27652 11599 13626 21093
27 592 50KHz 21889 24761 25359 27811 28134 28370 29742 28740 31916 26810 29007 30483 29330 27269 31514 27395 32007 27275 26919 25365 26385 29937 25683 13237 30658 26964 0 0 0 27364 29800 13946
28 595 50KHz 19170 22342 24763 25996 27348 27742 28792 28105 30959 27241 28901 29755 29002 27011 30954 27371 31125 27389 27206 25877 26050 29388 26119 16423 17832 29689 26157 0 0 0 27719 9332
29 598 50KHz 8140 30806 24137 21961 23590 25338 25300 29146 21838 34390 29081 27434 29179 31445 25539 31194 26013 30813 29180 30119 26450 25133 26693 27701 20771 17794 10714 26859 0 0 0 26280
30 601 50KHz 28384 30747 23506 24075 26570 27669 28099 29165 28368 31031 30004 29549 29986 29911 29697 30191 29654 30155 29816 29750 28305 28927 28794 26907 25068 21823 12969 29809 28166 0 0 0
31 605 50KHz 13210 27166 12622 20521 24279 26367 27729 28853 28603 30231 29712 29813 29995 29775 30033 30016 30370 30081 29777 29649 29261 30063 29480 27315 27360 24471 20246 13072 9702 26519 0 0
