
0 16678 50KHz 0 0 29056 30770 7430 25902 14080 24780 23140 28610 26818 25075 26652 29965 23357 32245 25197 26845 26566 30080 30325 24810 28612 27057 29961 29249 29658 25901 26002 23499 29270 9331
1 16681 50KHz 0 0 0 28119 31018 22942 27749 27338 28584 27389 28269 29098 28571 27374 30455 26270 30043 29189 29495 27329 26499 30266 28015 28882 26203 25856 24888 27256 25102 14025 30541 29844
2 16684 50KHz 29413 0 0 0 27175 31067 12409 23682 23530 27590 26676 25902 27086 29406 25593 30051 26980 27593 27530 29301 30824 25601 28726 27773 29578 28603 29507 27461 28204 26870 26063 22389
3 16687 50KHz 31422 28878 0 0 0 27993 29135 18086 19468 26462 25302 23830 25565 28618 22676 32694 24820 27041 26938 30369 27425 27459 28841 27758 29513 29955 29356 27532 27671 30310 26320 24087
4 16691 50KHz 14326 31248 27744 0 0 0 27719 30921 23326 25457 26972 28056 28638 28332 30464 26382 30834 29621 29942 28206 30150 28915 29140 29726 28389 27429 27886 29492 29113 23089 26713 31313
5 16694 50KHz 29660 25377 22235 28599 0 0 0 26803 30093 21430 22414 21858 24746 28450 22513 31296 25756 27042 26927 30279 29860 25769 29036 27681 30157 29695 30206 27778 28789 30303 29049 26303
6 16697 50KHz 19229 28632 17537 29354 27206 0 0 0 29582 19296 26379 29467 29523 28024 33044 26558 31971 31026 31604 28493 28641 32665 29983 31551 28452 28528 27935 31488 30098 24994 27990 34805
7 16700 50KHz 26877 27866 25276 18911 30697 25418 0 0 0 28220 30829 19727 23246 26323 24347 29234 26366 27524 27839 29081 27967 28260 28846 28660 28947 29022 28819 28826 28783 28600 28330 29290
8 16703 50KHz 25366 28926 24972 20163 21966 29762 28709 0 0 0 29017 15029 23432 25982 26510 27436 28244 28450 28868 28774 29166 28790 29195 29451 29014 28737 28830 29591 29423 27375 28789 31010
9 16707 50KHz 30329 27839 28928 28063 24900 22434 31126 28213 0 0 0 26861 30363 20820 16914 29165 22377 24995 25506 29004 27791 25617 28200 27132 29200 29072 29319 27571 28361 29963 28810 27091
10 16710 50KHz 29109 29067 28479 27235 27054 24023 25474 31137 29396 0 0 0 27934 30873 17099 27232 24081 26104 26859 29045 28680 27098 28922 28393 29513 29283 29558 28791 29261 29346 29385 29123
11 16713 50KHz 27416 29819 27588 25340 28011 22663 28611 21353 17074 27005 0 0 0 28266 30750 24351 25148 26925 28046 28842 28428 29135 29393 29556 29348 29372 29261 29848 29675 28713 29285 30929
12 16716 50KHz 28507 29225 28405 26774 28450 25439 28625 24498 24319 30608 27384 0 0 0 27771 31280 20452 24415 26288 28347 27419 28119 28852 28694 29121 29240 29150 29131 29188 29204 29089 29833
13 16719 50KHz 31135 28263 30376 29756 28312 29501 27323 27767 27189 23857 31030 28307 0 0 0 28576 30124 18164 22128 27401 24124 26537 27682 26773 28530 29212 28792 27569 27971 30758 28337 27041
14 16723 50KHz 25757 30973 27173 23669 30587 22741 32730 25266 27230 18591 16659 30572 27343 0 0 0 29234 20752 27505 27646 27329 32210 30043 31356 29139 29720 28919 31500 30274 28306 29223 33237
15 16726 50KHz 32705 27120 30555 33310 26085 31924 25679 30055 28044 30792 28377 25641 21568 28878 0 0 0 25982 29881 21405 21970 18054 25187 22978 28290 27619 29114 24921 27202 29752 28885 24140
16 16729 50KHz 27810 30866 28799 26548 31135 26941 31735 27852 29310 24902 25297 25871 22094 30297 29227 0 0 0 29212 20276 22888 29067 28751 29780 28909 29591 29052 30724 30098 29290 29503 32158
17 16732 50KHz 28435 29725 28658 27826 29487 27418 30459 28231 28906 26310 26412 26896 24882 18450 31336 25118 0 0 0 28690 30703 21903 26039 26647 28004 28286 28677 28744 29095 28691 29181 29985
18 16736 50KHz 27970 29869 28388 27451 29658 26951 31032 28270 29089 26382 26815 27714 26299 21959 26134 29666 28043 0 0 0 28093 16919 24283 25885 27494 28003 28419 28864 29109 28404 29143 30336
19 16739 50KHz 30769 27738 29782 30663 27619 30469 27356 29389 28853 29720 29130 28667 28541 28024 26770 22606 31163 28328 0 0 0 27527 30798 18043 24988 26104 27229 25073 26889 29105 28058 25946
20 16742 50KHz 31191 26690 31417 28010 29639 30749 26942 28568 29430 29311 29381 28496 28011 24927 26599 24219 21562 30818 28459 0 0 0 28699 14733 21048 27065 24455 25974 24835 32259 24547 25931
21 16745 50KHz 26484 30871 26660 27968 28958 25581 32751 28728 29159 26313 26985 28934 28127 26581 31656 18222 28027 21655 17283 27453 0 0 0 27966 31463 23254 27859 27166 29797 25435 30925 31144
22 16748 50KHz 29364 28292 29155 28993 28558 28945 29019 29021 29184 28725 28803 29053 28802 27852 29342 25831 27631 25841 24446 30872 28151 0 0 0 29698 19929 23898 24364 26229 28312 27603 27293
23 16752 50KHz 27434 28971 27868 27279 29070 26750 30995 28448 29224 27037 27720 28898 28195 26069 30685 21892 28410 25521 24944 16418 30536 26136 0 0 0 28890 31103 21253 25505 26322 27542 28601
24 16755 50KHz 29786 25881 29297 28862 27021 29493 26601 28500 28424 29091 28853 28482 28531 28107 27998 28418 27332 27298 26965 25133 19998 31140 29312 0 0 0 28234 30328 19191 26804 23797 23350
25 16758 50KHz 29370 25987 28608 29625 26289 29186 27087 28868 28408 29189 28821 28770 28912 29207 28815 28038 28458 27904 27792 26622 27396 22032 20279 29133 0 0 0 26633 30557 23172 23336 22373
26 16761 50KHz 29718 25642 29571 29105 27196 29870 26789 28880 28763 29613 29345 28902 29058 28925 28407 29765 28197 28666 28563 28163 25317 27628 25042 31413 28870 0 0 0 28608 21517 20404 21842
27 16765 50KHz 26408 27980 27846 27244 29295 27214 31249 28922 29687 27820 28516 29535 28967 27250 31148 24649 30041 28461 28768 25150 26391 26289 24443 21794 30474 26035 0 0 0 29285 31156 24085
28 16768 50KHz 25463 25029 27857 26561 28115 27695 28869 28247 28914 28016 28460 28786 28467 27055 29395 26581 28823 28373 28553 26552 24302 28900 25786 25433 19563 30372 27509 0 0 0 28504 15649
29 16771 50KHz 21861 30999 25915 28731 20881 28858 22704 27918 26567 29422 28293 27657 28434 30409 27072 29722 27857 27958 27842 29025 32270 24469 28284 26730 27979 24088 21688 29169 0 0 0 26981
30 16774 50KHz 29490 30825 25781 25036 25700 28026 26632 28012 28451 28700 28806 28592 28644 27927 28562 28969 28451 28851 28950 28366 24851 30511 27872 28057 25244 24328 20356 31120 28674 0 0 0
31 16778 50KHz 20407 30099 22183 22772 31880 25170 35981 29322 31301 26958 28727 30735 29552 25980 33386 22509 31938 29572 30107 25130 25898 30379 26794 28218 23204 21349 19659 21721 12262 25505 0 0
0 24006 50KHz 0 0 29045 30771 7003 24517 11616 24459 24089 29973 28089 26007 27272 30761 23361 33220 25078 26518 26295 29857 29761 23824 28023 27144 30491 29732 29862 25816 25788 23456 29277 9359
1 24009 50KHz 0 0 0 28095 31018 22964 27336 26865 28187 26785 27951 29108 28590 27155 30999 25918 30589 29713 29931 27760 27126 30937 28198 28410 25549 25440 24772 27264 25121 13979 30524 29812
2 24012 50KHz 29376 0 0 0 27146 30966 11291 22729 23752 28061 27356 26651 27610 29811 26064 30380 27276 27726 27653 29292 30669 25449 28460 27767 29675 28767 29569 27500 28092 26720 25862 22250
3 24016 50KHz 31388 28811 0 0 0 27892 28820 14878 19313 27137 26492 25201 26520 29234 23596 33146 25395 27226 27167 30132 26777 27343 28282 27795 29692 30351 29434 27654 27519 30162 26011 23963
4 24019 50KHz 13417 31214 27626 0 0 0 27593 30684 20693 24034 26122 27884 28521 27679 31329 25433 31664 30279 30574 28431 30423 30279 29478 29611 27579 26866 27507 29657 29121 22839 26492 31483
5 24022 50KHz 28363 25264 21111 28400 0 0 0 26384 29668 18991 21997 22298 25170 28449 23540 30770 26829 27429 27425 30012 29293 26175 28670 27944 30062 29810 30049 28164 28739 29679 28617 26802
6 24025 50KHz 18177 28086 15778 28982 26919 0 0 0 29327 18730 24278 27818 28492 27084 32643 25912 31635 31117 31713 28619 28821 33534 30301 31204 27523 27711 27363 31302 29957 24670 27698 34819
7 24028 50KHz 26425 27347 24265 15315 30371 24797 0 0 0 28066 30598 17576 22379 26079 23493 29364 25848 27155 27592 28961 27861 27700 28481 28354 28877 28979 28840 28709 28669 28440 28146 28949
8 24032 50KHz 25995 28481 24999 19575 18809 29199 28341 0 0 0 28957 14360 22835 25893 25543 27765 27584 28056 28486 28828 29320 28232 28989 28946 28909 28620 28945 29268 29297 27677 28849 30213
9 24035 50KHz 31236 27252 29123 28259 23242 19909 30889 28122 0 0 0 26774 30329 21068 16308 29820 21982 24541 25195 28871 27711 24499 27452 26620 29590 29581 29928 27549 28378 30409 28911 26090
10 24038 50KHz 29921 28775 28864 27925 26118 23299 23685 30961 29388 0 0 0 27914 30888 16991 27473 24066 25960 26805 29003 28760 26634 28511 28024 29635 29525 29952 28844 29351 29724 29577 28503
11 24041 50KHz 28044 29818 28092 26323 27729 22702 26980 19751 15716 26942 0 0 0 28269 30762 24202 25328 26936 28105 28825 28659 29101 29257 29244 29180 29275 29397 29873 29798 28942 29552 30661
12 24045 50KHz 28958 29223 28748 27456 28223 25524 27628 23660 23862 30576 27336 0 0 0 27778 31264 20650 24377 26369 28284 27510 27998 28567 28387 29012 29280 29348 29309 29369 29422 29325 29701
13 24048 50KHz 31646 28073 30559 30046 27601 29216 26673 27748 27325 24113 31034 28300 0 0 0 28558 30148 17917 22186 27319 24110 25886 26989 26367 28785 29778 29428 28076 28359 31213 28641 26840
14 24051 50KHz 25671 31427 27505 24464 31452 23693 32417 24422 26331 17843 16316 30561 27313 0 0 0 29257 20862 27588 27622 27709 32545 30236 31072 28484 28976 28481 31356 30325 28049 29452 33639
15 24054 50KHz 33428 26830 30715 33488 25091 31147 25265 30411 28585 31526 28638 25546 21366 28879 0 0 0 25897 29891 21467 21612 17144 23962 22229 28530 28502 29994 25778 27712 30487 29183 23924
16 24057 50KHz 27727 31284 29022 27048 31865 27882 31502 27450 28814 24528 25237 25974 22251 30316 29266 0 0 0 29174 20127 23051 28914 28484 29134 28285 29069 28823 30795 30291 29172 29789 32624
17 24061 50KHz 28245 30188 28766 27988 30146 27742 30650 27926 28621 25863 26205 26833 24760 18011 31335 24967 0 0 0 28711 30745 22057 25607 25956 27355 27965 28553 29184 29442 28669 29483 30706
18 24064 50KHz 27797 30286 28506 27714 30324 27435 31216 28046 28781 26046 26706 27707 26302 21870 26160 29647 27912 0 0 0 28123 16920 23763 24768 26546 27374 28070 29018 29294 28301 29371 30932
19 24067 50KHz 30708 28177 29811 30472 27861 30088 27586 29369 29050 29669 29088 28612 28420 27827 26752 22482 31119 28291 0 0 0 27518 30650 14503 23702 25807 27307 25891 27521 29398 28537 26833
20 24070 50KHz 30861 27205 31281 27233 29651 29771 27114 28561 29740 29194 29299 28484 27857 24670 26867 23439 21491 30809 28411 0 0 0 28655 10590 19313 26223 24309 26311 25493 32427 25214 26922
21 24073 50KHz 25711 31403 26552 27857 30362 26124 33746 28224 28594 25126 26370 28749 27899 25736 31900 17080 27573 21412 16771 27294 0 0 0 27854 31156 20983 26034 26412 29209 24792 30522 31969
22 24077 50KHz 28835 28499 28906 28422 28909 28467 29449 28723 29083 28020 28332 28827 28443 27002 29468 24365 27123 25150 23747 30676 28048 0 0 0 29458 16878 22142 23119 25606 27854 27337 27663
23 24080 50KHz 27236 28445 27709 27149 28892 26899 30572 28023 28634 26352 27141 28385 27711 25368 30161 20691 27205 24296 23382 12905 30078 25794 0 0 0 28785 30871 18306 23782 25705 26495 27610
24 24083 50KHz 30086 25273 29251 28891 26048 29095 25528 28398 28356 29432 28882 28180 28274 28206 27180 28427 26347 26328 25862 23671 17003 30685 29018 0 0 0 28220 30192 18281 26680 23289 22334
25 24086 50KHz 29711 25632 28663 29942 25674 29123 26220 28824 28336 29630 28977 28570 28821 29641 28013 28756 27712 27378 27090 26199 25708 19087 17288 29064 0 0 0 26586 30517 23231 23104 21819
26 24090 50KHz 29863 25596 29604 29182 26819 29563 26246 28928 28946 30161 29693 28970 29148 29431 27989 30442 27870 28400 28173 28089 24677 25564 23534 31266 28898 0 0 0 28601 21595 20518 21790
27 24093 50KHz 26332 27977 27859 27405 29470 27642 31056 28808 29341 27680 28452 29446 29040 27681 30988 25452 30087 28850 28885 25901 26196 25198 23000 19292 30354 26011 0 0 0 29285 31156 24136
28 24096 50KHz 25286 25105 27762 26468 28145 27615 28746 28173 28845 28029 28532 28858 28591 27432 29451 27065 29022 28673 28687 27100 24662 28063 25028 23974 18730 30333 27509 0 0 0 28522 15805
29 24099 50KHz 21884 31004 25844 28729 20727 28204 22394 27877 27009 30035 28786 27921 28642 30918 26827 30521 27631 27829 27664 29168 32024 23626 27803 26498 28117 24331 21862 29176 0 0 0 26990
30 24102 50KHz 29476 30823 25662 24848 25592 27582 26409 27915 28657 28943 29120 28930 28916 28272 28843 29255 28753 29083 29098 28663 25304 30017 27503 27280 24828 24079 20388 31110 28665 0 0 0
31 24106 50KHz 20472 30061 21963 22554 32096 25797 36108 28921 30351 25615 27778 30259 29286 25606 33858 22131 32589 30434 30794 26122 27012 31409 27091 27149 21975 20579 19471 21759 12300 25463 0 0
