0: 0 0 1 14 74 181 423 587 650 905 789 870 1023 1023 176 985 987 349 997 698 1023 967 1023 1023 1023 584 570 327 131 53 11 1
1: 0 0 0 1 19 75 221 340 449 623 645 720 843 875 855 1002 1023 1023 1023 1023 1023 1023 1023 1023 1023 859 777 503 251 124 44 1
2: 1 0 0 0 1 22 108 207 305 464 518 559 688 739 506 1001 995 964 1023 1023 1023 1023 1023 1023 1023 983 931 701 447 253 117 10
3: 14 1 0 0 0 1 39 106 189 348 378 492 863 890 161 998 993 210 820 436 1023 861 1023 1023 1023 661 864 831 533 366 264 46
4: 73 18 1 0 0 0 1 28 86 184 266 343 396 459 108 985 988 644 1023 1023 1023 1023 1023 1023 1023 1023 1023 1023 966 938 472 142
5: 180 74 22 1 0 0 0 1 12 52 93 158 283 432 285 980 977 421 1023 947 1023 1023 1023 1023 1023 973 1023 1023 997 766 751 262
6: 426 222 108 40 1 0 0 0 1 14 39 85 170 292 954 975 969 596 1023 1023 1023 1023 1023 1023 1023 1023 1023 1023 1023 1023 1023 509
7: 586 331 201 105 28 1 0 0 0 1 6 28 74 152 264 956 957 339 1023 886 1023 1023 1023 1023 1023 935 1023 1023 1023 994 1023 596
8: 652 440 301 193 85 11 1 0 0 0 1 3 24 63 327 954 957 571 1023 1023 1023 1023 1023 1023 1023 1023 1023 1023 1023 1023 1023 702
9: 914 613 453 339 187 53 14 1 0 0 0 1 8 33 223 951 952 544 1023 1023 1023 1023 1023 1023 1023 1023 1023 1023 1023 1023 1023 826
10: 807 647 511 400 261 93 38 6 1 0 0 0 1 8 69 928 937 600 890 889 1023 1023 1023 1023 1023 1023 1023 1023 1023 1023 1023 810
11: 921 696 541 485 345 155 81 27 3 1 0 0 0 1 22 880 914 701 888 1023 1023 1023 1023 1023 1023 1023 1023 1023 1023 1023 1023 722
12: 1023 743 619 614 440 264 157 70 23 7 1 0 0 0 2 816 883 348 801 1023 1023 1023 1023 1023 1023 1023 1023 1023 1023 1023 1023 700
13: 1023 733 623 663 499 379 251 136 56 28 7 1 0 0 0 17 851 204 490 874 863 866 911 876 889 986 1023 1023 1023 1023 1010 649
14: 122 200 171 302 105 280 1023 252 134 93 30 6 1 0 0 0 1 17 160 83 365 265 369 234 222 124 177 239 204 232 523 180
15: 16 42 44 107 15 32 89 21 63 117 19 5 2 1 0 0 0 1 22 11 48 69 116 64 76 19 37 60 27 28 157 44
16: 10 103 53 186 28 18 43 11 45 42 68 22 16 10 1 0 0 0 1 1 13 70 107 74 40 36 58 93 21 47 43 67
17: 315 1023 1023 692 804 419 623 328 536 496 552 712 329 198 31 15 0 0 0 1 14 41 83 146 227 727 833 855 386 771 491 829
18: 1001 1023 1023 1023 1023 1023 1023 1023 1023 1023 843 843 806 526 284 114 15 0 0 0 1 8 29 65 145 264 510 686 672 762 943 880
19: 756 1023 1023 997 922 1023 1023 1005 1023 1023 883 1023 1023 1023 157 66 33 1 0 0 0 1 4 21 63 145 328 503 489 604 784 871
20: 1023 1023 1023 1023 1023 1023 1023 1023 1023 1023 1023 1023 1023 975 541 187 74 19 1 0 0 0 1 5 32 91 231 391 511 609 794 783
21: 1023 1023 1023 1023 1023 1023 1023 1023 1023 1023 1023 1023 1023 1023 743 554 246 53 10 1 0 0 0 1 8 42 136 265 397 520 628 687
22: 1023 1023 1023 1023 1023 1023 1023 1023 1023 1023 1023 1023 1023 1023 1023 1023 251 102 33 5 1 0 0 0 1 13 68 169 304 417 541 610
23: 1023 1023 1023 1023 1023 1023 1023 1023 1023 1023 1023 1023 1023 1022 722 333 189 165 70 22 5 1 0 0 0 1 18 72 174 268 387 470
24: 1023 962 1023 1023 1023 1023 1023 1023 1023 1023 1023 1023 1023 972 445 191 123 242 151 63 31 7 1 0 0 0 1 18 82 159 262 348
25: 613 881 1023 1023 1023 1023 1023 1023 1023 1023 1023 1023 1023 1023 321 166 226 697 278 146 88 40 12 1 0 0 0 1 22 73 141 230
26: 602 780 968 1023 1023 1023 1023 1023 1023 1023 1023 1023 1023 1023 538 302 376 782 538 328 229 132 66 18 1 0 0 0 1 27 77 157
27: 335 493 698 968 1023 1023 1023 1023 1023 1023 1023 1023 1023 1023 878 502 331 703 713 485 380 252 158 70 18 1 0 0 0 1 17 59
28: 135 255 458 694 917 1023 1023 1023 1023 1023 1023 1023 1023 1023 292 115 79 398 702 482 504 382 291 172 83 23 1 0 0 0 1 12
29: 55 128 265 490 792 852 1023 1023 1023 1023 1023 1023 1023 1023 535 215 158 649 818 612 629 519 424 278 170 77 27 1 0 0 0 1
30: 11 44 117 254 492 764 1023 1023 1023 1023 1023 1009 1023 1023 528 197 118 481 964 750 772 588 516 380 270 145 78 17 1 0 0 0
31: 1 1 9 44 136 253 470 605 687 804 778 701 723 708 472 270 294 765 881 815 729 624 556 440 340 222 148 57 11 1 0 0