0: 0 0 1 15 80 182 379 500 602 746 739 857 1023 1023 167 137 180 128 775 627 1023 1023 1023 972 943 668 568 341 139 108 33 1
1: 0 0 0 1 18 73 202 306 406 567 607 683 784 816 236 510 255 647 1023 800 1023 1023 1023 1023 968 857 762 507 264 575 176 1
2: 1 0 0 0 1 23 110 207 308 453 501 528 638 669 130 173 150 170 1023 1023 1023 1023 1023 1023 1023 1012 919 717 524 158 169 11
3: 16 1 0 0 0 1 43 115 208 339 411 482 591 668 113 155 121 159 1023 1023 1023 1023 1023 1023 1023 1023 1023 1007 780 132 208 51
4: 82 21 1 0 0 0 2 32 94 197 260 352 522 640 763 332 747 294 1023 1023 1023 1023 1023 1023 1023 1023 1023 1023 1023 468 224 157
5: 180 82 32 1 0 0 0 1 13 56 97 158 287 390 78 69 82 64 597 715 1023 1023 1023 1023 1023 1004 1023 1023 1023 69 57 262
6: 386 275 109 42 2 0 0 0 1 15 42 89 182 284 191 142 196 128 814 1023 1023 1023 1023 1023 1023 1023 1023 1023 1023 150 113 459
7: 487 56 44 107 31 1 0 0 0 1 6 29 81 152 68 60 70 55 526 669 1023 1023 1023 1023 1023 989 1023 1023 1023 61 50 583
8: 595 149 110 198 92 13 1 0 0 0 1 3 26 65 249 161 221 132 660 715 1023 1023 1023 1023 1023 1023 1023 1023 363 1023 116 646
9: 753 418 181 333 198 58 15 1 0 0 0 1 9 34 941 411 1023 259 731 798 1023 1023 1023 1023 1023 1023 1023 1023 872 398 208 773
10: 770 215 777 421 267 98 42 7 1 0 0 0 1 9 84 165 126 224 747 570 1023 1023 1023 1023 1023 1023 1023 1023 963 185 238 732
11: 905 280 533 480 358 164 89 30 4 1 0 0 0 1 30 57 49 77 738 611 975 1023 1023 1023 1023 1023 1023 1023 1023 69 84 679
12: 1023 103 89 560 502 287 179 81 27 9 1 0 0 0 18 58 52 88 400 602 1023 1023 1023 1023 1023 1023 1023 1023 1023 82 88 768
13: 1023 480 76 618 606 381 267 148 64 32 8 1 0 0 0 12 11 52 218 346 800 867 888 906 908 1023 1023 1023 1023 50 56 678
14: 35 1 1 7 45 15 69 11 34 31 1 1 1 0 0 0 1 1 1 1 16 38 118 20 50 13 14 22 10 1 1 46
15: 47 9 1 22 288 19 55 14 47 152 34 7 7 1 0 0 0 1 6 1 22 42 69 49 47 41 38 49 19 1 1 64
16: 41 4 1 9 50 18 69 12 38 61 7 1 1 1 1 0 0 0 1 1 18 45 148 23 65 15 17 26 12 1 1 58
17: 45 1 1 23 359 18 48 12 36 73 56 13 18 8 1 1 0 0 0 1 11 25 43 61 43 45 41 53 18 1 1 59
18: 788 471 898 1023 1023 609 840 517 634 680 696 771 384 213 30 38 33 0 0 0 15 42 82 153 242 472 775 849 517 26 29 652
19: 626 32 45 889 1023 755 1023 699 701 751 527 542 582 338 29 29 31 6 0 0 0 1 1 13 41 90 194 300 299 33 29 499
20: 1023 1023 953 1023 1023 1023 1023 1023 1023 1023 1023 957 1023 849 120 104 126 70 19 0 0 0 1 5 32 86 213 356 479 142 110 780
21: 1023 1023 1023 1023 1023 1023 1023 1023 1023 1023 1023 1023 1023 925 188 149 207 105 49 1 0 0 0 1 8 39 124 241 376 266 163 687
22: 1023 1023 1023 1023 1023 1023 1023 1023 1023 1023 1023 1023 1023 946 282 201 301 147 94 2 1 0 0 0 1 11 61 151 285 435 225 606
23: 1023 1023 1023 1023 1023 1023 1023 1023 1023 1023 1023 1023 1023 973 225 319 249 308 165 15 5 1 0 0 0 1 17 69 172 159 251 460
24: 925 911 1023 1023 1023 1023 1023 1023 1023 1023 1023 993 1023 915 162 144 175 126 248 44 30 7 1 0 0 0 1 19 86 186 149 356
25: 653 852 1023 1023 1023 1023 1023 1023 1023 1023 1023 1023 1023 1023 158 262 172 289 477 94 82 36 10 1 0 0 0 1 25 80 164 218
26: 573 751 944 1023 1023 1023 1023 1023 1023 1023 1023 1023 1023 1023 163 248 178 253 761 208 209 121 59 17 1 0 0 0 1 58 151 154
27: 337 491 707 961 1023 1023 1023 1023 1023 1023 1023 1023 1023 1023 228 294 254 284 757 311 344 230 145 67 19 1 0 0 0 16 136 60
28: 142 265 519 766 1023 1023 1023 1023 1023 1023 1023 1023 1023 1023 78 74 84 68 488 312 463 365 279 171 87 26 1 0 0 0 183 12
29: 16 47 21 9 89 10 30 6 23 50 19 4 11 3 1 1 1 1 1 1 24 68 99 9 23 1 1 1 0 0 0 1
30: 2 51 50 29 534 15 38 11 30 53 63 16 20 11 1 1 1 1 2 3 31 77 122 34 50 25 23 19 21 0 0 0
31: 1 1 9 44 137 231 404 533 587 694 641 590 689 624 220 181 234 161 589 474 671 582 514 395 318 197 133 53 9 44 0 0
0: 0 0 1 15 80 182 379 500 602 746 739 857 1023 1023 167 137 180 128 775 627 1023 1023 1023 972 943 668 568 341 139 108 33 1
1: 0 0 0 1 18 73 202 306 406 567 607 683 784 816 236 510 255 647 1023 800 1023 1023 1023 1023 968 857 762 507 264 575 176 1
2: 1 0 0 0 1 23 110 207 308 453 501 528 638 669 130 173 150 170 1023 1023 1023 1023 1023 1023 1023 1012 919 717 524 158 169 11
3: 16 1 0 0 0 1 43 115 208 339 411 482 591 668 113 155 121 159 1023 1023 1023 1023 1023 1023 1023 1023 1023 1007 780 132 208 51
4: 82 21 1 0 0 0 2 32 94 197 260 352 522 640 763 332 747 294 1023 1023 1023 1023 1023 1023 1023 1023 1023 1023 1023 468 224 157
5: 180 82 32 1 0 0 0 1 13 56 97 158 287 390 78 69 82 64 597 715 1023 1023 1023 1023 1023 1004 1023 1023 1023 69 57 262
6: 386 275 109 42 2 0 0 0 1 15 42 89 182 284 191 142 196 128 814 1023 1023 1023 1023 1023 1023 1023 1023 1023 1023 150 113 459
7: 487 56 44 107 31 1 0 0 0 1 6 29 81 152 68 60 70 55 526 669 1023 1023 1023 1023 1023 989 1023 1023 1023 61 50 583
8: 595 149 110 198 92 13 1 0 0 0 1 3 26 65 249 161 221 132 660 715 1023 1023 1023 1023 1023 1023 1023 1023 363 1023 116 646
9: 753 418 181 333 198 58 15 1 0 0 0 1 9 34 941 411 1023 259 731 798 1023 1023 1023 1023 1023 1023 1023 1023 872 398 208 773
10: 770 215 777 421 267 98 42 7 1 0 0 0 1 9 84 165 126 224 747 570 1023 1023 1023 1023 1023 1023 1023 1023 963 185 238 732
11: 905 280 533 480 358 164 89 30 4 1 0 0 0 1 30 57 49 77 738 611 975 1023 1023 1023 1023 1023 1023 1023 1023 69 84 679
12: 1023 103 89 560 502 287 179 81 27 9 1 0 0 0 18 58 52 88 400 602 1023 1023 1023 1023 1023 1023 1023 1023 1023 82 88 768
13: 1023 480 76 618 606 381 267 148 64 32 8 1 0 0 0 12 11 52 218 346 800 867 888 906 908 1023 1023 1023 1023 50 56 678
14: 35 1 1 7 45 15 69 11 34 31 1 1 1 0 0 0 1 1 1 1 16 38 118 20 50 13 14 22 10 1 1 46
15: 47 9 1 22 288 19 55 14 47 152 34 7 7 1 0 0 0 1 6 1 22 42 69 49 47 41 38 49 19 1 1 64
16: 41 4 1 9 50 18 69 12 38 61 7 1 1 1 1 0 0 0 1 1 18 45 148 23 65 15 17 26 12 1 1 58
17: 45 1 1 23 359 18 48 12 36 73 56 13 18 8 1 1 0 0 0 1 11 25 43 61 43 45 41 53 18 1 1 59
18: 788 471 898 1023 1023 609 840 517 634 680 696 771 384 213 30 38 33 0 0 0 15 42 82 153 242 472 775 849 517 26 29 652
19: 626 32 45 889 1023 755 1023 699 701 751 527 542 582 338 29 29 31 6 0 0 0 1 1 13 41 90 194 300 299 33 29 499
20: 1023 1023 953 1023 1023 1023 1023 1023 1023 1023 1023 957 1023 849 120 104 126 70 19 0 0 0 1 5 32 86 213 356 479 142 110 780
21: 1023 1023 1023 1023 1023 1023 1023 1023 1023 1023 1023 1023 1023 925 188 149 207 105 49 1 0 0 0 1 8 39 124 241 376 266 163 687
22: 1023 1023 1023 1023 1023 1023 1023 1023 1023 1023 1023 1023 1023 946 282 201 301 147 94 2 1 0 0 0 1 11 61 151 285 435 225 606
23: 1023 1023 1023 1023 1023 1023 1023 1023 1023 1023 1023 1023 1023 973 225 319 249 308 165 15 5 1 0 0 0 1 17 69 172 159 251 460
24: 925 911 1023 1023 1023 1023 1023 1023 1023 1023 1023 993 1023 915 162 144 175 126 248 44 30 7 1 0 0 0 1 19 86 186 149 356
25: 653 852 1023 1023 1023 1023 1023 1023 1023 1023 1023 1023 1023 1023 158 262 172 289 477 94 82 36 10 1 0 0 0 1 25 80 164 218
26: 573 751 944 1023 1023 1023 1023 1023 1023 1023 1023 1023 1023 1023 163 248 178 253 761 208 209 121 59 17 1 0 0 0 1 58 151 154
27: 337 491 707 961 1023 1023 1023 1023 1023 1023 1023 1023 1023 1023 228 294 254 284 757 311 344 230 145 67 19 1 0 0 0 16 136 60
28: 142 265 519 766 1023 1023 1023 1023 1023 1023 1023 1023 1023 1023 78 74 84 68 488 312 463 365 279 171 87 26 1 0 0 0 183 12
29: 16 47 21 9 89 10 30 6 23 50 19 4 11 3 1 1 1 1 1 1 24 68 99 9 23 1 1 1 0 0 0 1
30: 2 51 50 29 534 15 38 11 30 53 63 16 20 11 1 1 1 1 2 3 31 77 122 34 50 25 23 19 21 0 0 0
31: 1 1 9 44 137 231 404 533 587 694 641 590 689 624 220 181 234 161 589 474 671 582 514 395 318 197 133 53 9 44 0 0