0: 0 0 1 12 63 151 343 432 525 670 674 844 1023 1023 1023 515 786 813 751 917 983 1004 960 995 648 561 310 118 45 9 31 1
1: 0 0 0 1 15 62 188 294 385 523 570 656 789 800 759 603 1023 1023 1023 1023 1023 1023 977 907 804 690 438 220 103 38 193 10
2: 1 0 0 0 1 18 93 192 283 406 442 458 584 599 753 572 1023 1023 1023 1023 1023 1023 1023 940 854 742 597 399 216 109 109 42
3: 12 1 0 0 0 1 33 99 189 312 372 433 563 629 721 653 1023 1023 1023 1023 1023 1023 1023 1023 1023 980 815 626 397 229 274 147
4: 64 15 1 0 0 0 1 25 81 177 243 335 511 661 954 586 1023 1023 1023 1023 1023 1023 1023 1023 1023 1023 1023 818 616 466 211 122
5: 149 60 18 1 0 0 0 1 11 50 90 147 254 362 859 391 771 1023 1023 1023 1023 1023 1023 1023 913 909 1023 840 671 744 79 62
6: 342 179 85 31 1 0 0 0 1 13 37 80 155 245 553 397 932 1023 1023 1023 1023 1023 1023 1023 1023 1023 1023 1023 984 1023 151 110
7: 411 313 157 98 24 1 0 0 0 1 5 25 65 124 371 251 638 972 1023 1023 1023 1023 1023 1023 899 858 1023 996 849 1023 55 47
8: 503 399 246 186 79 11 1 0 0 0 1 3 22 53 159 180 634 983 1023 1023 1023 1023 1023 1023 1004 1008 1023 1023 936 1023 104 82
9: 665 541 385 310 175 49 13 1 0 0 0 1 7 27 96 143 659 1023 1023 1023 1023 1023 1023 1023 1023 1023 1023 1023 1023 1023 229 155
10: 704 561 593 380 237 88 37 5 1 0 0 0 1 6 41 84 562 734 741 874 1023 1023 1023 1023 1023 1023 1023 1023 1023 859 165 202
11: 882 69 88 440 340 149 80 26 3 1 0 0 0 1 14 47 496 699 649 721 1023 1023 1018 980 1023 1023 1023 1023 1023 690 66 80
12: 1023 818 548 561 512 262 158 70 23 7 1 0 0 0 1 20 377 783 802 837 1023 1023 1023 962 1023 1023 1023 1023 1023 790 63 71
13: 1023 796 544 596 641 363 243 130 55 27 7 1 0 0 0 1 163 436 616 674 855 911 860 801 1023 1023 1017 1023 1023 709 46 51
14: 1023 673 461 513 702 677 448 330 148 89 39 12 1 0 0 0 54 197 577 1023 619 640 753 736 623 583 768 1023 1023 1023 27 26
15: 471 580 597 702 573 370 375 239 167 129 77 40 16 1 0 0 0 1 14 42 77 125 172 260 401 630 592 450 454 347 44 48
16: 816 1023 1023 1023 1023 857 1023 708 671 680 586 529 370 161 59 0 0 0 1 15 40 81 135 248 427 733 758 645 693 536 65 73
17: 870 1023 1023 1023 1023 1023 1023 1023 1023 1023 801 766 794 466 223 1 0 0 0 1 9 29 62 148 268 509 722 620 672 786 71 66
18: 807 920 1023 1023 1023 1023 1023 1023 1023 1023 764 599 718 601 713 19 1 0 0 0 1 5 22 67 141 299 495 470 517 813 39 35
19: 942 919 1023 1023 1023 1023 1023 1023 1023 1023 867 649 735 634 1023 51 16 1 0 0 0 1 5 32 86 208 370 432 493 923 53 47
20: 1000 1023 1023 1023 1023 1023 1023 1023 1023 1023 1023 984 1023 869 784 91 42 8 1 0 0 0 1 7 39 123 242 353 439 596 379 214
21: 1023 1023 1023 1023 1023 1023 1023 1023 1023 1023 1023 1023 1023 944 832 147 85 29 5 1 0 0 0 1 11 62 159 281 372 508 1023 570
22: 938 894 1023 1023 1023 1023 1023 1023 1023 1023 1023 893 940 824 1003 191 136 60 20 4 1 0 0 0 1 15 67 161 246 396 197 145
23: 885 783 860 923 1023 1023 1023 1023 1023 1023 1023 817 827 720 887 268 234 135 62 29 6 1 0 0 0 1 18 83 161 298 105 94
24: 604 766 886 1023 1023 1023 1023 1023 1023 1023 1023 1023 1023 1023 759 423 401 243 128 79 36 10 1 0 0 0 1 22 72 141 115 186
25: 538 681 769 1023 1023 1023 1023 1023 1023 1023 1023 1023 1023 1023 715 676 696 483 285 201 119 60 15 1 0 0 0 1 25 75 77 112
26: 305 424 580 786 1023 1023 1023 1023 1023 1023 1023 1023 1023 1011 938 620 713 685 469 352 230 150 65 18 1 0 0 0 1 16 97 187
27: 122 225 421 658 813 884 1023 1023 1023 1023 1023 1023 1023 1023 1023 489 603 589 455 429 351 273 163 86 23 1 0 0 0 1 75 106
28: 48 109 233 435 651 734 1023 960 1023 1023 1023 1023 1023 1023 1023 517 675 655 520 511 452 381 259 174 78 27 1 0 0 0 13 120
29: 10 38 108 225 431 687 1023 1023 1023 1023 817 595 672 626 1023 367 505 725 723 853 548 467 382 300 142 74 16 1 0 0 0 224
30: 1 15 13 25 67 16 40 8 20 53 20 4 4 2 1 1 5 6 1 6 75 37 82 24 6 3 5 1 1 0 0 0
31: 1 1 5 66 53 17 43 12 25 49 57 14 13 8 2 9 14 11 4 9 142 172 64 29 28 19 36 28 19 29 0 0