
0 66 50KHz 0 0 14716 28541 35994 25932 29804 29464 30592 32440 31111 31618 31191 29678 34929 45547 19049 51694 8383 31565 32952 31127 33889 29944 32792 30152 31475 41597 20076 43198 12166 13880
1 66 50KHz 0 0 0 7216 26159 32447 30783 31098 31593 31164 31773 31434 31391 32062 31111 29338 32956 29393 34055 31475 30877 31756 30771 31944 30730 31721 31227 30229 32395 29837 32800 19066
2 66 50KHz 12406 0 0 0 10547 25683 29856 29924 30866 32124 31302 31635 31362 30445 33874 40636 23384 44590 16570 31680 32522 31392 33125 30650 32562 31102 32002 37947 25053 38881 23263 27065
3 66 50KHz 27609 5128 0 0 0 12661 27936 29579 30746 31686 31276 31482 31375 30858 32509 35463 27715 37306 24541 31617 32019 31436 32262 31061 31989 31231 31681 34397 28410 34843 27466 29391
4 66 50KHz 32508 24316 4724 0 0 0 13427 25670 28974 33452 30211 31680 31140 27805 37463 35174 9834 36510 0 31825 35302 30412 36981 28127 35448 29687 32960 50507 12175 53688 4391 28666
5 66 50KHz 26809 31216 24691 9728 0 0 0 9598 27931 28122 31747 30386 30837 34384 24793 2851 52523 0 36636 30862 27762 31999 26066 34003 27242 32487 29498 14031 47284 11545 52078 31354
6 66 50KHz 29173 30669 29381 27737 18342 0 0 0 6750 27474 30666 30559 30632 31732 29984 26387 34969 25656 37821 31352 30501 31697 30220 32086 30344 31769 31044 28408 34059 27734 35424 30861
7 67 50KHz 29226 31083 29753 29625 26174 14199 0 0 0 11070 28458 29762 30251 31621 28580 22441 38609 19683 44565 31482 30536 31763 29933 32396 30313 31808 30917 25779 36818 24889 38248 30890
8 67 50KHz 30530 31666 30834 30864 28543 31007 9178 0 0 0 16801 28808 30426 31495 29081 24088 37649 21363 42716 31689 31137 31769 30599 32233 30951 31746 31194 26853 36096 26231 36844 31328
9 67 50KHz 32348 31335 32122 31807 34318 28459 28478 12602 0 0 0 14750 29166 29930 32473 37223 26551 39390 22363 31828 32557 31504 32898 30982 32592 31291 32033 35655 27647 36329 26294 31367
10 67 50KHz 31004 31849 31209 31297 29127 33403 31056 29221 17322 0 0 0 12688 28864 28517 24794 36931 22392 41476 31703 31288 31724 30795 32108 31112 31677 31250 27393 35565 26881 36115 31513
11 67 50KHz 31637 31546 31670 31592 31992 30939 30978 30212 29159 15569 0 0 0 12469 28098 31106 31130 31904 30880 31714 31869 31624 31867 31537 31825 31517 31676 32010 31176 32118 30835 31475
12 67 50KHz 31175 31498 31371 31471 31363 31479 30993 30611 30622 29338 13204 0 0 0 15524 28907 31473 31248 31702 31516 31355 31708 31396 31749 31350 31713 31585 31546 31579 31419 31919 31633
13 68 50KHz 29795 32104 30479 30974 26102 36415 31839 31961 31713 30077 29430 14909 0 0 0 10358 41824 13942 51215 31355 30020 32030 29280 33021 29863 32252 30891 23284 39695 21914 42094 31852
14 68 50KHz 34937 31483 33933 32655 38655 25021 30957 29200 29340 32639 28873 28259 16011 0 0 0 19784 41198 19265 32048 35223 30699 35749 29449 35440 29913 32572 39147 24587 41363 18855 30154
15 68 50KHz 50888 27721 44279 37087 37989 0 26068 18679 20901 40263 22255 29854 25395 0 0 0 0 46017 6500 33408 51122 25599 56911 16228 52642 21693 37826 39951 3663 41342 0 24652
16 68 50KHz 15757 31605 20765 25852 3532 60576 32556 37903 37108 23901 36055 29725 29837 42737 14727 0 0 0 42908 23934 13841 33268 12011 39801 14404 36535 25638 8051 36879 6097 39132 34923
17 68 50KHz 36899 27776 58243 45302 42138 5462 23565 5198 10324 51886 15329 32414 29443 0 52483 54274 0 0 0 47978 37423 23034 38025 3771 37325 13889 46355 54348 11696 48127 7236 19447
18 68 50KHz 2596 26430 5779 19477 16584 49876 29714 46700 49566 16918 48323 30372 26473 35659 33871 28259 36576 0 0 0 1294 34927 7189 48330 1719 48485 22845 26535 38052 23210 46703 46179
19 68 50KHz 31700 31715 31804 31808 32281 31299 31693 31736 31846 31887 31869 31822 31674 31554 31927 33175 28226 36065 0 0 0 13610 27844 30567 30691 31088 31373 32454 30871 32595 30905 31741
20 69 50KHz 32992 31185 32672 32250 37588 26508 31103 30871 31365 32704 31563 31979 31561 30242 35016 44813 19269 51351 0 0 0 0 13416 28424 31672 30573 32060 40418 23097 41708 21308 31627
21 69 50KHz 31053 31884 31343 31490 29525 33447 31869 31969 31859 31402 31798 31644 31740 32171 30441 27007 35026 25661 35724 10098 0 0 0 18873 28343 30307 30600 28026 34738 27799 35328 31555
22 69 50KHz 33492 31057 33000 32334 38850 25081 30912 30410 30927 32898 31170 31915 31539 29617 35487 47152 17863 34890 2585 26509 9657 0 0 0 19279 28107 31360 41912 21232 43750 18309 31212
23 69 50KHz 30008 31867 30658 31076 27060 35366 31914 32277 32063 30856 31926 31460 31629 32821 29321 22107 39051 19176 44765 29926 27719 16259 0 0 0 11611 26724 24053 37635 23596 39552 31458
24 69 50KHz 32647 30824 32600 32117 38412 25354 30779 30507 31108 32708 31343 31860 31402 29888 35669 46946 17804 53783 3318 30190 31081 27792 18039 0 0 0 7200 38535 21082 42653 19167 30872
25 69 50KHz 29769 31738 30852 31117 27665 34616 31814 31931 31712 30981 31608 31393 31620 32332 29262 22992 38340 19620 43918 30618 29934 29942 27278 10932 0 0 0 5568 36048 22762 38097 30126
26 69 50KHz 31246 31263 31934 31708 33528 29521 31295 31054 31227 31968 31309 31634 31563 30859 32509 35615 27776 36932 24366 31075 31737 30471 31257 26514 7124 0 0 0 18627 30596 27627 29704
27 70 50KHz 40637 29295 37657 34384 35571 3006 28745 25874 27365 36321 28277 32093 31101 22268 44833 38630 0 40503 0 31842 39860 28309 43736 21723 35189 1773 0 0 0 57793 0 28429
28 70 50KHz 19453 31948 24709 27843 3627 53173 32699 35587 34647 26482 33907 30310 30952 39165 20160 1382 36822 3823 40355 30037 22558 33203 19096 37954 21617 33409 13544 0 0 0 35873 27383
29 70 50KHz 37168 29373 36239 33748 54970 9891 29137 27040 28394 35395 29145 32040 31100 24237 42985 37639 0 39283 0 31841 38050 29355 41440 24471 37590 25395 27635 43913 0 0 0 12166
30 70 50KHz 12409 31846 24605 27709 633 55812 33278 35628 34174 26255 33365 30181 31335 39200 16919 0 37647 0 41936 30407 23331 32937 18963 38233 22318 34082 27127 0 53657 0 0 0
31 70 50KHz 20935 20036 27478 29688 27961 33471 31097 31112 31345 31160 31495 31392 31554 31861 29853 25931 36157 23657 40015 31534 31279 31476 30776 31725 30683 30487 29964 28019 31385 23196 0 0
0 75 50KHz 0 0 15411 28709 36094 25730 29740 29358 30488 32448 31067 31579 31165 29577 35048 46078 19158 51360 7952 31558 33010 31087 34356 29432 32783 29938 31268 41784 19726 43333 11461 13841
1 75 50KHz 0 0 0 7755 26636 32334 30717 31016 31540 31167 31739 31417 31358 31994 31198 29805 32454 30232 33234 31458 30897 31724 30727 31977 30758 31660 31217 30548 31990 30224 32284 18812
2 75 50KHz 12931 0 0 0 11242 25826 29896 29861 30792 32134 31263 31609 31335 30358 33999 41188 23302 44621 16053 31672 32566 31370 33439 30311 32593 31038 31978 38172 24828 39096 22877 26813
3 75 50KHz 27773 5572 0 0 0 13153 28228 29585 30689 31690 31233 31460 31349 30771 32606 36004 27457 37604 23954 31609 32062 31408 32450 30853 32024 31177 31671 34654 28148 35113 27067 29212
4 76 50KHz 32556 24636 5154 0 0 0 14335 25881 28952 33568 30077 31691 31113 27232 38380 35614 6460 36446 0 31861 35482 30381 38118 26965 35758 29472 32972 50686 12301 53887 4130 28456
5 76 50KHz 26863 31273 25171 10250 0 0 0 10177 28218 28110 31692 30341 30798 34329 24750 3220 51294 0 36529 30839 27649 31953 25238 34791 27209 32489 29517 14120 47080 11423 52488 31341
6 76 50KHz 29175 30593 29495 28046 20409 0 0 0 7172 27662 30624 30512 30570 31602 30092 27127 34203 26924 36661 31337 30539 31659 30149 32167 30412 31720 31073 28872 33537 28304 34823 30699
7 76 50KHz 29203 31004 29780 29679 26490 15147 0 0 0 11747 28548 29693 30172 31478 28601 22905 37879 20861 43597 31459 30549 31725 29761 32564 30355 31766 30929 26168 36358 25371 37729 30734
8 76 50KHz 30519 31631 30835 30861 28537 31225 9614 0 0 0 18067 28883 30378 31396 29013 24208 37277 21879 42419 31675 31136 31740 30442 32364 30966 31719 31186 26968 35914 26409 36640 31243
9 76 50KHz 32383 31298 32144 31807 34669 28072 28566 13289 0 0 0 15929 29320 29862 32580 37747 26355 39616 21745 31833 32629 31486 33187 30700 32655 31250 32044 35956 27386 36643 25898 31313
10 76 50KHz 31031 31807 31230 31296 29238 33281 31001 29255 18429 0 0 0 13701 28895 28579 25188 36324 23315 40658 31689 31311 31694 30727 32174 31154 31646 31262 27732 35193 27290 35685 31468
11 77 50KHz 31646 31507 31674 31583 32169 30719 30898 30100 29186 16485 0 0 0 12806 28166 31439 30827 32333 30295 31696 31882 31602 31948 31441 31852 31487 31680 32271 30920 32401 30513 31425
12 77 50KHz 31200 31461 31390 31473 31559 31265 30917 30500 30548 29501 14405 0 0 0 15764 29224 31182 31726 31156 31494 31376 31674 31428 31712 31389 31676 31596 31787 31319 31714 31578 31582
13 77 50KHz 29806 32061 30501 30972 26099 36445 31754 31847 31650 30082 29475 15119 0 0 0 10699 41162 15088 50544 31309 29991 31986 28936 33353 29880 32226 30905 23537 39369 22281 41754 31797
14 77 50KHz 35025 31476 33982 32678 39093 24458 30936 29074 29128 32664 28795 28204 16040 0 0 0 19827 41014 18716 32090 35365 30675 36526 28682 35571 29837 32566 39620 24264 41763 18253 30097
15 77 50KHz 52989 27745 45552 37623 38500 0 26047 17530 19164 41115 21188 29540 25021 0 0 0 0 46025 8005 34111 53780 25106 65535 10220 55044 20487 38137 40431 4791 41828 0 23775
16 77 50KHz 15388 31230 20481 25672 4631 59819 32097 37790 37530 23683 36120 29703 29708 43045 15693 0 0 0 42515 23491 12913 33123 8057 42645 13787 36686 25661 9285 36721 7369 39084 35034
17 77 50KHz 36633 28673 57132 44291 41449 6126 25034 7500 10694 50609 16294 32040 29462 0 51558 53088 0 0 0 47953 37265 24028 38419 1146 37077 15114 44876 53498 12607 46810 7987 20145
18 78 50KHz 2952 26214 6226 19834 16763 49748 29130 45961 49900 17334 47618 30497 26740 35605 33854 28820 35986 0 0 0 1371 34260 7354 53707 1910 48009 23456 26506 37909 23312 46678 45646
19 78 50KHz 31733 31683 31837 31823 32501 31092 31661 31684 31810 31920 31841 31814 31647 31456 32042 33742 27875 36718 0 0 0 14410 27911 30457 30654 30995 31365 32765 30567 32961 30506 31704
20 78 50KHz 33060 31160 32706 32269 37775 26286 31081 30818 31305 32745 31533 31962 31524 30125 35185 45622 19062 51495 0 0 0 0 14639 28069 31628 30446 32040 40750 22813 42032 20889 31591
21 78 50KHz 31089 31856 31375 31501 29747 33241 31830 31915 31830 31424 31772 31639 31717 32094 30520 27392 34512 26549 34805 10659 0 0 0 20039 28341 30197 30564 28319 34417 28155 34942 31501
22 78 50KHz 33859 30949 33226 32453 40107 23816 30784 30151 30705 33141 31034 31924 31473 29075 36489 51505 14660 35439 0 26219 10199 0 0 0 21305 27919 31782 46299 16939 48930 12388 31046
23 78 50KHz 28984 32015 29941 30657 23643 38398 32119 32791 32422 30135 32135 31245 31583 34164 25037 12066 44170 11249 54411 29799 26801 19134 0 0 0 12241 26374 16714 40653 15573 45984 31398
24 78 50KHz 32683 30798 32645 32150 38619 25113 30763 30456 31045 32752 31313 31843 31379 29788 35837 47893 17640 53775 2319 30073 31017 27721 20873 0 0 0 7496 38906 20949 42825 18853 30742
25 79 50KHz 29638 31680 30853 31108 27818 34478 31770 31876 31687 30986 31584 31382 31595 32278 29293 23217 37827 20487 43198 30525 29834 29825 27242 12078 0 0 0 6143 35949 22920 37872 29857
26 79 50KHz 31097 31222 31932 31704 33623 29388 31274 31008 31175 31984 31285 31619 31544 30792 32574 35969 27659 36991 23973 31027 31718 30395 31656 26305 7410 0 0 0 19154 30756 27510 29420
27 79 50KHz 40679 29367 37651 34403 35561 2772 28856 25907 27181 36396 28305 32064 31067 22144 45194 38751 12 40207 0 31897 40031 28311 47125 18288 35408 1862 0 0 0 58439 0 28517
28 79 50KHz 19349 31761 24785 27852 4131 52883 32503 35419 34726 26487 33813 30320 30938 39081 20147 1596 36596 4394 40125 29954 22525 33122 16408 40738 21765 33570 14180 0 0 0 35830 27161
29 79 50KHz 37081 29444 36139 33713 54516 10059 29246 27092 28297 35380 29175 31996 31066 24229 43064 37656 0 38932 0 31886 38093 29368 43923 21828 37463 25229 27648 44158 0 0 0 13338
30 79 50KHz 12127 31618 24603 27673 1004 55642 33062 35523 34269 26210 33310 30196 31322 39159 16783 0 37448 0 41758 30313 23223 32861 16066 41167 22372 34107 27232 0 53392 0 0 0
31 79 50KHz 20982 19844 27303 29552 27998 33291 30950 30953 31254 31148 31449 31357 31505 31765 29903 26283 35657 24490 39213 31484 31262 31410 30660 31764 30616 30230 29694 28395 30867 24014 0 0
