
0 6592 50KHz 0 0 29322 30904 7838 27348 14060 25136 23540 29744 27166 25110 26948 30714 22646 32906 24799 26373 25931 30306 30972 23472 28501 26205 30027 29014 29974 25236 26043 25169 29730 9146
1 6595 50KHz 0 0 0 28335 31099 22658 27813 26962 28297 26601 27852 28876 28111 26716 30503 25575 29898 29065 29421 26878 26135 30644 27706 28983 25973 25733 24490 27219 25137 14161 30518 30110
2 6598 50KHz 29622 0 0 0 27301 31206 12777 23898 23906 28191 26881 26008 27244 29663 25332 30226 26794 27309 27195 29297 30869 25159 28565 27294 29463 28344 29472 26815 27775 26915 26337 22267
3 6601 50KHz 31495 29077 0 0 0 28382 29251 18918 20582 27903 26168 24597 26321 29231 22712 33208 24854 27044 26669 30500 27688 26820 28793 27210 29270 29678 29124 26880 27082 30189 26098 23520
4 6604 50KHz 13278 31275 27701 0 0 0 27938 30973 23793 25045 26818 28191 28518 27810 31092 25387 31158 29635 30117 27705 29962 29579 28906 29907 28270 27276 27782 29486 29181 22829 26483 31511
5 6608 50KHz 30403 25145 23002 28834 0 0 0 26965 30222 23000 23177 22559 25520 29078 22697 31627 26076 27108 26818 30486 30209 25446 29122 27286 30152 29595 30323 27171 28293 30405 29065 25148
6 6611 50KHz 18880 28544 17327 29334 27340 0 0 0 29725 18702 26130 29303 29056 27217 33216 25868 31647 30876 31553 27864 27924 33291 29530 31597 28096 28386 27555 31553 30122 25022 27466 34914
7 6614 50KHz 26766 27525 25082 18948 30728 25452 0 0 0 28544 30928 20698 23853 26421 24973 28963 26661 27673 27901 28827 27842 28492 28697 28518 28642 28795 28556 28586 28471 28410 27969 28804
8 6617 50KHz 25337 28624 24965 20591 22266 29815 28847 0 0 0 29151 15893 23710 25787 26715 26943 28201 28311 28739 28322 28773 28966 28836 29192 28650 28423 28552 29286 29149 27217 28481 30528
9 6621 50KHz 31134 27263 29319 29099 24548 23853 31135 28570 0 0 0 26970 30468 21515 17000 29429 22536 25059 25423 29133 28296 25295 28317 26847 29260 29030 29518 27106 27993 30102 28868 25862
10 6624 50KHz 29237 28827 28507 27621 26910 24350 25419 31195 29513 0 0 0 28127 30940 17610 27069 24458 26276 26976 28935 28913 27202 28947 28361 29459 29169 29600 28647 29131 29221 29405 28661
11 6627 50KHz 27231 29706 27483 25640 28123 22906 28530 21868 16958 26957 0 0 0 28363 30786 24151 25293 26914 28004 28482 28218 29223 29155 29445 29067 29120 29043 29757 29573 28478 29103 30805
12 6630 50KHz 28624 28964 28434 27215 28364 25914 28283 24843 24509 30651 27509 0 0 0 27766 31311 20387 24326 26103 28173 27397 27898 28717 28512 28973 29099 29070 28961 29032 29138 28978 29423
13 6633 50KHz 31608 27917 30517 30091 27921 29840 26762 27716 27036 24173 31069 28422 0 0 0 28718 30144 18462 22132 27694 24690 26210 28007 26874 28733 29457 29012 27631 27895 31025 28345 26459
14 6637 50KHz 24904 31024 26730 23337 31152 22574 32879 25624 27323 18238 16455 30573 27245 0 0 0 29385 21374 27605 27192 26380 32400 29402 31117 28397 29225 28129 31486 30105 27859 28549 33708
15 6640 50KHz 33301 26825 30763 33708 25387 32049 25440 29785 27731 30853 28081 25562 21894 28994 0 0 0 26111 29924 22238 23633 17732 25952 23306 28993 28043 29986 25002 27317 29971 29618 23352
16 6643 50KHz 27283 30836 28484 26289 31418 26921 31497 27924 29206 24668 25301 25777 21707 30227 29297 0 0 0 29300 20392 22632 29070 28446 29669 28487 29338 28567 30761 30002 29062 29033 32424
17 6646 50KHz 27968 29739 28332 27663 29555 27249 30421 28244 28753 26072 26282 26732 24556 18164 31370 25041 0 0 0 28897 30787 21812 26122 26719 27929 28127 28594 28827 29152 28386 29158 30160
18 6649 50KHz 27296 29905 27990 26983 29895 26574 31097 28198 28935 25974 26617 27479 25815 21310 26045 29558 28016 0 0 0 28327 17501 24528 26109 27280 27842 28127 29025 29101 28099 28906 30700
19 6653 50KHz 31017 27576 29824 30776 27303 30574 26949 29120 28490 29646 28820 28232 28245 28000 26345 22858 31180 28474 0 0 0 27471 30910 18429 25500 26483 27691 25293 27023 29343 28399 25655
20 6656 50KHz 31588 26603 31328 28022 29394 30688 26229 28104 28852 29217 29095 27969 27670 25021 25672 24972 21159 30877 28667 0 0 0 28888 14426 21511 27570 24559 26543 25105 32715 24380 26098
21 6659 50KHz 25237 31148 26170 27138 29565 24958 33349 28761 29206 25714 26811 28832 27663 25815 31756 17178 27783 21136 17025 27244 0 0 0 28246 31530 23409 27776 27465 29887 24937 30893 31893
22 6662 50KHz 29255 28181 28987 28897 28408 28885 28656 28798 28826 28593 28585 28665 28475 27854 28716 26101 27219 25732 24551 30949 28257 0 0 0 29860 20456 24080 24441 26222 28320 27641 27223
23 6666 50KHz 26529 29223 27323 26611 29411 26130 31199 28247 28968 26482 27446 28614 27753 25732 30415 21582 28092 25285 24934 15750 30442 26393 0 0 0 29106 31156 21810 25819 26035 27548 29319
24 6669 50KHz 29869 25892 29233 28660 27086 29466 26353 28173 28086 28969 28604 28038 28194 28023 27215 28782 26750 27051 26617 25395 19933 31201 29459 0 0 0 28426 30407 19521 27270 23903 23485
25 6672 50KHz 29309 26137 28483 29500 26360 29126 27163 28698 28192 29056 28573 28437 28651 29270 28372 28146 28181 27631 27579 26762 27553 22088 20674 29342 0 0 0 26766 30618 23591 23891 22471
26 6675 50KHz 29972 25595 29608 28959 27314 30005 26603 28670 28585 29673 29264 28610 28867 28923 27722 30289 27667 28486 28223 28372 25080 27506 25081 31462 29027 0 0 0 28737 22656 20473 21799
27 6678 50KHz 25702 28112 27178 26493 29366 26369 31379 28595 29344 27120 28121 29276 28568 26977 31129 24253 29987 28381 28798 25057 26469 26577 24278 22206 30513 26085 0 0 0 29495 31208 24561
28 6682 50KHz 25393 25239 27424 25885 28291 27052 28932 27859 28614 27452 28128 28496 28089 26656 29147 26341 28547 28262 28369 26416 24141 28949 25531 25600 19576 30384 27571 0 0 0 28715 16526
29 6685 50KHz 23430 31028 26194 28930 21031 29215 23136 27948 26619 29627 28176 27463 28369 30688 26735 29809 27726 27617 27573 29126 32695 23927 28242 26468 28287 24260 22699 29353 0 0 0 27016
30 6688 50KHz 29840 30843 26068 24852 25717 28111 26216 27726 28265 28714 28774 28355 28438 27730 27882 29501 27825 28717 28597 28498 24295 30535 27735 27954 25093 24597 20053 31159 28873 0 0 0
31 6691 50KHz 21199 30441 21806 21594 32584 22997 36769 28622 30848 24986 27834 30541 28872 24589 34391 20458 32458 29774 30580 24291 25966 31469 26494 29072 23003 21019 19075 22303 13188 25439 0 0
0 10197 50KHz 0 0 29087 30785 7430 25046 11496 23382 24111 30226 28600 26541 27692 30885 23775 32953 25480 26956 26560 30119 29990 24364 28158 26822 30080 29590 29978 26041 25940 23219 29166 9129
1 10201 50KHz 0 0 0 28033 30992 22895 27219 26946 28069 26688 27804 28954 28473 27162 30774 26150 30262 29448 29747 27579 26951 30629 28202 28648 25673 25229 24383 26922 24846 13818 30466 29727
2 10204 50KHz 29381 0 0 0 27144 31019 10780 21924 23627 28237 27790 27005 27842 29980 26168 30522 27382 27863 27711 29455 30650 25751 28557 27648 29520 28745 29650 27520 28148 26923 25897 21987
3 10207 50KHz 31388 28764 0 0 0 27942 28820 13748 19306 27682 27289 25970 27074 29542 24009 33084 25668 27589 27328 30376 27243 27592 28497 27553 29388 30143 29560 27829 27698 30190 26099 23911
4 10210 50KHz 13690 31181 27576 0 0 0 27585 30675 21109 24080 26282 28052 28599 27762 31381 25699 31484 30086 30482 28271 30263 30095 29484 29915 27839 26850 27243 29324 28910 22866 26223 31156
5 10214 50KHz 28518 25283 21189 28334 0 0 0 26154 29570 20318 23257 23616 26007 28814 24465 30896 27149 27904 27753 30172 29500 26858 28927 27929 29809 29688 30093 28328 28892 29814 28780 26819
6 10217 50KHz 17596 27792 15048 28860 26782 0 0 0 29058 20910 23183 27735 28347 26604 32863 25489 31852 31050 31801 28256 28069 33888 30229 31704 27592 27629 26659 31092 29552 24313 26936 35064
7 10220 50KHz 25194 27323 23128 13607 30255 24170 0 0 0 27605 30350 17149 22126 25589 23801 28626 26216 27430 27870 28839 27574 28457 28640 28599 28495 28626 28309 28828 28574 27849 27710 29612
8 10223 50KHz 25776 28299 24656 19103 19449 28977 27879 0 0 0 28685 13867 21405 25134 24249 27509 26863 27542 28043 28667 29225 27711 28848 28743 28866 28410 28764 28952 29131 27443 28675 30021
9 10226 50KHz 31305 27283 29194 28554 23194 21115 30718 27553 0 0 0 26718 30272 20726 15792 29453 21784 24515 25004 28950 28221 24355 27621 26228 29252 29177 29998 27416 28482 30319 29192 25878
10 10230 50KHz 30144 28735 29085 28433 26251 24130 22643 30700 29106 0 0 0 27926 30890 16834 27443 23937 25973 26701 29066 28955 26605 28641 27854 29479 29323 29963 28684 29345 29787 29699 28225
11 10233 50KHz 28274 29708 28232 26805 27892 23729 26876 17725 14031 26832 0 0 0 28248 30741 24326 25073 26808 27940 28793 28649 28948 29279 29211 29201 29195 29327 29661 29684 28989 29493 30401
12 10236 50KHz 29095 29191 28846 27779 28346 26136 27516 23205 22458 30499 27323 0 0 0 27747 31260 20467 24402 26277 28301 27609 28021 28716 28411 28960 29136 29275 29169 29320 29438 29328 29557
13 10239 50KHz 31647 28185 30668 30215 27742 29355 26296 27310 26858 23714 31021 28252 0 0 0 28537 30141 18305 22284 27469 24340 26418 27434 26443 28428 29428 29307 28103 28407 31215 28729 26927
14 10242 50KHz 25796 31192 27390 24605 31408 24377 32609 24640 24986 17014 15889 30522 27239 0 0 0 29166 20208 27213 27395 27410 32036 30059 31196 28776 29082 28324 31060 30070 28002 29124 33412
15 10246 50KHz 33214 27213 30914 33475 25511 31202 25028 29785 28651 31274 28663 25666 21284 28785 0 0 0 25997 29916 21720 22367 18266 24868 22617 28078 27958 29875 25850 27933 30404 29602 24192
16 10249 50KHz 27781 31030 28906 26985 31693 27878 31740 27614 28117 24040 24848 25551 21767 30245 29112 0 0 0 29182 20102 22844 29030 28667 29488 28447 29088 28589 30545 30022 29185 29432 32412
17 10252 50KHz 28382 29989 28755 28117 29955 27988 30637 28101 28126 25630 26042 26659 24611 18139 31269 24999 0 0 0 28667 30727 21875 25926 26258 27480 27786 28386 28795 29239 28610 29363 30386
18 10255 50KHz 27824 30152 28447 27672 30271 27593 31364 28221 28321 25666 26438 27460 26069 21695 25713 29616 27916 0 0 0 28109 17064 24232 25509 26848 27344 27888 28752 29104 28256 29192 30768
19 10259 50KHz 30799 28159 29936 30631 27814 30153 27352 29217 28992 29712 29163 28638 28429 27863 26607 22377 31128 28233 0 0 0 27546 30777 17263 23943 25451 27080 25564 27402 29378 28590 26625
20 10262 50KHz 30908 27206 31182 27555 29559 29697 26299 28185 29841 29662 29474 28544 27918 24730 26667 23720 21246 30779 28360 0 0 0 28701 13785 20016 26103 24086 26299 25366 32348 25000 27051
21 10265 50KHz 25998 31147 26654 27915 30113 26629 34132 28926 28056 24776 26153 28503 27787 26144 31413 17960 27711 21235 16829 27332 0 0 0 27978 31339 21787 26273 26055 29090 24884 30520 31402
22 10268 50KHz 28907 28611 28985 28575 29011 28668 29465 28869 29015 28116 28439 28885 28559 27366 29394 25105 27441 25502 24159 30786 28074 0 0 0 29618 17418 22495 23413 25793 27916 27473 27798
23 10271 50KHz 26924 28810 27587 26875 29370 26894 31337 28332 28451 25856 26903 28359 27688 25362 30387 20962 27751 24707 24147 13641 30368 26005 0 0 0 28794 30891 18753 24064 25566 26653 28226
24 10275 50KHz 29701 25611 29189 28613 26575 28874 25832 28084 28488 29163 28830 28343 28310 27819 27654 27821 26712 26565 26204 23810 18305 30930 29152 0 0 0 28182 30176 18169 26431 23240 22759
25 10278 50KHz 29496 25705 28686 29712 25885 28997 26400 28555 28283 29263 28849 28602 28750 29271 28262 28050 27889 27291 27117 25801 25796 19954 17449 28998 0 0 0 26609 30507 23094 23068 21689
26 10281 50KHz 29865 25476 29649 29233 26756 29559 25773 28487 28905 30229 29758 29004 29134 29278 27963 30184 27766 28327 28074 27874 24492 25834 23693 31248 28790 0 0 0 28591 21571 20326 21506
27 10284 50KHz 26416 27803 27777 27425 29182 27678 30983 28965 29060 27427 28188 29201 28832 27584 30713 25304 29781 28401 28557 25413 26080 24789 23125 19312 30280 25944 0 0 0 29265 31144 23799
28 10287 50KHz 25348 24996 27748 26553 27995 27697 28391 28091 28719 28078 28495 28761 28517 27400 29217 27151 28713 28446 28470 26884 24428 27893 25086 24053 18255 30272 27428 0 0 0 28471 15571
29 10291 50KHz 21757 31040 26152 28815 21060 28469 22394 27423 26966 29984 28983 28136 28775 30947 27003 30310 27907 27941 27765 29182 32035 23891 27840 26294 27707 24067 21713 29126 0 0 0 26984
30 10294 50KHz 29457 30808 25697 24896 25497 27729 25767 27526 28554 29175 29264 28926 28919 28291 28590 29540 28423 28997 28943 28668 24989 30079 27566 27326 24597 23864 20029 31089 28613 0 0 0
31 10297 50KHz 20388 30047 21634 22358 31698 25641 36452 29725 30121 25220 27258 29840 28982 25548 33516 22254 32140 29910 30473 25672 26933 30667 27102 27646 22134 20067 18782 21087 11730 25425 0 0
