
0 16678 50KHz 0 0 29056 30770 7430 25902 14080 24780 23140 28610 26818 25075 26652 29965 23357 32245 25197 26845 26566 30080 30325 24810 28612 27057 29961 29249 29658 25901 26002 23499 29270 9331
1 16681 50KHz 0 0 0 28119 31018 22942 27749 27338 28584 27389 28269 29098 28571 27374 30455 26270 30043 29189 29495 27329 26499 30266 28015 28882 26203 25856 24888 27256 25102 14025 30541 29844
2 16684 50KHz 29413 0 0 0 27175 31067 12409 23682 23530 27590 26676 25902 27086 29406 25593 30051 26980 27593 27530 29301 30824 25601 28726 27773 29578 28603 29507 27461 28204 26870 26063 22389
3 16687 50KHz 31422 28878 0 0 0 27993 29135 18086 19468 26462 25302 23830 25565 28618 22676 32694 24820 27041 26938 30369 27425 27459 28841 27758 29513 29955 29356 27532 27671 30310 26320 24087
4 16691 50KHz 14326 31248 27744 0 0 0 27719 30921 23326 25457 26972 28056 28638 28332 30464 26382 30834 29621 29942 28206 30150 28915 29140 29726 28389 27429 27886 29492 29113 23089 26713 31313
5 16694 50KHz 29660 25377 22235 28599 0 0 0 26803 30093 21430 22414 21858 24746 28450 22513 31296 25756 27042 26927 30279 29860 25769 29036 27681 30157 29695 30206 27778 28789 30303 29049 26303
6 16697 50KHz 19229 28632 17537 29354 27206 0 0 0 29582 19296 26379 29467 29523 28024 33044 26558 31971 31026 31604 28493 28641 32665 29983 31551 28452 28528 27935 31488 30098 24994 27990 34805
7 16700 50KHz 26877 27866 25276 18911 30697 25418 0 0 0 28220 30829 19727 23246 26323 24347 29234 26366 27524 27839 29081 27967 28260 28846 28660 28947 29022 28819 28826 28783 28600 28330 29290
8 16703 50KHz 25366 28926 24972 20163 21966 29762 28709 0 0 0 29017 15029 23432 25982 26510 27436 28244 28450 28868 28774 29166 28790 29195 29451 29014 28737 28830 29591 29423 27375 28789 31010
9 16707 50KHz 30329 27839 28928 28063 24900 22434 31126 28213 0 0 0 26861 30363 20820 16914 29165 22377 24995 25506 29004 27791 25617 28200 27132 29200 29072 29319 27571 28361 29963 28810 27091
10 16710 50KHz 29109 29067 28479 27235 27054 24023 25474 31137 29396 0 0 0 27934 30873 17099 27232 24081 26104 26859 29045 28680 27098 28922 28393 29513 29283 29558 28791 29261 29346 29385 29123
11 16713 50KHz 27416 29819 27588 25340 28011 22663 28611 21353 17074 27005 0 0 0 28266 30750 24351 25148 26925 28046 28842 28428 29135 29393 29556 29348 29372 29261 29848 29675 28713 29285 30929
12 16716 50KHz 28507 29225 28405 26774 28450 25439 28625 24498 24319 30608 27384 0 0 0 27771 31280 20452 24415 26288 28347 27419 28119 28852 28694 29121 29240 29150 29131 29188 29204 29089 29833
13 16719 50KHz 31135 28263 30376 29756 28312 29501 27323 27767 27189 23857 31030 28307 0 0 0 28576 30124 18164 22128 27401 24124 26537 27682 26773 28530 29212 28792 27569 27971 30758 28337 27041
14 16723 50KHz 25757 30973 27173 23669 30587 22741 32730 25266 27230 18591 16659 30572 27343 0 0 0 29234 20752 27505 27646 27329 32210 30043 31356 29139 29720 28919 31500 30274 28306 29223 33237
15 16726 50KHz 32705 27120 30555 33310 26085 31924 25679 30055 28044 30792 28377 25641 21568 28878 0 0 0 25982 29881 21405 21970 18054 25187 22978 28290 27619 29114 24921 27202 29752 28885 24140
16 16729 50KHz 27810 30866 28799 26548 31135 26941 31735 27852 29310 24902 25297 25871 22094 30297 29227 0 0 0 29212 20276 22888 29067 28751 29780 28909 29591 29052 30724 30098 29290 29503 32158
17 16732 50KHz 28435 29725 28658 27826 29487 27418 30459 28231 28906 26310 26412 26896 24882 18450 31336 25118 0 0 0 28690 30703 21903 26039 26647 28004 28286 28677 28744 29095 28691 29181 29985
18 16736 50KHz 27970 29869 28388 27451 29658 26951 31032 28270 29089 26382 26815 27714 26299 21959 26134 29666 28043 0 0 0 28093 16919 24283 25885 27494 28003 28419 28864 29109 28404 29143 30336
19 16739 50KHz 30769 27738 29782 30663 27619 30469 27356 29389 28853 29720 29130 28667 28541 28024 26770 22606 31163 28328 0 0 0 27527 30798 18043 24988 26104 27229 25073 26889 29105 28058 25946
20 16742 50KHz 31191 26690 31417 28010 29639 30749 26942 28568 29430 29311 29381 28496 28011 24927 26599 24219 21562 30818 28459 0 0 0 28699 14733 21048 27065 24455 25974 24835 32259 24547 25931
21 16745 50KHz 26484 30871 26660 27968 28958 25581 32751 28728 29159 26313 26985 28934 28127 26581 31656 18222 28027 21655 17283 27453 0 0 0 27966 31463 23254 27859 27166 29797 25435 30925 31144
22 16748 50KHz 29364 28292 29155 28993 28558 28945 29019 29021 29184 28725 28803 29053 28802 27852 29342 25831 27631 25841 24446 30872 28151 0 0 0 29698 19929 23898 24364 26229 28312 27603 27293
23 16752 50KHz 27434 28971 27868 27279 29070 26750 30995 28448 29224 27037 27720 28898 28195 26069 30685 21892 28410 25521 24944 16418 30536 26136 0 0 0 28890 31103 21253 25505 26322 27542 28601
24 16755 50KHz 29786 25881 29297 28862 27021 29493 26601 28500 28424 29091 28853 28482 28531 28107 27998 28418 27332 27298 26965 25133 19998 31140 29312 0 0 0 28234 30328 19191 26804 23797 23350
25 16758 50KHz 29370 25987 28608 29625 26289 29186 27087 28868 28408 29189 28821 28770 28912 29207 28815 28038 28458 27904 27792 26622 27396 22032 20279 29133 0 0 0 26633 30557 23172 23336 22373
26 16761 50KHz 29718 25642 29571 29105 27196 29870 26789 28880 28763 29613 29345 28902 29058 28925 28407 29765 28197 28666 28563 28163 25317 27628 25042 31413 28870 0 0 0 28608 21517 20404 21842
27 16765 50KHz 26408 27980 27846 27244 29295 27214 31249 28922 29687 27820 28516 29535 28967 27250 31148 24649 30041 28461 28768 25150 26391 26289 24443 21794 30474 26035 0 0 0 29285 31156 24085
28 16768 50KHz 25463 25029 27857 26561 28115 27695 28869 28247 28914 28016 28460 28786 28467 27055 29395 26581 28823 28373 28553 26552 24302 28900 25786 25433 19563 30372 27509 0 0 0 28504 15649
29 16771 50KHz 21861 30999 25915 28731 20881 28858 22704 27918 26567 29422 28293 27657 28434 30409 27072 29722 27857 27958 27842 29025 32270 24469 28284 26730 27979 24088 21688 29169 0 0 0 26981
30 16774 50KHz 29490 30825 25781 25036 25700 28026 26632 28012 28451 28700 28806 28592 28644 27927 28562 28969 28451 28851 28950 28366 24851 30511 27872 28057 25244 24328 20356 31120 28674 0 0 0
31 16778 50KHz 20407 30099 22183 22772 31880 25170 35981 29322 31301 26958 28727 30735 29552 25980 33386 22509 31938 29572 30107 25130 25898 30379 26794 28218 23204 21349 19659 21721 12262 25505 0 0
0 17090 50KHz 0 0 29014 30745 7100 26025 13694 25023 23193 28969 26830 24685 26063 29506 22752 32553 25320 27216 26726 30261 30465 24256 28289 26511 29393 28324 28696 25033 25467 21652 29371 9131
1 17094 50KHz 0 0 0 28168 30978 22966 27029 27124 28293 27430 28279 29029 28651 27714 30024 26384 29712 28940 29314 27472 26721 30220 28157 28882 26384 25901 24643 26327 23820 13613 30276 29790
2 17097 50KHz 29387 0 0 0 27179 31098 12593 23997 23766 28004 26917 25870 26894 29231 25188 30271 27021 27856 27689 29587 31090 25493 28697 27532 29446 28278 29068 26685 27443 25823 25356 22690
3 17100 50KHz 31414 28919 0 0 0 28032 29171 18679 20043 27207 25862 23988 25319 28189 22053 32996 24995 27614 27341 30817 27615 27561 28780 27402 29249 29562 28849 26542 26743 29325 25597 24109
4 17103 50KHz 13333 31210 27727 0 0 0 27713 30907 23380 25417 27132 28399 29017 28625 30705 26103 30932 29578 29994 28250 30450 29365 29437 30014 28789 27885 28246 29420 28790 22838 25264 29873
5 17106 50KHz 29777 25509 22404 28608 0 0 0 26845 30143 22006 22970 22230 24681 27943 22168 30827 26432 27782 27560 30728 30212 26297 29192 27669 30116 29592 30006 27215 28186 29775 28526 26005
6 17110 50KHz 18728 28021 17447 29355 27170 0 0 0 29559 18642 26356 29806 30044 28500 33553 26467 31524 30598 31386 28142 28623 33046 30139 31814 28759 28990 28429 31825 30263 25338 27240 33530
7 17113 50KHz 26981 27727 25466 19278 30674 25418 0 0 0 28237 30858 20136 23426 26106 24236 28739 26405 27786 28199 29161 28191 28846 29017 28804 29022 29133 28919 28705 28580 28506 27948 28712
8 17116 50KHz 25274 28696 25088 20550 21945 29781 28663 0 0 0 29026 15357 23644 25930 26479 26805 28168 28426 28992 28612 29223 29276 29306 29607 29097 28892 29022 29694 29433 27444 28455 30396
9 17119 50KHz 30655 27985 29276 28651 24827 22757 31086 28196 0 0 0 26892 30359 20150 16012 27783 22212 25374 26164 29232 28219 26499 28525 27492 29316 29194 29393 27509 28159 29742 28658 26940
10 17123 50KHz 29114 29162 28644 27627 27197 24322 25433 31144 29372 0 0 0 27930 30837 15941 25622 23543 26055 27196 28990 28889 27777 29167 28750 29623 29422 29685 28954 29284 29226 29263 29029
11 17126 50KHz 27031 29812 27515 25410 28332 22847 28938 21517 16982 26973 0 0 0 28308 30628 22796 24095 26343 27924 28478 28239 29540 29457 29825 29361 29469 29388 30180 29853 28658 29147 30872
12 17129 50KHz 28000 29362 28222 26511 28816 25236 29147 24499 24362 30560 27309 0 0 0 27661 31074 18660 23479 26026 27975 27134 28485 28945 29032 29135 29342 29227 29498 29365 29053 28954 30035
13 17132 50KHz 30835 28651 30275 29360 28563 28859 27759 27447 27056 23064 30957 28263 0 0 0 28377 29757 15041 21428 27046 23912 26639 27875 27234 28708 29410 28913 27876 28043 30455 28261 27477
14 17135 50KHz 25149 30602 26758 22983 30766 22305 33219 25097 27144 17650 14096 30390 27120 0 0 0 29143 18469 25956 26960 25800 31110 29400 30736 28754 29518 28760 31437 30241 28463 28892 32846
15 17139 50KHz 32974 27358 30767 33599 25826 31332 25703 29614 27525 29629 26946 24439 19783 28702 0 0 0 25776 29687 20702 21012 17010 25030 22785 28503 27715 29246 24513 26808 29336 28586 23870
16 17142 50KHz 27770 30624 28752 26596 31187 27478 31299 27818 29203 24700 24733 24882 20467 29912 29087 0 0 0 29177 20007 22255 28101 28283 29218 28738 29466 29045 30505 30018 29422 29338 31673
17 17145 50KHz 28628 29545 28806 28271 29433 28034 30020 28373 28816 26509 26235 26305 23980 14991 31134 24881 0 0 0 28680 30685 21298 25785 26270 27995 28277 28783 28520 28979 28778 29025 29440
18 17148 50KHz 28041 29737 28489 27814 29731 27538 30809 28539 29148 26842 26999 27507 25931 20834 24310 29422 27987 0 0 0 28086 16661 24160 25708 27507 28042 28555 28867 29155 28552 29075 29988
19 17152 50KHz 30930 27963 30074 31141 27746 30869 27047 29386 28639 29712 28874 28187 28058 27393 26100 21864 31150 28330 0 0 0 27524 30809 18241 25236 26395 27506 25206 26862 28980 27854 25851
20 17155 50KHz 31374 26977 31672 28128 29804 30815 26678 28405 29116 29173 29105 27972 27551 24756 25587 24112 21133 30798 28428 0 0 0 28706 14932 21281 27474 24770 26367 24967 32223 24385 26004
21 17158 50KHz 26033 30809 26484 27988 29317 25991 33072 29152 29518 26987 27610 29357 28528 26617 30622 16842 26836 20930 16959 27426 0 0 0 27957 31454 23183 27891 27375 30036 25593 30971 31181
22 17161 50KHz 29123 28501 29178 29028 28921 29109 29195 29133 29230 28884 28907 29003 28769 27870 28757 25518 27158 25602 24302 30866 28130 0 0 0 29705 20095 24052 24651 26383 28250 27467 27410
23 17164 50KHz 26890 29012 27647 27010 29489 26804 31370 28636 29411 27373 28096 29148 28495 26396 29923 21318 27604 25031 24695 16455 30528 26093 0 0 0 28888 31106 21529 25727 26367 27401 28655
24 17168 50KHz 29272 26168 29282 28787 27618 29565 27029 28607 28506 29121 28867 28366 28405 28143 27661 28615 27232 27363 26997 25294 20012 31118 29292 0 0 0 28251 30358 19273 26544 23295 23289
25 17171 50KHz 28572 26142 28427 29439 26909 29221 27671 29029 28573 29259 28905 28791 28923 29299 28693 28121 28404 27962 27852 26835 27618 21921 20313 29119 0 0 0 26655 30566 22889 22686 22087
26 17174 50KHz 28907 25584 29321 28802 27694 29807 27390 29025 28957 29637 29414 28933 29026 28949 28350 29905 28315 28851 28718 28340 25503 27641 25080 31408 28854 0 0 0 28619 21366 19698 21248
27 17177 50KHz 25538 27219 27117 26212 29209 26580 31612 28783 29764 27706 28646 29825 29304 27519 31092 24043 29750 28191 28735 25182 26724 26491 24629 21961 30475 26003 0 0 0 29353 31125 23187
28 17181 50KHz 24727 23923 27084 25472 27804 26984 29145 28052 28941 27783 28446 28924 28592 27078 29407 26039 28764 28276 28608 26456 24437 29139 25868 25562 19475 30348 27464 0 0 0 28520 13389
29 17184 50KHz 19583 30812 24906 27612 20787 28372 23288 27940 26732 29255 28194 27617 28268 30046 27301 29351 28125 28162 28062 28919 32295 24558 28198 26742 27681 23693 21392 29194 0 0 0 26816
30 17187 50KHz 29547 30612 24906 23931 24259 27311 25995 27667 28178 28513 28642 28411 28450 27725 28220 28539 28309 28731 28908 28138 24656 30425 27667 27855 24707 23562 19448 31059 28641 0 0 0
31 17190 50KHz 20203 30070 22328 22406 29961 24363 34234 28441 30444 26541 28418 30526 29691 26385 32830 21902 31145 28787 29610 24923 25851 30318 26849 28243 23074 20894 18698 20333 10754 25235 0 0
