
0 6592 50KHz 0 0 29322 30904 7838 27348 14060 25136 23540 29744 27166 25110 26948 30714 22646 32906 24799 26373 25931 30306 30972 23472 28501 26205 30027 29014 29974 25236 26043 25169 29730 9146
1 6595 50KHz 0 0 0 28335 31099 22658 27813 26962 28297 26601 27852 28876 28111 26716 30503 25575 29898 29065 29421 26878 26135 30644 27706 28983 25973 25733 24490 27219 25137 14161 30518 30110
2 6598 50KHz 29622 0 0 0 27301 31206 12777 23898 23906 28191 26881 26008 27244 29663 25332 30226 26794 27309 27195 29297 30869 25159 28565 27294 29463 28344 29472 26815 27775 26915 26337 22267
3 6601 50KHz 31495 29077 0 0 0 28382 29251 18918 20582 27903 26168 24597 26321 29231 22712 33208 24854 27044 26669 30500 27688 26820 28793 27210 29270 29678 29124 26880 27082 30189 26098 23520
4 6604 50KHz 13278 31275 27701 0 0 0 27938 30973 23793 25045 26818 28191 28518 27810 31092 25387 31158 29635 30117 27705 29962 29579 28906 29907 28270 27276 27782 29486 29181 22829 26483 31511
5 6608 50KHz 30403 25145 23002 28834 0 0 0 26965 30222 23000 23177 22559 25520 29078 22697 31627 26076 27108 26818 30486 30209 25446 29122 27286 30152 29595 30323 27171 28293 30405 29065 25148
6 6611 50KHz 18880 28544 17327 29334 27340 0 0 0 29725 18702 26130 29303 29056 27217 33216 25868 31647 30876 31553 27864 27924 33291 29530 31597 28096 28386 27555 31553 30122 25022 27466 34914
7 6614 50KHz 26766 27525 25082 18948 30728 25452 0 0 0 28544 30928 20698 23853 26421 24973 28963 26661 27673 27901 28827 27842 28492 28697 28518 28642 28795 28556 28586 28471 28410 27969 28804
8 6617 50KHz 25337 28624 24965 20591 22266 29815 28847 0 0 0 29151 15893 23710 25787 26715 26943 28201 28311 28739 28322 28773 28966 28836 29192 28650 28423 28552 29286 29149 27217 28481 30528
9 6621 50KHz 31134 27263 29319 29099 24548 23853 31135 28570 0 0 0 26970 30468 21515 17000 29429 22536 25059 25423 29133 28296 25295 28317 26847 29260 29030 29518 27106 27993 30102 28868 25862
10 6624 50KHz 29237 28827 28507 27621 26910 24350 25419 31195 29513 0 0 0 28127 30940 17610 27069 24458 26276 26976 28935 28913 27202 28947 28361 29459 29169 29600 28647 29131 29221 29405 28661
11 6627 50KHz 27231 29706 27483 25640 28123 22906 28530 21868 16958 26957 0 0 0 28363 30786 24151 25293 26914 28004 28482 28218 29223 29155 29445 29067 29120 29043 29757 29573 28478 29103 30805
12 6630 50KHz 28624 28964 28434 27215 28364 25914 28283 24843 24509 30651 27509 0 0 0 27766 31311 20387 24326 26103 28173 27397 27898 28717 28512 28973 29099 29070 28961 29032 29138 28978 29423
13 6633 50KHz 31608 27917 30517 30091 27921 29840 26762 27716 27036 24173 31069 28422 0 0 0 28718 30144 18462 22132 27694 24690 26210 28007 26874 28733 29457 29012 27631 27895 31025 28345 26459
14 6637 50KHz 24904 31024 26730 23337 31152 22574 32879 25624 27323 18238 16455 30573 27245 0 0 0 29385 21374 27605 27192 26380 32400 29402 31117 28397 29225 28129 31486 30105 27859 28549 33708
15 6640 50KHz 33301 26825 30763 33708 25387 32049 25440 29785 27731 30853 28081 25562 21894 28994 0 0 0 26111 29924 22238 23633 17732 25952 23306 28993 28043 29986 25002 27317 29971 29618 23352
16 6643 50KHz 27283 30836 28484 26289 31418 26921 31497 27924 29206 24668 25301 25777 21707 30227 29297 0 0 0 29300 20392 22632 29070 28446 29669 28487 29338 28567 30761 30002 29062 29033 32424
17 6646 50KHz 27968 29739 28332 27663 29555 27249 30421 28244 28753 26072 26282 26732 24556 18164 31370 25041 0 0 0 28897 30787 21812 26122 26719 27929 28127 28594 28827 29152 28386 29158 30160
18 6649 50KHz 27296 29905 27990 26983 29895 26574 31097 28198 28935 25974 26617 27479 25815 21310 26045 29558 28016 0 0 0 28327 17501 24528 26109 27280 27842 28127 29025 29101 28099 28906 30700
19 6653 50KHz 31017 27576 29824 30776 27303 30574 26949 29120 28490 29646 28820 28232 28245 28000 26345 22858 31180 28474 0 0 0 27471 30910 18429 25500 26483 27691 25293 27023 29343 28399 25655
20 6656 50KHz 31588 26603 31328 28022 29394 30688 26229 28104 28852 29217 29095 27969 27670 25021 25672 24972 21159 30877 28667 0 0 0 28888 14426 21511 27570 24559 26543 25105 32715 24380 26098
21 6659 50KHz 25237 31148 26170 27138 29565 24958 33349 28761 29206 25714 26811 28832 27663 25815 31756 17178 27783 21136 17025 27244 0 0 0 28246 31530 23409 27776 27465 29887 24937 30893 31893
22 6662 50KHz 29255 28181 28987 28897 28408 28885 28656 28798 28826 28593 28585 28665 28475 27854 28716 26101 27219 25732 24551 30949 28257 0 0 0 29860 20456 24080 24441 26222 28320 27641 27223
23 6666 50KHz 26529 29223 27323 26611 29411 26130 31199 28247 28968 26482 27446 28614 27753 25732 30415 21582 28092 25285 24934 15750 30442 26393 0 0 0 29106 31156 21810 25819 26035 27548 29319
24 6669 50KHz 29869 25892 29233 28660 27086 29466 26353 28173 28086 28969 28604 28038 28194 28023 27215 28782 26750 27051 26617 25395 19933 31201 29459 0 0 0 28426 30407 19521 27270 23903 23485
25 6672 50KHz 29309 26137 28483 29500 26360 29126 27163 28698 28192 29056 28573 28437 28651 29270 28372 28146 28181 27631 27579 26762 27553 22088 20674 29342 0 0 0 26766 30618 23591 23891 22471
26 6675 50KHz 29972 25595 29608 28959 27314 30005 26603 28670 28585 29673 29264 28610 28867 28923 27722 30289 27667 28486 28223 28372 25080 27506 25081 31462 29027 0 0 0 28737 22656 20473 21799
27 6678 50KHz 25702 28112 27178 26493 29366 26369 31379 28595 29344 27120 28121 29276 28568 26977 31129 24253 29987 28381 28798 25057 26469 26577 24278 22206 30513 26085 0 0 0 29495 31208 24561
28 6682 50KHz 25393 25239 27424 25885 28291 27052 28932 27859 28614 27452 28128 28496 28089 26656 29147 26341 28547 28262 28369 26416 24141 28949 25531 25600 19576 30384 27571 0 0 0 28715 16526
29 6685 50KHz 23430 31028 26194 28930 21031 29215 23136 27948 26619 29627 28176 27463 28369 30688 26735 29809 27726 27617 27573 29126 32695 23927 28242 26468 28287 24260 22699 29353 0 0 0 27016
30 6688 50KHz 29840 30843 26068 24852 25717 28111 26216 27726 28265 28714 28774 28355 28438 27730 27882 29501 27825 28717 28597 28498 24295 30535 27735 27954 25093 24597 20053 31159 28873 0 0 0
31 6691 50KHz 21199 30441 21806 21594 32584 22997 36769 28622 30848 24986 27834 30541 28872 24589 34391 20458 32458 29774 30580 24291 25966 31469 26494 29072 23003 21019 19075 22303 13188 25439 0 0
0 11537 50KHz 0 0 29051 30778 7605 26116 14476 25047 23418 28765 27009 25341 26866 30202 23513 32397 25477 26952 26750 30243 30420 25056 28746 27299 30134 29423 29848 26097 26106 23366 29203 9136
1 11540 50KHz 0 0 0 28047 30976 22764 27445 27178 28422 27310 28188 28970 28474 27319 30327 26241 29854 29102 29350 27249 26493 29969 27885 28656 26046 25637 24647 26961 24866 13750 30475 29734
2 11543 50KHz 29340 0 0 0 27147 31071 12521 23812 23662 27711 26816 26064 27213 29575 25627 30248 27095 27629 27610 29423 30772 25766 28786 27866 29647 28699 29580 27518 28243 26901 26037 22204
3 11547 50KHz 31394 28806 0 0 0 27973 29140 18340 19723 26677 25579 24185 25842 28929 22831 32892 25036 27153 27075 30504 27603 27493 28922 27906 29613 30055 29462 27672 27753 30283 26344 24102
4 11550 50KHz 14028 31188 27630 0 0 0 27636 30892 23146 25375 26937 28005 28604 28324 30392 26414 30722 29551 29853 28182 30061 28807 29056 29563 28285 27282 27724 29259 28949 22955 26424 30997
5 11553 50KHz 29580 25352 22036 28500 0 0 0 26782 30102 21547 22690 22282 25064 28759 22760 31530 26042 27172 27098 30427 29946 25948 29116 27831 30238 29787 30311 27901 28878 30322 29151 26360
6 11556 50KHz 19032 28182 17071 29267 27029 0 0 0 29502 18766 26202 29286 29387 27897 32896 26483 31724 30932 31430 28385 28515 32456 29850 31316 28284 28329 27688 31193 29867 24867 27589 34466
7 11560 50KHz 26866 27753 25161 18719 30641 25272 0 0 0 28171 30831 19962 23425 26520 24474 29363 26480 27589 27894 29136 28019 28268 28850 28650 28939 29005 28797 28788 28749 28579 28275 29199
8 11563 50KHz 25335 28760 24851 19983 21574 29693 28567 0 0 0 28976 15041 23447 26016 26539 27479 28250 28451 28856 28771 29121 28793 29158 29375 28955 28671 28747 29473 29340 27334 28663 30849
9 11566 50KHz 30300 27905 28945 28027 24849 22156 31093 28081 0 0 0 26892 30399 21118 17292 29318 22747 25189 25722 29110 27851 25846 28260 27246 29213 29104 29352 27659 28411 29953 28884 27172
10 11569 50KHz 29044 29070 28442 27182 26995 23865 25329 31095 29283 0 0 0 27927 30883 17308 27260 24309 26201 26978 29080 28702 27220 28931 28427 29484 29251 29532 28797 29259 29288 29390 29136
11 11572 50KHz 27374 29727 27513 25303 27883 22597 28412 21164 16307 26912 0 0 0 28239 30739 24295 25119 26890 28021 28799 28401 29094 29339 29483 29273 29281 29175 29750 29603 28632 29194 30835
12 11576 50KHz 28474 29199 28361 26768 28406 25419 28548 24413 24115 30575 27288 0 0 0 27740 31267 20483 24394 26300 28339 27437 28111 28824 28667 29071 29180 29101 29088 29158 29144 29059 29809
13 11579 50KHz 31185 28370 30449 29895 28415 29594 27404 27829 27161 23777 30998 28216 0 0 0 28546 30138 18238 22266 27505 24244 26595 27720 26852 28534 29239 28820 27657 28017 30781 28435 27131
14 11582 50KHz 25598 30825 26936 23451 30367 22525 32503 25070 26969 18415 16228 30505 27198 0 0 0 29156 20355 27288 27471 27288 31963 29935 31216 29032 29560 28771 31356 30161 28140 29035 33145
15 11585 50KHz 32809 27338 30777 33486 26367 32131 25970 30232 28202 30847 28396 25671 21326 28793 0 0 0 25944 29907 21598 22219 18435 25305 23200 28372 27732 29266 25098 27357 29856 29164 24307
16 11588 50KHz 27772 30737 28699 26441 30988 26855 31538 27742 29158 24846 25165 25592 21743 30245 29110 0 0 0 29166 20041 22736 28909 28646 29643 28798 29490 28913 30585 29968 29245 29325 32038
17 11592 50KHz 28338 29726 28564 27706 29443 27267 30465 28142 28819 26192 26264 26685 24604 18066 31282 24951 0 0 0 28660 30706 21870 26031 26657 27994 28228 28646 28720 29095 28614 29180 30015
18 11595 50KHz 27943 29806 28331 27345 29574 26863 30938 28178 28990 26316 26707 27530 26086 21701 25772 29606 27906 0 0 0 28061 16825 24211 25824 27438 27945 28351 28767 29041 28368 29070 30251
19 11598 50KHz 30805 27866 29875 30712 27768 30514 27510 29443 28910 29707 29111 28659 28504 27957 26701 22395 31125 28227 0 0 0 27505 30798 18193 25013 26154 27279 25159 26948 29153 28199 26049
20 11601 50KHz 31160 26918 31337 28070 29718 30656 27099 28576 29393 29133 29236 28410 27910 24777 26605 23677 21206 30770 28337 0 0 0 28676 14720 21103 27034 24493 26139 24943 32142 24684 26264
21 11605 50KHz 26479 30659 26667 27783 28825 25506 32561 28576 29042 26267 26904 28739 27926 26343 31368 18134 27662 21271 16625 27336 0 0 0 27933 31448 23222 27750 26936 29623 25500 30743 30821
22 11608 50KHz 29353 28326 29154 28939 28582 28884 29064 28979 29154 28629 28715 28969 28701 27700 29292 25616 27473 25677 24188 30826 28057 0 0 0 29678 19934 23898 24383 26229 28305 27633 27309
23 11611 50KHz 27458 28838 27821 27209 28912 26668 30810 28314 29079 26928 27579 28693 28000 25864 30467 21713 28075 25278 24620 15989 30484 26026 0 0 0 28845 31087 21057 25354 26308 27430 28362
24 11614 50KHz 29844 25956 29355 28892 27097 29508 26677 28510 28436 29015 28790 28438 28470 28005 27992 28279 27240 27226 26867 24921 19838 31100 29237 0 0 0 28204 30338 19197 26868 23852 23405
25 11617 50KHz 29449 26032 28694 29665 26335 29214 27149 28877 28416 29144 28773 28724 28854 29135 28774 27938 28407 27815 27728 26497 27227 21960 20046 29051 0 0 0 26624 30551 23243 23446 22335
26 11621 50KHz 29790 25692 29632 29133 27247 29895 26817 28891 28771 29566 29308 28873 29020 28859 28377 29682 28119 28617 28504 28046 25192 27498 24880 31382 28778 0 0 0 28571 21560 20446 21873
27 11624 50KHz 26421 27884 27791 27208 29128 27136 31069 28802 29536 27722 28375 29356 28803 27119 30974 24506 29793 28285 28544 24935 26253 25898 24172 21348 30431 25926 0 0 0 29251 31139 23899
28 11627 50KHz 25466 25033 27830 26525 28074 27640 28770 28178 28832 27933 28372 28680 28369 26941 29298 26486 28637 28279 28418 26398 24144 28596 25570 25141 19199 30308 27370 0 0 0 28466 15556
29 11630 50KHz 21939 31022 26105 28804 21102 28956 22954 28038 26697 29442 28335 27735 28475 30459 27124 29731 27991 27960 27917 29042 32170 24657 28301 26775 27973 23982 21550 29076 0 0 0 26972
30 11633 50KHz 29465 30813 25756 24996 25607 28027 26465 27965 28390 28685 28779 28533 28609 27900 28438 29025 28295 28811 28865 28327 24865 30345 27793 27912 25208 24082 20206 31063 28602 0 0 0
31 11637 50KHz 20461 30009 21895 22587 31532 24954 35612 29056 31011 26767 28545 30448 29321 25814 33158 22398 31610 29373 29829 24899 25826 29837 26504 27767 22864 20822 19270 21022 11715 25375 0 0
