
0 284 50KHz 0 0 59935 42146 36586 37082 34755 30945 33414 32780 32212 32467 33985 30521 32805 32649 35077 33694 33242 34051 33938 32870 34293 33792 33195 32530 33978 31966 34011 31812 31586 65535
1 284 50KHz 0 0 0 56374 45154 37534 34388 33600 32721 33666 32832 33510 34709 33346 34011 32576 31457 32070 32728 32900 32695 32772 32770 33015 33443 32834 32527 32990 33507 32868 34381 51769
2 284 50KHz 59264 0 0 0 57558 43537 35258 34237 32891 32924 32940 33122 33060 33238 33051 33010 32599 32703 32779 32621 32680 32775 32604 32700 32817 32860 32751 32959 32835 33108 33484 38736
3 284 50KHz 40745 57910 0 0 0 59465 38410 34838 33266 32932 32954 33060 32981 32956 32921 33018 32964 32866 32821 32711 32789 32770 32715 32758 32771 32819 32883 32818 32828 32915 32904 35538
4 285 50KHz 36045 43801 58356 0 0 0 56313 39507 34199 33470 33338 33553 33362 33634 33244 33098 32379 32620 32770 32562 32603 32774 32514 32667 32862 32903 32674 33049 32855 33182 33694 35455
5 285 50KHz 36234 36838 43026 58983 0 0 0 55481 41116 35173 34105 34180 34035 33172 33390 33142 33129 32919 32897 32927 32917 32775 32936 32928 32920 32764 32954 32708 33029 32614 32570 35150
6 285 50KHz 34267 34159 35133 38178 55957 0 0 0 58283 39431 35576 34500 33659 33278 33262 33121 32948 32842 32828 32764 32800 32758 32773 32800 32827 32782 32853 32783 32871 32772 32769 34001
7 285 50KHz 31705 33263 34041 34761 39202 57352 0 0 0 58623 39823 35758 33387 34232 33310 33252 32142 32543 32689 32290 32401 32759 32224 32450 32723 32957 32509 33200 32550 33453 34128 33610
8 285 50KHz 33251 32818 32956 33321 34154 40670 59897 0 0 0 57437 40682 35263 33628 33480 33140 32893 32795 32839 32816 32827 32776 32806 32813 32846 32726 32765 32736 32861 32684 32761 33203
9 285 50KHz 32534 33564 32889 32925 33438 35071 39294 58675 0 0 0 55725 35909 33877 32992 33417 33548 33173 32863 32636 32820 32774 32705 32634 32484 32776 32929 32763 32486 32922 32446 32820
10 285 50KHz 32455 32777 32948 33023 33341 34129 35592 40040 58025 0 0 0 45201 35713 34061 33555 32837 32818 32822 32638 32708 32793 32616 32685 32778 32830 32705 32907 32721 32990 33186 33087
11 286 50KHz 32585 33556 33191 33173 33660 34291 34672 36101 41512 57319 0 0 0 47607 37279 35260 33881 33347 32998 32687 32814 32844 32662 32676 32632 32890 32904 32914 32593 33069 32864 33205
12 286 50KHz 33156 34845 33155 33022 33538 34185 33835 33670 35790 36617 47805 0 0 0 49533 38160 35969 34316 33255 32876 33149 32887 32955 32747 32287 32864 33383 32671 32372 32899 31519 32923
13 286 50KHz 32625 33175 33273 33115 33719 33351 33484 34600 33876 32942 36470 51164 0 0 0 48003 35433 33840 33204 32544 32661 32958 32750 32568 32734 33115 32720 33300 32531 33616 33996 33229
14 286 50KHz 32354 32936 33201 33051 33541 33575 33489 33723 33732 33229 34576 38771 53378 0 0 0 44793 36877 34240 33263 33293 33147 32882 32789 32571 33093 33246 33010 32495 33287 32567 33194
15 286 50KHz 33270 32481 33072 33191 33172 33360 33319 33388 33258 33794 33818 35885 39355 49364 0 0 0 53526 37966 34993 33922 33593 33178 33213 33400 33239 32997 33172 33211 33086 33610 33643
16 286 50KHz 35272 31752 32726 33142 32467 33337 33125 32106 32962 33835 32912 33999 36027 35384 43677 0 0 0 54706 39705 35977 34469 34022 33884 33981 33231 33187 32887 33814 32408 32953 33923
17 286 50KHz 33836 32253 32775 32991 32691 33027 32944 32573 32817 33333 32866 33333 34295 33765 36171 48756 0 0 0 50875 38341 35395 34030 33703 33686 33383 33214 33017 33350 32752 33108 33537
18 287 50KHz 33154 32823 32826 32891 32826 32917 32865 32752 32802 32947 32843 32990 33242 33173 33931 36753 52545 0 0 0 52876 38445 34762 33909 33614 33603 33425 33105 33074 32961 32918 33253
19 287 50KHz 33557 33122 32768 32832 32716 32992 32865 32453 32845 32774 32726 32711 32913 32636 33170 34450 38517 49927 0 0 0 54598 38062 35015 33920 33735 33659 32994 33080 32820 32380 33173
20 287 50KHz 33562 32791 32720 32847 32591 32929 32829 32428 32779 32895 32703 32766 33136 32665 33178 33577 35361 37822 51487 0 0 0 57691 39269 35039 34023 33634 33013 33165 32758 32569 33182
21 287 50KHz 32832 32811 32773 32818 32792 32778 32768 32782 32745 32848 32792 32790 32904 32929 33048 33376 34126 35156 38237 53014 0 0 0 61226 39003 35066 33811 33183 33031 32983 32905 33034
22 287 50KHz 33878 32880 32677 32812 32576 32946 32813 32237 32777 32830 32615 32632 33017 32393 32956 32993 33724 33822 34629 37846 56601 0 0 0 58930 38986 35089 33323 33391 32761 32368 33238
23 287 50KHz 33499 33015 32704 32794 32675 32928 32806 32383 32749 32734 32639 32604 32794 32466 32771 32988 33612 33509 33795 34906 39291 59661 0 0 0 57292 40497 34831 34035 33358 32729 33615
24 288 50KHz 32991 33382 32786 32777 32820 32875 32801 32640 32759 32512 32719 32552 32372 32584 32556 33139 33762 33530 33492 33858 35086 39417 58143 0 0 0 55889 38236 34977 34148 33166 33747
25 288 50KHz 32633 32799 32855 32857 32955 32756 32778 33036 32642 32843 32830 32835 32864 33118 33029 33156 33058 33296 33650 33589 34022 35243 39508 57138 0 0 0 55866 41015 36869 34843 34483
26 288 50KHz 33793 32589 32749 32917 32675 32937 32845 32472 32671 33003 32643 32832 33395 32690 33142 32882 32961 33061 33354 33561 33565 33802 35115 40709 55734 0 0 0 55780 46347 37126 36356
27 288 50KHz 32178 32901 32901 32849 33014 32675 32750 33257 32631 32807 32893 32823 32614 33230 32951 33100 32791 32961 33054 32857 32965 33151 33274 34880 38444 56833 0 0 0 54397 40836 35978
28 288 50KHz 33653 33566 32906 32854 32844 33028 32883 32484 32812 32547 32680 32503 32457 32426 32542 33024 33653 33262 33042 33030 33164 33038 33407 34106 34993 41278 56207 0 0 0 53818 41112
29 288 50KHz 32403 32713 33066 32951 33169 32628 32749 33517 32587 32959 32991 33002 32886 33576 33128 33075 32307 32687 32907 32664 32697 32969 32723 33414 34261 36823 46750 54875 0 0 0 53581
30 288 50KHz 32767 34013 33433 32966 33652 32594 32773 34149 32685 32514 33215 32868 31831 33872 32579 33499 32898 33084 32924 32325 32595 32930 32373 32867 33296 34937 37454 41969 56856 0 0 0
31 289 50KHz 65535 51679 39643 35961 35808 35558 34262 33802 33241 32913 33119 33226 32998 33175 33133 33464 33761 33490 33259 33082 33187 33058 33229 33661 33884 34800 36675 36672 42024 56055 0 0
0 291 50KHz 0 0 59907 42143 36620 37091 34739 31080 33407 32783 32169 32669 33830 30632 32772 32689 35000 33697 33247 34019 33830 32907 34225 33770 33188 32533 33937 31986 33990 31847 31668 65535
1 291 50KHz 0 0 0 56427 45114 37528 34412 33552 32739 33681 32849 33490 34621 33301 34021 32572 31522 32093 32736 32940 32684 32802 32786 33028 33432 32826 32562 32958 33545 32844 34257 51661
2 291 50KHz 59297 0 0 0 57669 43407 35209 34199 32876 32922 32937 33103 33084 33194 33052 33007 32606 32703 32777 32625 32693 32769 32634 32703 32830 32860 32759 32955 32835 33100 33446 38702
3 291 50KHz 40702 57831 0 0 0 59461 38330 34824 33255 32936 32948 33058 32970 32971 32964 33013 32966 32867 32820 32727 32791 32766 32738 32761 32768 32813 32885 32834 32788 32905 32866 35550
4 292 50KHz 36102 43815 58517 0 0 0 56126 39499 34176 33442 33335 33541 33364 33638 33286 33092 32382 32610 32767 32565 32618 32769 32513 32657 32853 32906 32679 33048 32831 33160 33691 35539
5 292 50KHz 36219 36836 42893 59045 0 0 0 55505 41043 35135 34081 34185 34043 33179 33395 33145 33128 32925 32899 32939 32914 32786 32936 32933 32923 32764 32958 32708 33041 32639 32596 35209
6 292 50KHz 34317 34213 35099 38098 55886 0 0 0 58117 39369 35547 34467 33720 33281 33272 33126 32950 32840 32828 32766 32799 32759 32772 32804 32827 32786 32860 32788 32870 32774 32758 34057
7 292 50KHz 31738 33233 34040 34732 39181 57405 0 0 0 58642 39796 35653 33358 34228 33324 33257 32139 32531 32687 32276 32421 32741 32233 32449 32703 32963 32506 33198 32521 33475 34116 33635
8 292 50KHz 33257 32815 32950 33310 34120 40627 59931 0 0 0 57502 40564 35210 33632 33491 33150 32897 32808 32840 32819 32833 32780 32798 32811 32847 32729 32770 32738 32863 32689 32738 33234
9 292 50KHz 32483 33521 32878 32918 33422 35036 39227 58644 0 0 0 55708 35907 33892 33011 33427 33542 33168 32864 32632 32819 32771 32700 32627 32486 32777 32916 32770 32486 32935 32438 32855
10 292 50KHz 32456 32783 32938 33015 33340 34107 35563 40001 58146 0 0 0 45072 35677 34076 33555 32837 32815 32824 32639 32712 32795 32615 32681 32776 32831 32705 32899 32719 32999 33181 33114
11 293 50KHz 32654 33520 33176 33171 33654 34298 34651 36010 41392 57291 0 0 0 47537 37348 35261 33907 33356 33005 32712 32839 32839 32676 32684 32633 32890 32912 32907 32599 33056 32821 33250
12 293 50KHz 33146 34807 33152 33027 33542 34198 33825 33640 35725 36550 47606 0 0 0 49526 38168 35968 34322 33260 32880 33158 32881 32952 32763 32285 32871 33378 32684 32359 32908 31496 32978
13 293 50KHz 32627 33115 33249 33107 33752 33360 33502 34600 33881 32943 36545 51232 0 0 0 48062 35424 33835 33195 32552 32689 32945 32751 32566 32727 33122 32720 33305 32533 33609 33989 33240
14 293 50KHz 32383 32932 33161 33052 33531 33584 33502 33745 33750 33255 34609 38868 53596 0 0 0 44738 36842 34234 33286 33315 33144 32884 32787 32555 33102 33234 33023 32483 33299 32570 33223
15 293 50KHz 33269 32488 33067 33188 33172 33359 33325 33374 33284 33804 33829 36005 39354 49365 0 0 0 53524 37946 35018 33962 33618 33196 33225 33403 33245 33003 33170 33227 33077 33582 33680
16 293 50KHz 35175 31799 32724 33145 32463 33340 33125 32101 32955 33821 32910 34023 36101 35383 43641 0 0 0 54694 39766 36031 34547 34051 33894 34000 33243 33202 32884 33822 32365 32929 33969
17 293 50KHz 33774 32271 32783 32988 32703 33028 32940 32567 32820 33330 32867 33350 34295 33747 36116 48694 0 0 0 50924 38438 35474 34058 33727 33711 33401 33227 33036 33359 32755 33081 33565
18 294 50KHz 33134 32804 32788 32888 32823 32924 32867 32729 32805 32947 32842 32971 33237 33169 33923 36742 52582 0 0 0 52855 38475 34772 33923 33626 33622 33437 33107 33049 32958 32906 33271
19 294 50KHz 33528 33121 32760 32830 32730 32997 32865 32443 32847 32769 32723 32728 32993 32642 33191 34465 38596 49792 0 0 0 54562 38018 34994 33918 33733 33655 32999 33073 32790 32373 33193
20 294 50KHz 33520 32787 32733 32850 32665 32921 32827 32451 32777 32908 32707 32784 33143 32693 33200 33604 35407 37876 51653 0 0 0 57627 39162 35008 34008 33618 33020 33156 32773 32570 33192
21 294 50KHz 32842 32804 32787 32818 32794 32782 32774 32763 32725 32837 32781 32788 32895 32913 33051 33393 34182 35197 38231 53365 0 0 0 61256 38909 35056 33806 33179 33034 32981 32882 33046
22 294 50KHz 33799 32894 32681 32814 32575 32952 32812 32246 32775 32805 32613 32645 33020 32401 32912 33009 33740 33847 34701 37737 56597 0 0 0 58862 38898 35060 33329 33393 32772 32375 33248
23 294 50KHz 33500 33107 32705 32798 32661 32933 32809 32384 32749 32701 32630 32626 32798 32476 32761 32983 33629 33525 33767 34880 39223 59729 0 0 0 57347 40459 34826 34044 33362 32733 33659
24 295 50KHz 32994 33388 32774 32775 32829 32879 32803 32606 32764 32503 32698 32554 32361 32572 32550 33132 33778 33542 33499 33819 35068 39239 58087 0 0 0 55934 38189 34963 34146 33052 33811
25 295 50KHz 32528 32789 32820 32862 32940 32747 32780 33052 32646 32829 32833 32874 32848 33122 33009 33161 33080 33311 33582 33626 34016 35201 39393 57171 0 0 0 55882 40964 36843 34895 34590
26 295 50KHz 33778 32590 32747 32917 32671 32955 32845 32467 32674 32986 32656 32838 33365 32701 33142 32877 32977 33069 33355 33538 33537 33795 35093 40686 55722 0 0 0 55841 46311 37148 36469
27 295 50KHz 32216 32868 32897 32851 33027 32676 32751 33231 32639 32782 32892 32837 32699 33228 32887 33094 32784 32958 33052 32858 32970 33111 33275 34876 38231 56923 0 0 0 54468 40851 36100
28 295 50KHz 33665 33547 32909 32857 32845 33045 32887 32493 32812 32537 32675 32549 32445 32431 32539 33028 33668 33270 33043 33030 33159 33034 33400 34108 35027 40864 56302 0 0 0 53758 41126
29 295 50KHz 32393 32718 33045 32956 33182 32625 32754 33519 32595 32972 32993 33009 32911 33590 33150 33072 32288 32687 32900 32643 32725 32960 32709 33409 34226 36802 46576 54971 0 0 0 53550
30 295 50KHz 32803 33931 33413 32966 33681 32579 32775 34153 32686 32525 33216 32866 31812 33888 32600 33502 32891 33085 32929 32322 32628 32915 32386 32892 33298 34963 37443 42004 56919 0 0 0
31 296 50KHz 65535 51735 39612 35985 35874 35597 34313 33748 33256 32918 33124 33252 33013 33165 33146 33481 33781 33502 33277 33133 33198 33067 33259 33722 33945 34850 36754 36704 42029 56008 0 0
0 298 50KHz 0 0 59772 42101 36657 37122 34776 31140 33370 32835 32248 32719 33978 30756 32814 32706 34851 33623 33237 33941 33870 32830 34212 33692 33255 32559 33853 32058 33969 31881 31913 65535
1 298 50KHz 0 0 0 56568 45171 37552 34406 33476 32773 33600 32808 33455 34585 33226 33929 32587 31658 32168 32746 32948 32746 32785 32827 33033 33409 32815 32617 32915 33527 32799 34080 51501
2 298 50KHz 58966 0 0 0 57777 43215 35196 34178 32902 32898 32922 33072 32983 33201 33032 33016 32645 32719 32781 32636 32698 32778 32617 32708 32793 32859 32778 32946 32848 33131 33414 38695
3 298 50KHz 40736 57758 0 0 0 59618 38239 34899 33246 32913 32939 33053 33011 32959 32925 33012 32980 32869 32822 32726 32794 32767 32745 32772 32771 32826 32889 32828 32834 32917 32857 35556
4 299 50KHz 36148 43883 58576 0 0 0 56190 39463 34165 33424 33324 33544 33379 33641 33291 33100 32367 32608 32764 32566 32595 32786 32482 32670 32857 32912 32689 33050 32833 33211 33699 35609
5 299 50KHz 36251 36870 42761 59127 0 0 0 55540 40959 35090 34062 34193 34055 33188 33400 33153 33137 32924 32907 32934 32935 32776 32939 32935 32936 32773 32970 32710 33057 32621 32534 35254
6 299 50KHz 34334 34170 35067 38017 55791 0 0 0 58235 39302 35505 34437 33629 33288 33279 33131 32951 32845 32831 32767 32801 32759 32775 32806 32832 32790 32863 32782 32877 32771 32759 34106
7 299 50KHz 31766 33244 34028 34704 39156 57502 0 0 0 58661 39725 35577 33339 34274 33346 33256 32133 32523 32680 32282 32394 32771 32191 32460 32697 32962 32524 33199 32538 33501 34104 33723
8 299 50KHz 33230 32830 32943 33300 34109 40549 59976 0 0 0 57604 40411 35145 33635 33502 33160 32899 32810 32842 32813 32831 32779 32804 32812 32838 32732 32768 32742 32850 32701 32750 33237
9 299 50KHz 32503 33495 32853 32911 33405 34996 39132 58630 0 0 0 55669 35776 33906 33033 33439 33545 33173 32866 32637 32819 32778 32697 32634 32480 32778 32911 32775 32478 32935 32444 32842
10 299 50KHz 32434 32792 32936 33007 33331 34087 35526 39760 58213 0 0 0 44966 35754 34110 33585 32845 32821 32826 32646 32710 32804 32613 32695 32760 32829 32713 32913 32728 32991 33177 33116
11 300 50KHz 32727 33514 33176 33173 33668 34300 34618 35906 41221 57299 0 0 0 47578 37404 35302 33932 33370 33015 32721 32835 32854 32676 32693 32632 32892 32918 32909 32606 33070 32826 33264
12 300 50KHz 33328 34709 33123 33038 33549 34218 33833 33603 35665 36490 47525 0 0 0 49704 38195 35968 34324 33266 32879 33139 32888 32961 32737 32280 32874 33369 32694 32341 32914 31515 32963
13 300 50KHz 32626 33074 33232 33092 33765 33361 33511 34614 33895 32944 36564 51346 0 0 0 47967 35403 33821 33191 32559 32669 32980 32749 32586 32699 33118 32730 33300 32534 33678 33996 33279
14 300 50KHz 32469 32925 33177 33053 33548 33598 33518 33781 33765 33281 34638 38970 53564 0 0 0 44741 36823 34231 33274 33301 33167 32883 32798 32553 33106 33233 33036 32484 33317 32605 33229
15 300 50KHz 33245 32523 33076 33189 33166 33378 33336 33380 33298 33822 33847 36072 39403 49342 0 0 0 53494 37951 35061 33989 33648 33212 33246 33420 33246 33016 33160 33251 33074 33593 33695
16 300 50KHz 35043 31900 32779 33155 32459 33346 33125 32100 32976 33835 32921 34044 36106 35346 43561 0 0 0 54709 39841 36127 34574 34080 33899 34028 33254 33197 32885 33833 32351 32919 33975
17 300 50KHz 33724 32317 32800 32995 32679 33034 32944 32563 32824 33329 32867 33361 34292 33749 36100 48605 0 0 0 50977 38496 35516 34083 33735 33723 33410 33236 33031 33368 32749 33128 33580
18 301 50KHz 33125 32811 32816 32893 32817 32956 32872 32746 32809 32949 32847 32983 33250 33155 33915 36741 52557 0 0 0 52862 38503 34769 33924 33626 33623 33431 33107 33077 32961 32919 33262
19 301 50KHz 33488 33113 32757 32852 32721 33000 32867 32452 32849 32776 32729 32732 32920 32651 33196 34501 38666 49867 0 0 0 54567 37970 34957 33911 33734 33632 33004 33067 32808 32408 33190
20 301 50KHz 33567 32792 32727 32854 32661 32945 32829 32421 32783 32898 32708 32784 33141 32660 33187 33616 35475 37946 51449 0 0 0 57648 39056 34965 33988 33623 32989 33158 32749 32571 33206
21 301 50KHz 32802 32786 32793 32821 32806 32775 32772 32798 32722 32845 32802 32780 32902 32947 33066 33417 34200 35244 38284 52983 0 0 0 61215 38804 35024 33791 33181 33032 32994 32930 33060
22 301 50KHz 33832 32907 32691 32826 32547 32965 32816 32241 32769 32815 32608 32647 33006 32381 32893 33014 33769 33868 34664 37740 56717 0 0 0 58867 38905 35038 33317 33400 32750 32370 33300
23 301 50KHz 33422 33028 32711 32804 32669 32932 32812 32398 32743 32692 32639 32628 32801 32489 32775 33013 33627 33525 33747 34840 39111 59761 0 0 0 57416 40438 34825 34035 33369 32770 33689
24 301 50KHz 33082 33430 32763 32782 32815 32906 32811 32606 32762 32507 32698 32559 32374 32558 32552 33160 33794 33555 33511 33864 35038 39124 58113 0 0 0 55994 38173 34953 34127 33082 33864
25 302 50KHz 32561 32792 32889 32860 32945 32746 32786 33001 32650 32825 32833 32847 32858 33115 33009 33156 33094 33316 33593 33621 34005 35183 39319 57238 0 0 0 55955 40894 36796 34902 34696
26 302 50KHz 33692 32619 32759 32923 32674 32959 32859 32487 32683 32979 32657 32833 33357 32693 33131 32888 32982 33078 33349 33523 33570 33776 35058 40623 55799 0 0 0 55919 46275 37184 36527
27 302 50KHz 32317 32855 32903 32843 33032 32673 32759 33214 32640 32763 32892 32831 32666 33223 32956 33084 32780 32955 33055 32876 32958 33149 33275 34957 38167 56963 0 0 0 54538 40875 36122
28 302 50KHz 33705 33583 32846 32872 32832 33058 32887 32491 32809 32525 32676 32554 32428 32427 32516 33037 33677 33280 33038 33017 33158 33028 33416 34091 35006 40859 56539 0 0 0 53904 41135
29 302 50KHz 32327 32688 33062 32940 33190 32621 32757 33505 32596 32972 33003 33009 32886 33606 33147 33069 32282 32677 32917 32643 32707 32985 32708 33430 34250 36768 46654 55133 0 0 0 53497
30 302 50KHz 32928 33893 33381 32938 33686 32575 32785 34195 32709 32521 33225 32835 31802 33881 32622 33489 32895 33083 32948 32351 32606 32965 32412 32941 33327 34978 37534 42019 56997 0 0 0
31 302 50KHz 65535 51791 39590 36039 35994 35678 34371 33894 33261 32908 33138 33266 33023 33198 33145 33494 33796 33518 33285 33123 33202 33085 33271 33765 34000 34944 36872 36773 42047 55918 0 0
0 304 50KHz 0 0 60094 42074 36648 37209 34830 31092 33354 32857 32441 32472 33962 30529 32798 32683 34956 33688 33312 33945 34009 32711 34387 33587 33262 32579 33880 32027 33979 31768 31704 65535
1 305 50KHz 0 0 0 56477 45194 37470 34393 33618 32745 33721 32774 33564 34601 33326 34006 32570 31515 32072 32724 32928 32754 32751 32809 32996 33446 32841 32582 32925 33541 32845 34255 51713
2 305 50KHz 59354 0 0 0 57957 43097 35136 34128 32904 32861 32896 33099 32923 33185 33011 33014 32690 32740 32779 32652 32700 32782 32629 32731 32791 32855 32797 32934 32826 33079 33364 38630
3 305 50KHz 40736 57916 0 0 0 59685 38125 34741 33235 32912 32929 33061 33000 32983 32934 33008 32979 32871 32825 32737 32805 32775 32765 32777 32780 32818 32899 32795 32835 32887 32847 35569
4 305 50KHz 36168 43916 58513 0 0 0 56085 39453 34133 33398 33262 33615 33357 33689 33302 33111 32373 32607 32755 32552 32589 32800 32487 32700 32860 32920 32700 33050 32832 33224 33715 35701
5 305 50KHz 36364 36813 42633 59217 0 0 0 55595 40849 35047 34066 34172 34091 33194 33430 33159 33140 32928 32913 32940 32949 32763 32961 32926 32950 32782 32979 32715 33068 32623 32564 35338
6 305 50KHz 34333 34166 35035 37912 55651 0 0 0 58237 39193 35461 34423 33623 33311 33294 33138 32945 32847 32830 32767 32808 32759 32767 32809 32838 32796 32881 32788 32880 32775 32779 34142
7 305 50KHz 31754 33220 34012 34669 39123 57559 0 0 0 58638 39582 35549 33253 34307 33330 33281 32144 32513 32654 32300 32338 32813 32169 32513 32688 32966 32532 33190 32542 33499 34133 33776
8 306 50KHz 33234 32832 32950 33293 34095 40470 59941 0 0 0 57854 40182 35053 33653 33513 33172 32903 32814 32844 32815 32838 32772 32800 32801 32839 32736 32771 32744 32856 32693 32760 33232
9 306 50KHz 32530 33541 32835 32906 33371 34965 39063 58576 0 0 0 55735 35726 33924 33070 33456 33561 33180 32873 32646 32813 32809 32698 32652 32480 32774 32912 32777 32469 32921 32447 32820
10 306 50KHz 32624 32782 32909 32999 33284 34092 35489 39740 58352 0 0 0 44992 35757 34167 33585 32888 32831 32832 32693 32730 32813 32652 32734 32789 32814 32738 32877 32756 32942 33103 33128
11 306 50KHz 32559 33600 33177 33169 33726 34309 34616 35917 40969 57375 0 0 0 47693 37465 35371 33926 33376 33008 32686 32791 32897 32636 32698 32611 32906 32916 32944 32556 33127 32892 33269
12 306 50KHz 33340 34826 33065 33050 33554 34259 33827 33553 35549 36412 47471 0 0 0 49821 38194 35983 34326 33287 32864 33125 32958 32986 32751 32309 32868 33370 32718 32332 32905 31548 32930
13 306 50KHz 32620 33149 33222 33083 33787 33389 33532 34685 33921 32945 36623 51521 0 0 0 48081 35380 33787 33166 32570 32579 33063 32743 32622 32710 33114 32726 33307 32532 33670 34036 33295
14 306 50KHz 32535 32933 33150 33057 33553 33642 33545 33757 33797 33324 34734 39063 53730 0 0 0 44747 36841 34242 33309 33261 33265 32894 32835 32563 33104 33246 33034 32473 33298 32595 33212
15 307 50KHz 33207 32394 33105 33182 33197 33382 33349 33432 33308 33843 33865 36167 39423 49438 0 0 0 53469 37935 35083 34027 33669 33193 33258 33417 33271 33012 33169 33225 33098 33634 33708
16 307 50KHz 35148 31789 32802 33163 32468 33351 33130 32132 32979 33838 32970 34039 36095 35317 43578 0 0 0 54747 39966 36321 34556 34157 33875 34047 33280 33227 32875 33861 32357 32929 33975
17 307 50KHz 33802 32254 32815 32994 32703 33041 32946 32563 32847 33342 32878 33373 34315 33705 36089 48435 0 0 0 51150 38634 35586 34144 33752 33752 33431 33248 33025 33388 32750 33098 33572
18 307 50KHz 33311 32818 32823 32895 32820 32937 32876 32736 32813 32963 32852 32985 33268 33153 33907 36736 52614 0 0 0 52854 38578 34800 33954 33654 33646 33445 33110 33089 32952 32926 33252
19 307 50KHz 33524 33177 32769 32861 32742 33009 32870 32472 32846 32772 32764 32714 32917 32660 33225 34544 38768 50070 0 0 0 54616 37923 34924 33907 33740 33638 33013 33057 32819 32442 33175
20 307 50KHz 33684 32880 32739 32861 32653 32969 32841 32354 32799 32872 32717 32709 33152 32589 33162 33631 35630 38063 51277 0 0 0 57814 38873 34886 33970 33647 32981 33152 32730 32479 33191
21 307 50KHz 32740 32717 32791 32829 32838 32760 32767 32847 32725 32881 32809 32844 32971 33050 33127 33447 34184 35299 38351 52962 0 0 0 61152 38665 34964 33757 33197 33036 33023 33042 33073
22 308 50KHz 33781 32904 32690 32836 32559 32981 32824 32164 32778 32812 32642 32593 33047 32322 32905 32987 33829 33908 34627 37668 56897 0 0 0 58872 38798 35049 33307 33420 32727 32344 33266
23 308 50KHz 33393 33014 32713 32813 32693 32919 32811 32447 32731 32713 32686 32606 32801 32538 32806 33009 33608 33548 33804 34784 38877 59773 0 0 0 57494 40377 34854 34023 33444 32921 33712
24 308 50KHz 33092 33421 32755 32788 32833 32918 32819 32606 32763 32509 32732 32533 32396 32544 32562 33129 33817 33582 33520 33754 34943 38922 58264 0 0 0 56052 38152 34953 34143 33144 33906
25 308 50KHz 32574 32798 32836 32862 32951 32761 32791 33064 32655 32820 32817 32840 32863 33132 32994 33181 33110 33337 33598 33634 33968 35129 39227 57353 0 0 0 56031 40876 36830 34987 34817
26 308 50KHz 33759 32591 32787 32924 32705 32974 32866 32476 32680 32981 32665 32830 33339 32692 33139 32882 32993 33090 33354 33525 33589 33735 35092 40594 55893 0 0 0 56026 46247 37264 36661
27 308 50KHz 32230 32856 32895 32848 33048 32699 32763 33216 32648 32747 32852 32857 32706 33244 32895 33096 32764 32944 33017 32862 32930 33175 33250 34897 38156 57035 0 0 0 54650 40954 36231
28 308 50KHz 33672 33639 32841 32874 32879 33067 32894 32495 32809 32518 32696 32514 32410 32408 32534 33027 33698 33298 33054 32999 33171 33033 33432 34084 35103 40809 56453 0 0 0 54025 41125
29 309 50KHz 32293 32679 33041 32933 33199 32627 32757 33610 32602 32956 32959 33043 32885 33643 33120 33106 32296 32669 32900 32673 32674 33017 32683 33485 34266 36816 46569 55267 0 0 0 53416
30 309 50KHz 32823 33953 33363 32906 33667 32585 32784 34188 32720 32517 33149 32907 31848 33911 32604 33523 32874 33072 32937 32383 32517 33071 32379 33067 33382 35064 37588 42115 57125 0 0 0
31 309 50KHz 65535 51820 39615 36064 36123 35808 34454 33993 33278 32897 33166 33289 33041 33240 33157 33519 33805 33537 33305 33134 33202 33131 33306 33839 34101 35106 37099 36896 42106 55922 0 0
0 311 50KHz 0 0 60052 42108 36855 37159 34903 30997 33373 32877 32403 32582 33853 30609 32923 32607 34905 33749 33362 33909 33970 32747 34491 33485 33248 32604 33927 32008 34012 31736 31721 65535
1 311 50KHz 0 0 0 56638 45260 37505 34436 33541 32774 33637 32746 33549 34664 33222 33983 32537 31609 32100 32733 33012 32778 32759 32859 33028 33453 32833 32626 32869 33627 32697 34086 51585
2 311 50KHz 59199 0 0 0 58097 42892 35063 34269 32883 32844 32922 33111 33010 33292 33022 33041 32604 32689 32745 32605 32654 32795 32544 32718 32786 32877 32754 32995 32796 33168 33546 38808
3 311 50KHz 40731 57968 0 0 0 59817 38000 34722 33233 32915 32912 33064 33000 32941 32940 33010 32984 32871 32826 32730 32811 32773 32764 32784 32799 32821 32904 32824 32839 32884 32844 35611
4 311 50KHz 36207 43931 58855 0 0 0 55941 39308 34119 33362 33271 33624 33415 33634 33270 33117 32440 32606 32759 32599 32611 32810 32481 32742 32870 32900 32715 33033 32854 33199 33649 35810
5 311 50KHz 36287 36833 42437 59347 0 0 0 55643 40747 35006 34056 34237 34073 33269 33463 33174 33096 32938 32911 32930 32939 32771 32964 32901 32942 32806 32979 32731 33056 32654 32631 35542
6 311 50KHz 34371 34177 34974 37832 55640 0 0 0 58203 39098 35437 34392 33636 33321 33319 33149 32956 32846 32832 32776 32811 32763 32793 32819 32848 32804 32877 32792 32895 32773 32771 34208
7 311 50KHz 31749 33225 34126 34649 39012 57630 0 0 0 58626 39564 35367 33260 34287 33324 33306 32174 32495 32656 32284 32357 32828 32068 32593 32700 32957 32521 33209 32547 33544 34161 33851
8 312 50KHz 33261 32862 32952 33289 34086 40387 59974 0 0 0 58042 39851 34955 33671 33540 33191 32924 32818 32848 32812 32834 32778 32803 32793 32841 32746 32777 32744 32861 32702 32793 33251
9 312 50KHz 32559 33513 32851 32901 33367 34924 38970 58574 0 0 0 55624 35678 33956 33119 33468 33571 33184 32876 32651 32828 32790 32701 32663 32496 32765 32912 32785 32476 32913 32444 32822
10 312 50KHz 32570 32754 32939 33000 33294 34087 35411 39735 58581 0 0 0 44940 35858 34223 33621 32879 32813 32831 32677 32730 32822 32605 32749 32789 32821 32717 32894 32750 32973 33155 33147
11 312 50KHz 32626 33587 33213 33175 33716 34363 34588 35716 40614 57255 0 0 0 47571 37540 35452 33993 33399 33024 32697 32826 32891 32627 32731 32627 32899 32925 32944 32553 33095 32864 33287
12 312 50KHz 33221 34789 33097 33053 33575 34269 33858 33537 35421 36370 47531 0 0 0 49985 38209 35951 34317 33278 32872 33147 32915 32974 32746 32304 32878 33348 32771 32306 32965 31680 32933
13 312 50KHz 32625 33050 33337 33090 33737 33456 33565 34678 33949 32950 36742 51420 0 0 0 48210 35396 33753 33170 32577 32661 33051 32740 32712 32729 33100 32715 33307 32537 33657 34009 33323
14 313 50KHz 32531 32929 33183 33061 33544 33686 33577 33746 33835 33406 34809 39132 53827 0 0 0 44702 36797 34257 33338 33356 33225 32896 32894 32595 33094 33240 33047 32471 33283 32580 33226
15 313 50KHz 33186 32502 33112 33184 33200 33400 33361 33459 33330 33865 33921 36239 39544 49519 0 0 0 53378 37939 35125 34065 33748 33198 33284 33422 33290 33023 33160 33253 33123 33635 33733
16 313 50KHz 35093 31889 32724 33165 32509 33332 33131 32123 32983 33844 32961 34119 36033 35383 43588 0 0 0 54753 40029 36342 34707 34209 33851 34050 33333 33236 32852 33872 32291 32912 33983
17 313 50KHz 33856 32304 32784 33002 32691 33033 32952 32532 32835 33344 32865 33395 34269 33693 36095 48428 0 0 0 51273 38769 35711 34208 33788 33787 33474 33269 33008 33404 32735 33045 33612
18 313 50KHz 33152 32829 32796 32892 32829 32946 32883 32736 32818 32957 32855 33048 33262 33152 33932 36746 52652 0 0 0 52932 38614 34813 33981 33681 33703 33450 33112 33075 32962 32898 33333
19 313 50KHz 33526 33139 32739 32854 32758 33008 32875 32438 32851 32782 32763 32730 33045 32659 33243 34546 38788 50049 0 0 0 54722 37886 34921 33919 33751 33644 33009 33056 32842 32396 33215
20 313 50KHz 33618 32847 32710 32866 32597 32946 32838 32391 32790 32913 32722 32780 33128 32650 33221 33657 35636 38188 51144 0 0 0 57761 38755 34873 33980 33635 32986 33159 32736 32492 33231
21 314 50KHz 32732 32762 32793 32816 32834 32766 32772 32853 32717 32856 32814 32839 32936 33028 33103 33492 34308 35400 38331 53073 0 0 0 61175 38466 34925 33775 33197 33022 33038 32985 33126
22 314 50KHz 34060 32947 32616 32835 32539 33007 32835 32090 32780 32822 32606 32599 33052 32277 32860 32987 33865 33940 34651 37676 56700 0 0 0 58756 38767 35090 33284 33459 32690 32263 33389
23 314 50KHz 33227 33018 32715 32803 32801 32893 32808 32531 32721 32717 32691 32654 32777 32605 32823 33054 33589 33578 33844 34794 38823 59811 0 0 0 57470 40382 34897 34026 33507 32992 33813
24 314 50KHz 33033 33369 32754 32785 32844 32912 32822 32635 32757 32517 32738 32540 32413 32579 32603 33152 33804 33606 33548 33877 34890 38792 58309 0 0 0 56091 38216 34941 34183 33210 34031
25 314 50KHz 32650 32783 32883 32863 32916 32766 32803 33022 32668 32813 32815 32845 32872 33088 32926 33184 33160 33365 33620 33687 33966 35095 39193 57421 0 0 0 56143 40830 36829 34974 35038
26 314 50KHz 33761 32654 32770 32937 32718 32983 32874 32484 32681 32981 32663 32839 33333 32690 33141 32908 33000 33096 33370 33515 33569 33749 35123 40603 55789 0 0 0 56088 46202 37281 36803
27 314 50KHz 32210 32866 32923 32842 33018 32703 32762 33237 32648 32800 32865 32852 32757 33231 32904 33097 32754 32924 33053 32866 32924 33185 33238 34922 38082 57101 0 0 0 54754 41066 36268
28 315 50KHz 33665 33634 32789 32869 32868 33074 32903 32478 32812 32525 32713 32578 32406 32373 32528 33024 33709 33321 33059 33008 33170 33018 33463 34111 34997 40861 56578 0 0 0 54089 41150
29 315 50KHz 32295 32675 33115 32926 33190 32640 32754 33595 32607 32961 32956 33043 32937 33620 33093 33130 32299 32649 32899 32647 32666 33021 32644 33574 34300 36765 46579 55317 0 0 0 53339
30 315 50KHz 32842 33795 33478 32933 33622 32638 32788 34257 32710 32521 33173 32888 31962 33880 32579 33533 32895 33044 32947 32367 32591 33040 32314 33185 33453 35090 37617 42220 57226 0 0 0
31 315 50KHz 65535 51662 39706 36095 36243 35966 34550 34086 33302 32901 33191 33325 33028 33260 33178 33535 33810 33551 33316 33136 33228 33146 33356 33936 34180 35237 37152 36950 42062 55785 0 0
0 316 50KHz 0 0 60021 42017 36844 37182 34856 31108 33372 32917 32352 32638 33743 30748 33046 32489 34844 33754 33427 33819 33894 32769 34517 33458 33230 32598 33924 32028 33980 31746 31703 65535
1 316 50KHz 0 0 0 56670 45208 37503 34411 33409 32790 33630 32738 33583 34664 33167 33971 32578 31609 32106 32725 33024 32769 32768 32824 33019 33446 32855 32613 32859 33632 32744 34017 51757
2 316 50KHz 59130 0 0 0 58151 42654 35048 34289 32886 32842 32929 33108 32992 33280 33018 33058 32606 32677 32735 32621 32667 32796 32542 32709 32784 32879 32759 32981 32809 33175 33531 38804
3 317 50KHz 40706 58038 0 0 0 59845 37928 34721 33222 32911 32932 33065 32968 32945 32933 33010 32986 32876 32828 32737 32812 32775 32765 32782 32772 32825 32907 32829 32843 32883 32835 35625
4 317 50KHz 36280 43911 58638 0 0 0 55907 39220 34126 33355 33264 33585 33446 33592 33236 33148 32486 32614 32765 32622 32632 32816 32508 32736 32870 32915 32728 33016 32860 33159 33596 35858
5 317 50KHz 36318 36795 42351 59362 0 0 0 55651 40628 34969 34051 34263 34098 33321 33511 33181 33080 32922 32916 32926 32928 32781 32945 32920 32956 32819 32981 32737 33068 32663 32627 35551
6 317 50KHz 34397 34174 34967 37725 55576 0 0 0 58122 39014 35409 34351 33646 33371 33347 33169 32951 32844 32838 32776 32805 32769 32804 32813 32850 32812 32875 32793 32886 32786 32792 34262
7 317 50KHz 31704 33274 34097 34642 38929 57660 0 0 0 58646 39529 35274 33209 34305 33258 33384 32221 32463 32654 32292 32385 32812 32129 32526 32694 32957 32513 33217 32541 33538 34173 33906
8 317 50KHz 33215 32913 32957 33282 34082 40269 59909 0 0 0 58258 39538 34885 33694 33564 33207 32906 32819 32850 32814 32828 32788 32800 32801 32841 32753 32778 32744 32861 32707 32767 33276
9 317 50KHz 32572 33512 32835 32899 33353 34914 38888 58446 0 0 0 55452 35664 33991 33175 33484 33580 33192 32877 32665 32858 32769 32727 32657 32501 32756 32929 32791 32467 32912 32456 32827
10 318 50KHz 32571 32764 32935 33003 33285 34090 35437 39695 58646 0 0 0 45099 35971 34289 33678 32898 32816 32838 32695 32743 32818 32628 32728 32802 32818 32720 32891 32758 32947 33147 33171
11 318 50KHz 32601 33619 33195 33175 33722 34395 34581 35639 40265 57172 0 0 0 47525 37559 35462 34033 33410 33026 32698 32867 32867 32661 32702 32604 32894 32941 32953 32524 33142 32859 33299
12 318 50KHz 33215 34738 33081 33047 33591 34284 33880 33550 35334 36327 47813 0 0 0 50248 38177 35842 34300 33267 32863 33192 32887 32991 32754 32317 32863 33364 32784 32292 32961 31691 32950
13 318 50KHz 32624 33114 33277 33099 33714 33530 33604 34693 33960 32953 36872 51455 0 0 0 48348 35433 33739 33165 32591 32709 33010 32746 32637 32730 33094 32741 33308 32503 33672 34004 33331
14 318 50KHz 32782 32927 33137 33061 33511 33741 33613 33673 33867 33468 34882 39118 53925 0 0 0 44688 36796 34269 33389 33459 33201 32997 32892 32619 33074 33277 33027 32480 33226 32502 33250
15 318 50KHz 33050 32495 33122 33186 33180 33408 33378 33514 33349 33905 33986 36242 39330 49417 0 0 0 53355 37973 35149 34114 33778 33198 33276 33425 33318 33011 33178 33221 33149 33669 33740
16 318 50KHz 35030 31825 32786 33160 32561 33290 33125 32229 32975 33862 32992 34170 36032 35390 43587 0 0 0 54712 40032 36285 34837 34139 33908 34069 33387 33206 32854 33897 32390 32979 34006
17 319 50KHz 33897 32290 32796 32998 32674 33035 32954 32516 32841 33362 32857 33405 34256 33677 36077 48486 0 0 0 51327 38801 35775 34217 33832 33814 33499 33270 32998 33434 32718 33030 33617
18 319 50KHz 33109 32844 32809 32892 32844 32957 32886 32730 32824 32930 32823 33018 33247 33148 33953 36918 52489 0 0 0 53109 38598 34838 33999 33706 33692 33461 33101 33083 32959 32918 33303
19 319 50KHz 33529 33026 32762 32855 32780 32971 32886 32463 32857 32781 32774 32724 32911 32672 33287 34573 38798 50102 0 0 0 54733 37835 34935 33924 33770 33649 33015 33051 32819 32430 33176
20 319 50KHz 33578 32799 32708 32866 32702 32925 32835 32431 32783 32932 32734 32815 33185 32701 33290 33707 35608 38214 51396 0 0 0 57565 38776 34866 33993 33610 33011 33175 32744 32616 33215
21 319 50KHz 32821 32838 32800 32828 32828 32796 32776 32806 32737 32830 32806 32824 32903 32952 33084 33518 34404 35470 38348 53194 0 0 0 61204 38331 34952 33797 33183 33024 33013 32935 33095
22 319 50KHz 33979 32910 32663 32824 32604 32965 32829 32190 32772 32855 32620 32649 32968 32355 32978 33001 33798 33965 34673 37611 56546 0 0 0 58485 38732 35092 33322 33456 32772 32372 33376
23 319 50KHz 33424 33035 32737 32807 32719 32915 32819 32473 32734 32716 32673 32632 32808 32544 32844 33049 33626 33614 33835 34790 38739 59756 0 0 0 57531 40442 34916 34081 33493 32975 33844
24 320 50KHz 33083 33409 32768 32798 32865 32931 32829 32628 32748 32525 32727 32524 32401 32572 32620 33154 33823 33637 33570 33793 34884 38587 58114 0 0 0 56136 38175 34936 34232 33238 34040
25 320 50KHz 32629 32850 32868 32875 32938 32816 32815 33021 32680 32800 32815 32847 32880 33082 32983 33203 33207 33380 33632 33658 33977 35066 39142 57347 0 0 0 56156 40814 36840 35030 34989
26 320 50KHz 33781 32618 32780 32939 32757 32985 32877 32488 32685 32979 32658 32870 33350 32692 33151 32890 32967 33096 33420 33527 33546 33775 35104 40665 55842 0 0 0 56113 46192 37299 36840
27 320 50KHz 32243 32816 32915 32858 33002 32739 32767 33370 32687 32790 32885 32853 32752 33258 32882 33094 32762 32902 33042 32860 32954 33150 33241 34924 38145 57066 0 0 0 54910 41205 36302
28 320 50KHz 33674 33661 32832 32867 32906 33075 32907 32485 32818 32521 32708 32463 32402 32388 32540 33023 33733 33348 33052 33012 33177 33025 33470 34191 35017 40747 56528 0 0 0 54131 41051
29 320 50KHz 32220 32686 33096 32951 33156 32679 32768 33612 32609 32972 32966 33070 32991 33640 33075 33124 32323 32622 32889 32658 32716 32990 32691 33542 34313 36817 46555 55569 0 0 0 53254
30 321 50KHz 32752 33887 33421 32958 33572 32695 32803 34249 32722 32520 33204 32853 31917 33925 32560 33533 32933 33007 32928 32438 32658 32958 32383 33143 33500 35119 37665 42413 57374 0 0 0
31 321 50KHz 65535 51794 39701 36097 36316 36105 34635 34155 33344 32899 33209 33310 33006 33270 33167 33546 33841 33558 33327 33138 33243 33149 33394 33989 34252 35327 37212 37014 42053 55800 0 0
0 324 50KHz 0 0 60088 42055 36928 37128 34878 31030 33384 32877 32353 32636 33969 30579 33125 32503 34761 33783 33292 33976 33902 32787 34425 33617 33252 32629 33929 32030 34042 31734 31713 65535
1 324 50KHz 0 0 0 56628 45167 37451 34391 33600 32778 33621 32766 33613 34513 33295 33926 32639 31542 32088 32746 32964 32684 32820 32776 33006 33398 32866 32576 32880 33621 32815 34182 51603
2 324 50KHz 59217 0 0 0 58047 42760 35068 34156 32909 32844 32905 33085 33013 33180 32978 33033 32684 32714 32772 32642 32706 32781 32616 32717 32821 32857 32785 32952 32833 33094 33401 38660
3 324 50KHz 40661 57845 0 0 0 59841 37959 34714 33227 32896 32931 33054 32983 32951 32915 33013 32961 32872 32822 32764 32805 32768 32753 32773 32781 32820 32902 32830 32802 32882 32858 35605
4 324 50KHz 36272 43904 58704 0 0 0 55871 39281 34109 33367 33273 33591 33389 33651 33253 33141 32410 32583 32765 32598 32603 32799 32499 32714 32877 32907 32700 33028 32873 33186 33704 35788
5 324 50KHz 36298 36791 42329 59291 0 0 0 55642 40612 34962 34037 34243 34074 33259 33470 33165 33092 32919 32909 32933 32912 32789 32959 32924 32940 32805 32971 32724 33059 32636 32609 35442
6 324 50KHz 34408 34189 34962 37738 55575 0 0 0 58143 39042 35418 34400 33670 33312 33323 33146 32956 32848 32835 32779 32811 32768 32790 32818 32847 32800 32874 32783 32891 32760 32765 34184
7 325 50KHz 31680 33288 34022 34645 38944 57516 0 0 0 58661 39607 35324 33215 34328 33261 33368 32182 32472 32659 32285 32363 32823 32139 32514 32685 32950 32511 33194 32538 33564 34197 33824
8 325 50KHz 33243 32846 32961 33285 34076 40262 59927 0 0 0 58142 39694 34927 33678 33551 33196 32896 32815 32848 32820 32833 32782 32802 32800 32842 32747 32774 32739 32862 32699 32753 33261
9 325 50KHz 32572 33499 32835 32895 33377 34884 38897 58643 0 0 0 55510 35693 33964 33143 33452 33577 33176 32866 32643 32834 32782 32709 32644 32497 32764 32923 32795 32448 32931 32452 32816
10 325 50KHz 32560 32802 32921 33006 33287 34070 35440 39745 58705 0 0 0 44973 35901 34233 33642 32866 32799 32833 32681 32730 32823 32626 32719 32795 32820 32714 32892 32748 32959 33169 33143
11 325 50KHz 32635 33631 33183 33166 33725 34379 34613 35753 40482 57270 0 0 0 47445 37503 35423 34045 33412 33014 32707 32844 32885 32665 32685 32611 32895 32941 32948 32502 33122 32841 33261
12 325 50KHz 33318 34674 33076 33030 33587 34268 33897 33536 35426 36377 47685 0 0 0 50173 38102 35865 34288 33253 32862 33180 32895 32992 32760 32344 32865 33365 32774 32284 32947 31644 32951
13 325 50KHz 32641 33136 33233 33099 33738 33466 33569 34719 33933 32950 36784 51353 0 0 0 48301 35444 33708 33171 32566 32660 33048 32746 32604 32722 33092 32736 33310 32504 33685 34053 33286
14 326 50KHz 32698 32927 33128 33051 33518 33698 33585 33688 33851 33425 34813 39086 53912 0 0 0 44649 36793 34258 33369 33405 33217 32980 32870 32630 33078 33271 33031 32469 33220 32499 33231
15 326 50KHz 33032 32531 33107 33183 33196 33383 33357 33403 33335 33833 33939 36223 39240 49659 0 0 0 53453 38009 35123 34062 33785 33192 33259 33408 33307 33017 33173 33222 33163 33641 33713
16 326 50KHz 35010 31792 32809 33169 32490 33311 33134 32125 32974 33851 32939 34157 36025 35321 43544 0 0 0 54718 40004 36305 34741 34157 33946 34068 33353 33205 32854 33939 32342 32953 34015
17 326 50KHz 33902 32282 32809 32997 32669 33052 32952 32506 32837 33334 32854 33409 34243 33674 36023 48464 0 0 0 51259 38735 35729 34192 33828 33792 33489 33274 32998 33390 32714 33028 33551
18 326 50KHz 33100 32794 32816 32903 32827 32911 32876 32736 32824 32998 32854 33000 33232 33152 33887 36788 52455 0 0 0 52906 38586 34833 34004 33698 33689 33461 33128 33084 32963 32906 33276
19 326 50KHz 33514 33163 32773 32845 32764 32998 32877 32502 32860 32752 32767 32645 32887 32660 33276 34545 38791 50104 0 0 0 54710 37868 34943 33934 33765 33664 33014 33043 32804 32400 33155
20 326 50KHz 33640 32812 32739 32862 32673 32947 32843 32399 32799 32910 32738 32790 33168 32666 33257 33695 35602 38150 51335 0 0 0 57669 38768 34893 33972 33629 33000 33179 32736 32581 33204
21 327 50KHz 32712 32788 32792 32826 32772 32814 32774 32855 32688 32815 32814 32858 32910 33041 33015 33520 34331 35411 38354 53084 0 0 0 61093 38394 34977 33782 33203 33017 33042 33002 33061
22 327 50KHz 33977 32903 32687 32828 32578 32978 32839 32165 32803 32813 32626 32651 33053 32353 32968 33004 33810 33934 34673 37656 56767 0 0 0 58517 38758 35091 33330 33451 32790 32370 33351
23 327 50KHz 33472 33054 32717 32804 32697 32927 32822 32428 32737 32691 32667 32615 32863 32509 32838 33019 33662 33606 33821 34808 38775 59849 0 0 0 57459 40484 34897 34091 33489 32896 33744
24 327 50KHz 33069 33383 32760 32781 32822 32910 32824 32673 32765 32536 32732 32534 32418 32509 32632 33134 33815 33608 33556 33814 34902 38637 57789 0 0 0 56070 38272 34931 34194 33221 33904
25 327 50KHz 32624 32824 32839 32872 32917 32795 32799 33007 32713 32809 32814 32840 32855 33028 32958 33201 33184 33370 33635 33595 33982 35093 39150 57260 0 0 0 56098 40829 36870 34971 34851
26 327 50KHz 33822 32613 32784 32937 32689 32977 32878 32469 32630 32984 32654 32898 33360 32694 33216 32893 32961 33084 33372 33495 33552 33761 35119 40659 55798 0 0 0 56062 46206 37326 36685
27 327 50KHz 32251 32831 32914 32855 33010 32704 32763 33159 32650 32813 32865 32987 32815 33242 32885 33103 32749 32911 33046 32869 32924 33181 33280 34921 38188 57009 0 0 0 54951 41254 36228
28 328 50KHz 33719 33714 32891 32851 32887 33083 32896 32461 32823 32488 32713 32473 32398 32387 32503 33011 33771 33344 33035 33047 33186 33012 33465 34139 35056 40720 56410 0 0 0 54121 40994
29 328 50KHz 32264 32672 33052 32951 33173 32642 32751 33531 32582 32957 32959 33082 32754 33660 33072 33138 32281 32620 32898 32663 32663 33042 32705 33503 34288 36826 46559 55361 0 0 0 53304
30 328 50KHz 32839 33860 33337 32910 33634 32627 32773 34264 32704 32535 33195 32902 31845 33918 32616 33550 32921 33010 32927 32343 32574 33036 32400 33017 33450 35095 37642 42519 57251 0 0 0
31 328 50KHz 65535 51853 39672 36116 36336 35964 34552 34080 33326 32835 33187 33283 32983 33275 33146 33502 33835 33543 33288 33116 33227 33126 33339 33877 34120 35140 37004 36918 42009 56023 0 0
0 330 50KHz 0 0 60077 42032 36884 37133 34867 31053 33372 32914 32199 32702 33947 30687 33127 32491 34816 33733 33253 33951 34212 32506 34389 33592 33277 32636 33905 32072 34049 31799 31744 65535
1 330 50KHz 0 0 0 56638 45226 37505 34401 33507 32798 33619 32782 33577 34537 33312 33884 32642 31544 32094 32750 32986 32702 32797 32757 33019 33394 32850 32584 32865 33644 32782 34149 51587
2 330 50KHz 59196 0 0 0 58006 42856 35075 34155 32907 32858 32915 33060 32987 33200 32982 33041 32656 32717 32776 32647 32680 32789 32614 32716 32793 32853 32780 32896 32827 33099 33445 38710
3 330 50KHz 40792 57863 0 0 0 59679 38010 34729 33226 32898 32936 33047 33119 32950 32756 33012 32981 32859 32817 32717 32796 32768 32732 32765 32763 32821 32899 32834 32810 32912 32863 35673
4 330 50KHz 36312 43908 58637 0 0 0 55964 39311 34121 33383 33300 33580 33420 33631 33214 33127 32391 32585 32763 32598 32586 32809 32499 32732 32860 32904 32696 33017 32857 33188 33708 35786
5 331 50KHz 36314 36823 42387 59279 0 0 0 55561 40682 34985 34026 34231 34069 33226 33448 33121 33093 32921 32902 32956 32932 32767 32949 32916 32965 32797 32973 32721 33055 32655 32585 35406
6 331 50KHz 34384 34160 34979 37810 55532 0 0 0 58160 39089 35430 34447 33661 33298 33304 33133 32934 32843 32833 32778 32813 32759 32784 32811 32839 32796 32869 32776 32889 32738 32739 34171
7 331 50KHz 31676 33260 34018 34658 38982 57599 0 0 0 58678 39671 35369 33260 34321 33254 33362 32147 32469 32671 32289 32342 32806 32121 32503 32685 32945 32505 33200 32536 33537 34208 33807
8 331 50KHz 33236 32844 32959 33287 34079 40338 59883 0 0 0 58008 39908 34996 33650 33528 33178 32892 32813 32843 32814 32827 32778 32814 32821 32844 32741 32769 32732 32863 32708 32744 33259
9 331 50KHz 32568 33502 32852 32895 33372 34912 38978 58663 0 0 0 55552 35719 33921 33116 33412 33573 33180 32865 32639 32846 32764 32711 32643 32526 32762 32924 32790 32498 32941 32445 32803
10 331 50KHz 32455 32705 32930 33008 33282 34051 35447 40018 58847 0 0 0 44940 35855 34168 33549 32749 32795 32826 32654 32684 32820 32601 32711 32783 32826 32702 32898 32738 32987 33270 33138
11 331 50KHz 32771 33599 33158 33158 33733 34328 34624 35745 40699 57341 0 0 0 47460 37460 35355 34028 33403 33018 32715 32849 32864 32668 32701 32614 32889 32954 32925 32511 33094 32805 33236
12 332 50KHz 33343 34828 33062 33011 33567 34259 33862 33516 35486 36407 47460 0 0 0 50077 38064 35910 34304 33249 32876 33205 32858 32998 32734 32359 32859 33376 32763 32281 32919 31573 32899
13 332 50KHz 32619 33093 33216 33097 33762 33414 33536 34766 33925 32944 36731 51111 0 0 0 48293 35415 33775 33183 32520 32651 33002 32742 32585 32691 33094 32722 33301 32491 33700 34092 33262
14 332 50KHz 32725 32925 33128 33046 33528 33661 33554 33679 33812 33374 34680 39016 53889 0 0 0 44759 36814 34263 33356 33398 33165 32951 32862 32629 33072 33261 33032 32464 33240 32517 33191
15 332 50KHz 33016 32555 33110 33188 33202 33373 33337 33499 33312 33811 33916 36123 39252 49664 0 0 0 53541 38032 35071 33978 33707 33135 33230 33364 33278 32997 33164 33222 33149 33660 33720
16 332 50KHz 35035 31790 32809 33164 32479 33315 33131 32111 32971 33850 32910 34167 36047 35344 43608 0 0 0 54776 39927 36138 34649 34112 33893 34025 33309 33178 32835 33949 32334 32944 34045
17 332 50KHz 33806 32291 32810 33001 32681 33034 32950 32530 32833 33329 32848 33397 34260 33704 36091 48587 0 0 0 51212 38588 35607 34115 33770 33730 33433 33228 32986 33426 32700 33047 33600
18 332 50KHz 33140 32829 32819 32895 32819 32932 32875 32744 32818 32938 32847 32990 33242 33172 33954 36831 52626 0 0 0 52831 38522 34762 33952 33635 33627 33418 33090 33060 32963 32920 33255
19 333 50KHz 33516 33145 32765 32841 32756 32975 32875 32450 32853 32758 32743 32738 32903 32652 33241 34527 38712 50128 0 0 0 54722 37930 34919 33904 33730 33626 32999 33033 32812 32397 33122
20 333 50KHz 33654 32818 32737 32863 32648 32945 32837 32367 32789 32908 32690 32810 33175 32635 33237 33615 35484 38009 51301 0 0 0 57737 38815 34897 33973 33612 32984 33192 32714 32531 33208
21 333 50KHz 32741 32801 32785 32820 32830 32768 32772 32842 32722 32829 32812 32813 32783 32983 33064 33460 34227 35293 38311 53094 0 0 0 61163 38460 34975 33771 33193 33007 33055 32991 33052
22 333 50KHz 33952 32916 32675 32821 32604 32973 32829 32146 32778 32819 32593 32655 33035 32376 32961 32962 33771 33898 34612 37685 56753 0 0 0 58604 38752 35054 33297 33435 32738 32321 33323
23 333 50KHz 33433 33035 32717 32796 32718 32919 32812 32447 32739 32700 32662 32642 32780 32529 32818 33006 33593 33559 33797 34756 38869 59759 0 0 0 57467 40416 34885 34021 33438 32904 33709
24 333 50KHz 33115 33351 32763 32777 32827 32903 32817 32601 32764 32528 32708 32554 32436 32557 32622 33106 33780 33569 33521 33788 34938 38722 57962 0 0 0 56078 38240 34929 34173 33175 33870
25 333 50KHz 32624 32838 32853 32877 32938 32789 32792 33005 32667 32805 32819 32834 32968 33078 32969 33180 33134 33330 33592 33605 33962 35104 39159 57383 0 0 0 56081 40877 36754 34999 34781
26 334 50KHz 33743 32598 32782 32933 32743 32968 32865 32469 32681 32975 32644 32856 33349 32671 33147 32870 32937 33054 33323 33500 33548 33759 35086 40597 55775 0 0 0 56004 46290 37349 36667
27 334 50KHz 32287 32837 32890 32863 32997 32682 32754 33215 32648 32803 32877 32832 32738 33229 32896 33095 32738 32901 33039 32936 32930 33165 33266 34904 38138 56997 0 0 0 54877 41287 36242
28 334 50KHz 33735 33682 32836 32844 32879 33065 32898 32476 32824 32481 32689 32374 32397 32378 32513 32994 33767 33335 33037 33001 33215 33012 33440 34104 34959 40739 56422 0 0 0 54057 41003
29 334 50KHz 32313 32691 33048 32979 33163 32640 32746 33585 32600 32964 32995 33020 32957 33623 33108 33141 32258 32625 32896 32636 32657 33019 32683 33504 34266 36846 46679 55389 0 0 0 53254
30 334 50KHz 32837 33890 33375 32958 33677 32605 32762 34292 32696 32510 33247 32800 31896 33928 32537 33564 32898 33019 32921 32328 32567 33009 32344 33056 33411 35090 37691 42470 57279 0 0 0
31 334 50KHz 65535 51940 39631 36080 36184 35869 34473 34016 33305 32844 33173 33268 32932 33225 33130 33522 33878 33568 33291 33111 33229 33114 33325 33829 34072 35125 37059 36966 42053 55924 0 0
0 336 50KHz 0 0 60017 42086 36514 37204 34771 30958 33386 32901 32167 32695 34052 30512 33208 32324 34859 33718 33284 33985 34107 32757 34299 33715 33311 32611 33940 32024 34019 31823 31847 65535
1 336 50KHz 0 0 0 56573 45050 37485 34378 33525 32764 33665 32776 33562 34594 33314 33936 32643 31511 32082 32754 32977 32653 32827 32790 33046 33438 32841 32558 32873 33673 32795 34182 51646
2 336 50KHz 59234 0 0 0 57756 43041 35143 34221 32910 32863 32937 33090 32984 33243 32972 33062 32625 32704 32772 32606 32673 32762 32573 32688 32779 32862 32760 32945 32816 33131 33442 38743
3 336 50KHz 40666 58028 0 0 0 59516 38138 34805 33255 32901 32945 33048 32947 32974 32913 33029 32981 32876 32820 32745 32791 32762 32738 32749 32754 32820 32890 32844 32824 32931 32875 35604
4 336 50KHz 36114 43813 58697 0 0 0 56068 39405 34168 33400 33297 33582 33370 33670 33224 33169 32366 32590 32764 32582 32587 32757 32498 32685 32854 32897 32676 33030 32864 33179 33679 35656
5 337 50KHz 36274 36800 42610 59047 0 0 0 55456 40879 35057 34043 34210 34007 33157 33441 33099 33128 32927 32907 32953 32905 32809 32962 32926 32934 32770 32965 32691 33062 32600 32501 35250
6 337 50KHz 34284 34143 35044 37940 55694 0 0 0 58148 39209 35490 34465 33661 33311 33282 33123 32934 32832 32826 32765 32794 32763 32780 32802 32827 32786 32853 32790 32880 32768 32751 34098
7 337 50KHz 31641 33229 34047 34716 39067 57353 0 0 0 58636 39727 35528 33267 34282 33185 33417 32144 32505 32677 32315 32414 32721 32191 32481 32676 32937 32507 33187 32575 33485 34108 33766
8 337 50KHz 33223 32813 32979 33308 34124 40517 59831 0 0 0 57885 40163 35070 33645 33533 33154 32880 32805 32844 32791 32815 32783 32798 32804 32837 32739 32767 32736 32873 32697 32734 33270
9 337 50KHz 32552 33536 32842 32895 33389 34981 39072 58634 0 0 0 55712 35753 33880 33080 33438 33568 33185 32864 32629 32854 32755 32717 32648 32497 32758 32929 32781 32448 32899 32407 32820
10 337 50KHz 32458 32750 32937 33012 33327 34056 35508 39889 58439 0 0 0 45041 35758 34109 33603 32858 32805 32828 32670 32723 32790 32626 32715 32788 32813 32709 32888 32756 32954 33115 33163
11 337 50KHz 32520 33603 33179 33157 33708 34329 34636 35940 40971 57405 0 0 0 47498 37361 35349 33938 33376 33000 32662 32843 32822 32630 32670 32603 32880 32916 32943 32518 33111 32851 33236
12 338 50KHz 33292 34783 33060 32990 33543 34240 33874 33530 35554 36462 47688 0 0 0 49905 38058 35912 34310 33244 32870 33205 32861 32979 32726 32355 32842 33382 32744 32277 32915 31554 32873
13 338 50KHz 32617 33158 33276 33109 33777 33326 33512 34657 33900 32940 36621 51337 0 0 0 48304 35414 33813 33189 32559 32696 32923 32745 32596 32691 33074 32725 33303 32507 33630 33998 33298
14 338 50KHz 32749 32929 33121 33030 33456 33636 33521 33572 33778 33348 34631 38876 53659 0 0 0 44801 36883 34277 33353 33405 33131 32983 32863 32628 33044 33275 32992 32492 33198 32475 33215
15 338 50KHz 32899 32514 33131 33192 33237 33273 33308 33556 33269 33778 33903 36110 39261 49689 0 0 0 53580 38008 34974 33898 33620 33100 33178 33334 33264 32958 33193 33185 33193 33728 33745
16 338 50KHz 35124 31714 32765 33166 32441 33352 33110 32107 32956 33852 32884 34044 36044 35359 43681 0 0 0 54735 39768 35978 34584 34060 33857 33972 33283 33161 32835 33932 32347 32889 34089
17 338 50KHz 33829 32246 32794 33000 32670 33038 32938 32548 32826 33342 32844 33376 34384 33738 36156 48630 0 0 0 51079 38461 35501 34069 33733 33703 33411 33210 32999 33408 32734 33039 33640
18 338 50KHz 33187 32819 32809 32885 32727 32936 32867 32721 32816 32938 32837 32967 33239 33140 33966 36818 52560 0 0 0 52772 38420 34766 33934 33624 33600 33420 33085 33072 32925 32840 33289
19 339 50KHz 33474 33139 32753 32828 32745 32986 32862 32477 32845 32763 32749 32719 32901 32664 33243 34465 38619 49988 0 0 0 54755 37944 34940 33895 33729 33626 33016 33030 32822 32397 33169
20 339 50KHz 33550 32741 32738 32854 32664 32928 32826 32415 32775 32925 32705 32784 33183 32691 33253 33575 35337 37883 51410 0 0 0 57589 38990 34960 34017 33615 33014 33162 32759 32612 33229
21 339 50KHz 32865 32858 32777 32805 32799 32794 32774 32766 32734 32816 32791 32780 32881 32904 33057 33407 34211 35245 38225 53095 0 0 0 61187 38628 35041 33850 33191 33032 32963 32873 33063
22 339 50KHz 33959 32889 32648 32813 32548 32989 32821 32173 32778 32848 32590 32644 33035 32351 32977 32905 33739 33853 34575 37738 56422 0 0 0 58703 38842 35074 33335 33422 32753 32317 33307
23 339 50KHz 33445 33021 32701 32786 32689 32922 32802 32431 32744 32703 32653 32616 32800 32510 32830 32961 33588 33524 33777 34756 39073 59643 0 0 0 57359 40427 34884 34011 33410 32830 33637
24 339 50KHz 33064 33369 32772 32764 32828 32900 32807 32609 32766 32527 32714 32514 32419 32571 32632 33085 33736 33533 33502 33783 34997 38934 58151 0 0 0 56017 38309 34931 34161 33127 33799
25 339 50KHz 32640 32829 32852 32843 32924 32765 32782 32995 32664 32792 32814 32828 32841 33060 32956 33171 33111 33311 33548 33622 34021 35169 39241 57240 0 0 0 56008 40952 36901 34884 34733
26 340 50KHz 33778 32550 32760 32925 32613 32953 32848 32470 32675 32939 32648 32842 33366 32704 33159 32853 32930 33043 33342 33512 33588 33837 35140 40585 55718 0 0 0 55870 46366 37270 36537
27 340 50KHz 32238 32814 32916 32861 33007 32657 32753 33194 32649 32780 32873 32837 32729 33221 32869 33118 32744 32918 33025 32875 32969 33164 33273 34931 38237 56938 0 0 0 54657 41182 36176
28 340 50KHz 33636 33663 32842 32829 32857 33049 32883 32513 32825 32492 32709 32524 32367 32415 32543 32990 33727 33317 33056 32974 33175 33036 33433 34075 34992 41103 56346 0 0 0 53897 40993
29 340 50KHz 32341 32677 33088 32981 33171 32596 32753 33548 32610 32932 32975 33056 32947 33601 33060 33166 32269 32650 32866 32692 32718 32976 32680 33482 34244 36839 46816 55182 0 0 0 53335
30 340 50KHz 32840 33916 33470 32970 33688 32540 32774 34221 32707 32488 33228 32863 31862 33911 32535 33606 32868 33042 32856 32367 32628 32934 32311 33030 33370 34967 37623 42432 57040 0 0 0
31 340 50KHz 65535 51797 39628 35985 35976 35590 34322 33923 33292 32836 33159 33217 32926 33196 33113 33524 33878 33573 33289 33100 33222 33084 33284 33730 33936 34956 36894 36884 41984 55815 0 0
