
0 247 50KHz 0 0 30865 28224 32933 27313 30370 29192 30777 32371 31253 32444 29875 30419 33819 33101 18860 29203 30972 31576 32717 31162 33063 28029 32497 30428 31561 33627 20587 33762 13179 14038
1 247 50KHz 0 0 0 29863 26510 31679 30626 31163 31500 31267 31689 31171 31793 31657 30137 31818 32117 31603 31601 31494 31081 31714 30685 32118 30971 31609 31264 30978 31651 30764 31788 18798
2 247 50KHz 11571 0 0 0 29863 25877 30095 29588 30867 32085 31298 32182 30427 30883 39144 34016 23417 30163 31303 31704 32496 31351 34375 29258 32486 31177 32063 37653 25399 38550 23543 27147
3 247 50KHz 27175 29562 0 0 0 30363 27985 29503 30763 31624 31288 31675 30992 31113 34382 32284 28221 30959 31442 31621 31937 31433 32642 30534 31880 31294 31671 33872 28948 34231 28103 29452
4 247 50KHz 31780 24472 28476 0 0 0 30873 24868 29281 33133 30365 33638 28040 29472 52545 36361 10505 27909 30674 31902 34716 30483 39991 24437 34824 30106 33027 47156 16009 49870 10299 29009
5 247 50KHz 27766 30630 24557 29546 0 0 0 30176 27618 28537 31554 28708 33653 32546 11900 25981 49370 34271 31937 30913 28419 31986 23565 37111 28122 32067 29568 17031 44302 14734 48941 31262
6 248 50KHz 29743 30426 29596 27609 31289 0 0 0 29842 27780 30467 30418 31023 31018 30413 31792 31219 31330 31457 31392 31046 31561 30804 31784 30974 31526 31283 31349 31151 31191 31686 30859
7 248 50KHz 28936 31080 29344 29469 24840 30956 0 0 0 30539 28402 28526 31937 31441 19035 27832 42767 33348 31915 31344 29903 31926 26913 34986 29701 31900 30451 22731 39564 21361 42123 31070
8 248 50KHz 30763 31584 30861 30909 29094 30298 30379 0 0 0 31227 28547 31271 31228 25096 29024 37725 32691 31904 31684 31160 31796 29666 33171 31021 31700 31141 26937 35963 26340 36781 31298
9 248 50KHz 32283 31447 32111 31773 33667 29075 28826 30797 0 0 0 17349 28824 30335 36248 32627 26618 30824 31547 31865 32555 31485 33820 29955 32548 31360 32094 35446 27922 36080 26513 31383
10 248 50KHz 31164 31751 31211 31319 29729 32822 30877 29353 31278 0 0 0 15835 28636 25342 29069 36890 32509 31843 31689 31297 31744 30022 32868 31163 31638 31208 27533 35391 27038 35991 31444
11 248 50KHz 32386 31322 32221 31804 34420 28727 30897 29054 28625 16342 0 0 0 11870 35698 32774 24726 30269 31347 31792 32689 31365 34433 29376 32717 31232 32176 36808 26534 37653 24772 31290
12 248 50KHz 29839 31743 30343 30984 27188 35079 31120 32197 31375 28879 16344 0 0 0 6704 27286 41578 32924 31752 31301 29944 32019 27213 34946 29828 32063 30668 23628 39012 22319 41619 31817
13 249 50KHz 30549 31771 30969 31278 29205 33685 31343 31892 31497 30532 29314 15724 0 0 0 25001 37081 31949 31562 31431 30678 31974 29126 33708 30657 32004 31187 27125 36016 26346 37558 31810
14 249 50KHz 33795 30233 39583 34874 61621 4554 31408 19512 25236 36998 25475 34744 0 0 0 0 26017 31390 28954 33325 43671 28116 62737 30356 44233 26958 37107 64485 28007 65535 26052 27642
15 249 50KHz 32748 30712 31571 30813 32310 32309 30697 32386 29201 30899 29037 30335 32087 31050 0 0 0 31412 27577 30126 31983 29695 33163 32306 32180 29354 30670 30987 32432 31824 32096 29152
16 249 50KHz 21089 31163 24338 28020 30492 48801 30002 38775 35097 26213 34193 24846 38577 34395 27545 0 0 0 14647 25136 19364 32791 30296 47467 20350 34106 26515 29164 58912 28509 65128 32893
17 249 50KHz 28921 31489 29961 30884 27235 35416 31208 33347 32681 30546 32464 30093 33070 31888 31637 32264 0 0 0 9399 25219 30892 32036 35209 28419 32112 30393 31976 37290 31824 41249 32747
18 249 50KHz 31068 31747 31387 31590 30675 32654 31669 32138 32002 31541 31946 31400 31992 31643 29404 30662 23395 0 0 0 16376 28627 28874 32193 30334 31349 31120 29878 33269 29591 34124 31803
19 250 50KHz 31684 31721 31827 31816 32212 31387 31721 31675 31837 31912 31856 31868 31595 31555 33064 32244 27722 13231 0 0 0 14669 28431 30771 30728 31056 31385 32585 30759 32768 30710 31781
20 250 50KHz 32755 31392 32663 32191 36144 27908 31573 30378 31392 32694 31580 32786 30299 30825 42824 35506 19044 25529 14636 0 0 0 17379 27055 31561 30636 32156 40204 23391 41485 21436 31745
21 250 50KHz 31098 31822 31290 31484 29829 33148 31694 32212 31880 31356 31812 31282 32254 32033 27228 29981 35582 31171 28202 11204 0 0 0 21770 28183 30295 30527 27741 34981 27444 35772 31547
22 250 50KHz 34903 31031 33735 32597 40386 23797 31501 28550 30454 33658 30768 33776 28658 29849 52486 37362 30500 26380 28512 26675 30501 0 0 0 20078 28106 32354 47190 15943 51361 10089 30282
23 250 50KHz 25449 31821 30039 30825 25821 36306 31475 33369 32301 30358 32070 30119 33461 32715 18337 32264 43916 33577 31248 29992 27151 16782 0 0 0 30548 25978 31520 40923 31431 44175 32663
24 250 50KHz 32379 31133 32575 32065 36500 27272 31378 30053 31204 32661 31414 32771 30034 30674 44045 35932 18309 28350 30045 30287 31012 27725 20116 0 0 0 29680 37592 22070 41725 20105 31105
25 250 50KHz 30181 31614 30965 31216 28936 33494 31550 32140 31679 31074 31593 30998 32235 31978 25274 28798 37629 32315 31071 30621 30033 29990 27429 11304 0 0 0 5673 35118 23641 37230 30151
26 251 50KHz 31401 31332 32033 31736 33480 29642 31514 30723 31199 32050 31300 32134 30773 31125 36248 32250 26856 30346 30899 31105 31837 30448 32048 25915 29547 0 0 0 17070 30733 26716 29725
27 251 50KHz 33475 30413 37499 34004 53485 11479 31543 23177 27571 36194 28494 37278 22958 26378 65535 41796 27619 21547 29006 32115 39724 28146 47764 31234 34301 29036 0 0 0 53038 0 28213
28 251 50KHz 20336 31028 24990 28262 11617 47665 30225 37886 34440 26684 33679 25648 38245 35350 0 31696 61861 38609 32608 29847 22857 33341 31090 41640 22316 32527 30560 0 0 0 61731 32175
29 251 50KHz 36540 30316 36076 33418 49287 15335 31370 24941 28574 35242 29315 36045 24798 27477 65535 41070 28493 23247 29593 32059 37882 29225 44419 21094 37047 25840 27123 40380 0 0 0 10965
30 251 50KHz 13759 30849 24728 28063 8746 49799 30715 38235 34038 26324 33210 25388 38692 35642 0 31132 65535 40798 33038 30174 23355 33166 15232 42399 22796 33474 26270 0 50011 0 0 0
31 251 50KHz 19099 19841 27574 29729 28484 32931 31056 31387 31295 31138 31413 31099 31934 31730 26194 28693 33204 32761 31664 31563 31361 31475 30553 32706 30822 30455 29903 27292 32639 22202 0 0
0 256 50KHz 0 0 30923 28371 32936 27178 30249 29120 30754 32325 31234 32365 29871 30396 33804 33129 19089 28724 30974 31556 32667 31162 32966 28948 32405 30321 31414 33615 20608 33746 13001 14126
1 256 50KHz 0 0 0 29958 26807 31733 30561 31062 31454 31248 31652 31154 31741 31614 30266 31832 31924 31614 31586 31472 31074 31686 30860 31944 30970 31570 31248 31095 31479 30908 31545 18624
2 256 50KHz 12135 0 0 0 30002 26170 30137 29560 30848 32063 31275 32142 30407 30860 39106 34187 23519 29822 31299 31701 32495 31348 33768 29854 32469 31142 32036 37620 25428 38484 23512 27080
3 257 50KHz 27345 29667 0 0 0 30502 28243 29507 30743 31603 31253 31646 30950 31072 34422 32358 28186 30798 31432 31613 31940 31418 32419 30757 31877 31261 31651 33904 28895 34263 27989 29356
4 257 50KHz 31631 24937 28642 0 0 0 30993 25144 29341 33132 30365 33612 28043 29455 52638 36913 10838 26965 30690 31932 34743 30524 38358 26176 34837 30055 32989 46990 16245 49491 10514 28970
5 257 50KHz 27768 30697 25098 29716 0 0 0 30327 27961 28497 31505 28632 33634 32499 11818 25406 49123 35074 31915 30848 28290 31925 24974 35644 28035 32066 29536 16856 44419 14567 49293 31117
6 257 50KHz 29592 30361 29656 27917 31447 0 0 0 29978 27982 30454 30338 30932 30927 30474 31820 31068 31302 31436 31365 31023 31538 30908 31685 30958 31501 31274 31442 31029 31294 31532 30710
7 257 50KHz 28825 30969 29308 29470 24845 31124 0 0 0 30637 28490 28421 31807 31299 19006 27508 42581 33796 31881 31295 29843 31881 27852 34047 29669 31883 30427 22792 39414 21492 41976 30862
8 257 50KHz 30718 31535 30835 30889 28974 30739 30492 0 0 0 31327 28615 31211 31130 24979 28800 37722 32927 31886 31662 31127 31770 30091 32745 31000 31686 31114 26901 35956 26326 36777 31192
9 257 50KHz 32226 31433 32085 31755 33829 28875 28993 30891 0 0 0 18357 28960 30298 36195 32730 26663 30591 31541 31867 32565 31479 33388 30391 32547 31337 32080 35437 27938 36049 26498 31364
10 258 50KHz 31143 31712 31189 31287 29598 32927 30861 29431 31382 0 0 0 16664 28681 25318 28924 36766 32678 31818 31662 31260 31719 30390 32503 31142 31629 31187 27593 35291 27118 35919 31380
11 258 50KHz 32295 31306 32181 31780 34574 28451 30827 28965 28704 17810 0 0 0 12398 35513 32898 24800 29979 31326 31779 32676 31357 33814 29977 32696 31209 32153 36747 26604 37557 24808 31278
12 258 50KHz 29843 31698 30329 30947 26902 35371 31044 32092 31320 29002 17219 0 0 0 6566 26900 41576 33312 31707 31236 29866 31972 28093 34047 29791 32049 30645 23621 38931 22356 41567 31716
13 258 50KHz 30539 31736 30954 31245 29031 33844 31275 31784 31413 30490 29356 16091 0 0 0 24854 37171 32188 31521 31368 30603 31934 29624 33181 30619 31988 31164 27098 35982 26354 37547 31738
14 258 50KHz 33772 30361 39553 34951 63671 1557 31477 19433 25080 36962 25405 34549 0 0 0 0 26051 31149 29012 33532 44011 28197 55067 30937 44422 26842 37059 64343 28030 65535 26040 27895
15 258 50KHz 32935 30667 32749 31258 36082 31913 30843 32210 28094 31620 28092 31156 31874 30870 0 0 0 31261 27313 30519 33972 29057 36033 32100 34152 28446 31239 36191 31899 38185 31234 28279
16 258 50KHz 19928 30848 23491 27522 30147 51934 29582 39480 35598 25605 34503 24153 39462 35116 27127 0 0 0 14617 24437 17552 32817 30509 44472 18836 34540 26065 28859 57987 28160 64392 32910
17 259 50KHz 28462 31430 29634 30709 26028 36544 31092 33664 32864 30295 32569 29784 33407 32106 31428 32213 0 0 0 9092 24439 30833 32041 34707 27851 32256 30199 31824 38469 31651 43221 32755
18 259 50KHz 31076 31739 31392 31587 30636 32698 31660 32120 31994 31540 31930 31391 31958 31615 29449 30616 23698 0 0 0 16505 28545 29022 31816 30318 31337 31124 29885 33248 29609 34096 31768
19 259 50KHz 31666 31711 31832 31818 32304 31288 31709 31643 31822 31920 31841 31862 31546 31507 33212 32370 27560 13278 0 0 0 15365 28220 30581 30648 30997 31366 32682 30658 32874 30578 31760
20 259 50KHz 32688 31389 32667 32205 36439 27559 31566 30340 31372 32709 31557 32775 30236 30757 42994 35987 18705 24927 14707 0 0 0 16164 27594 31484 30525 32127 40340 23293 41580 21264 31772
21 259 50KHz 31093 31800 31285 31469 29749 33223 31676 32182 31860 31346 31794 31273 32218 31996 27296 29826 35472 31190 28102 12008 0 0 0 21091 28152 30201 30457 27751 34923 27482 35704 31471
22 259 50KHz 34008 31173 33575 32545 40086 23951 31523 28853 30583 33414 30936 33687 28719 29872 51634 37871 30583 25839 28448 26574 30555 0 0 0 20920 28072 32216 47311 16039 50671 8832 31292
23 259 50KHz 29276 31752 29931 30725 24947 37123 31421 33554 32369 30163 32106 29880 33737 32874 15879 32125 46970 34754 31404 29820 26736 18604 0 0 0 30651 25621 31202 55613 29081 54003 32657
24 260 50KHz 32241 31124 32556 32068 36762 26936 31367 30029 31189 32662 31394 32755 29986 30629 44142 36443 18077 27887 29994 30160 30914 27708 21677 0 0 0 29756 37750 22079 41703 20024 31061
25 260 50KHz 30016 31568 30923 31179 28745 33677 31522 32126 31663 31045 31580 30969 32225 31964 25180 28540 37731 32502 31046 30529 29897 29902 27332 12113 0 0 0 5951 35358 23429 37390 29839
26 260 50KHz 31158 31300 31999 31719 33510 29540 31506 30700 31170 32032 31277 32111 30747 31099 36168 32336 26903 30216 30892 31070 31802 30381 32176 25813 29630 0 0 0 18267 30731 26904 29414
27 260 50KHz 33440 30479 37446 34060 54367 10285 31612 23215 27549 36202 28533 37237 22906 26327 65535 43738 27564 19964 28999 32197 39867 28132 49326 31063 34531 29117 0 0 0 54005 0 28587
28 260 50KHz 20292 30859 25016 28186 10952 48512 30103 37751 34412 26687 33586 25689 38198 35311 0 31540 61795 39790 32596 29740 22735 33288 30958 43035 22350 32830 30702 0 0 0 62112 32156
29 260 50KHz 36135 30367 35971 33428 49814 14491 31416 25023 28571 35199 29349 35969 24795 27465 65535 42490 28498 22030 29593 32103 37932 29218 45581 19739 36978 25656 27363 41081 0 0 0 12782
30 261 50KHz 13515 30615 24693 27944 7579 50928 30584 38114 34010 26300 33148 25413 38672 35625 0 30936 65535 42297 33015 30063 23186 33117 13642 44046 22733 33597 26401 0 50642 0 0 0
31 261 50KHz 19251 19756 27512 29633 28364 32903 30925 31177 31174 31124 31338 31098 31818 31639 26463 28452 33182 32768 31618 31533 31389 31394 30540 32699 30791 30179 29605 27531 32616 22982 0 0
