0 6116 50KHz 0 0 39543 43127 36766 34576 33735 34790 34247 33470 33730 34200 34459 33924 33491 33839 34857 33305 33616 33547 32966 33862 33292 33360 33746 33739 32988 34411 35758 38412 42040 54826
1 6119 50KHz 0 0 0 36886 43537 35441 33372 36224 35604 32430 33592 35322 39764 50747 33480 33628 20255 30396 31292 31133 30430 34913 32402 33787 34360 33460 30803 35360 35321 33805 34862 38829
2 6122 50KHz 38762 0 0 0 36083 41760 36886 33755 33735 34681 33930 33211 30876 25620 33686 33741 40311 35362 34782 34775 35146 32514 34008 33268 32873 33516 35169 32677 33348 30057 36309 49945
3 6125 50KHz 41599 36707 0 0 0 36246 39743 37905 36395 33473 34031 35067 37709 44461 33446 33608 25210 31460 32026 31907 31404 34260 32633 33499 33887 33287 31517 34362 34037 38388 32408 34465
4 6128 50KHz 36222 43049 35945 0 0 0 36301 43258 38389 36051 34986 34228 32052 27294 33456 33652 39327 34680 34365 34345 34377 32760 33640 33090 32970 33393 34244 32746 33156 30818 34396 35439
5 6132 50KHz 34199 35170 40803 36020 0 0 0 38340 54444 39653 37306 36730 37748 42888 33459 33541 26313 31858 32210 32156 31840 33953 32795 33508 33717 33282 32057 34013 33649 36963 32531 32814
6 6135 50KHz 33463 33253 35859 38275 35728 0 0 0 39509 49418 41179 38206 38048 42896 33337 33385 25914 31737 32074 32026 31769 33837 32716 33432 33606 33165 32007 33892 33486 36750 32370 32471
7 6138 50KHz 34289 35722 33506 37114 41526 37643 0 0 0 37883 51738 40417 31831 20035 33063 33450 45864 35496 35136 35113 34987 32315 33686 32578 32584 33273 34467 32218 33050 28634 34521 34676
8 6141 50KHz 34020 35416 33645 36204 38111 53794 40121 0 0 0 41056 35354 36875 24996 33388 33593 42003 35200 34780 34732 34826 32484 33741 32919 32753 33335 34570 32418 32969 29428 34596 34855
9 6144 50KHz 33261 32491 34230 33317 35546 38938 49912 38194 0 0 0 40286 50450 44590 33398 33486 26289 31772 32175 32108 31765 33937 32709 33411 33648 33180 31886 33966 33596 36989 32285 32205
10 6148 50KHz 33471 33502 33623 33838 34585 36696 41019 51793 40287 0 0 0 37500 39865 33286 33463 32970 33222 33287 33206 33056 33292 33113 33157 33218 33193 32979 33265 33293 33664 33186 33231
11 6151 50KHz 33919 35072 33138 34905 34121 36551 38582 41160 57304 40374 0 0 0 33994 33553 33656 41460 35262 34878 34761 34841 32602 33761 32961 32790 33345 34517 32483 33022 29565 34501 34744
12 6154 50KHz 35074 41542 30922 39394 32421 39769 41135 32692 39259 59774 40122 0 0 0 33020 34672 61625 44189 41454 41183 42982 28992 36726 32286 30684 33897 42067 28648 31129 10503 40645 42025
13 6157 50KHz 53587 65535 9274 65535 18752 65535 65535 6660 13074 65535 65535 46378 0 0 0 34165 64824 65535 65535 65535 65535 0 65535 22044 10562 41054 65535 0 16133 0 65535 65535
14 6160 50KHz 35895 35962 36499 35604 35476 35456 35247 35372 35480 35589 35390 33149 33317 0 0 0 38587 36548 36093 35994 35524 35503 35698 35604 35834 35812 35550 35575 35264 36009 36302 36330
15 6164 50KHz 36083 36013 36721 35683 35694 35503 35278 35684 35725 35633 35659 36163 36976 33582 0 0 0 33513 36555 36235 35553 35822 35718 35706 35978 35890 35361 35795 35553 36798 36443 36512
16 6167 50KHz 45489 16469 33924 18239 47080 12910 7422 65535 57415 13769 32493 57568 50293 44877 38847 0 0 0 36886 34443 12452 61760 20867 35916 53529 36820 1087 58201 62989 57118 4145 0
17 6170 50KHz 33159 28649 36762 30216 35792 30865 30348 37786 36981 30620 33393 37395 48380 64578 34519 33221 0 0 0 37950 44756 46044 35154 37640 37438 34755 28137 38398 36276 52568 29264 28323
18 6173 50KHz 33581 30551 35257 31454 34797 31709 31300 36323 35575 31614 33380 35941 42380 57767 33831 34308 32885 0 0 0 38118 57906 40290 39029 37162 35089 30307 36723 35453 45356 30796 30014
19 6176 50KHz 33427 31028 34676 31701 34344 31932 31612 35561 34941 31826 33187 35168 40149 53174 33563 33865 24927 36045 0 0 0 41127 34908 43399 37783 35300 31176 36188 35021 42722 31235 30635
20 6180 50KHz 32883 30777 34630 31479 34081 31806 31602 34878 34615 31684 32959 34798 39951 53150 33448 33509 19294 38607 36209 0 0 0 38978 35160 40628 36346 31872 35971 34499 42029 31169 30813
21 6183 50KHz 33694 34791 32515 34252 32790 34006 34013 32347 32484 34092 33407 32568 29716 21665 33314 33570 45410 39640 48583 39306 0 0 0 40611 48997 39821 37268 33620 33417 29263 34686 34821
22 6186 50KHz 33192 32589 33692 32712 33479 32829 32743 33604 33601 32764 33117 33703 35263 39228 33415 33488 29447 34027 37556 48838 38780 0 0 0 37454 46986 37060 35981 34309 36341 32897 32781
23 6189 50KHz 33335 33916 33137 33624 33068 33630 33659 32526 32872 33606 33266 32923 32058 30017 33526 33562 36991 35559 37048 41390 35175 40951 0 0 0 37961 46069 37385 34328 32260 34259 34415
24 6192 50KHz 33674 34467 32795 34026 32972 33874 33862 32564 32711 33891 33362 32727 30718 25122 33451 33632 41310 35613 36023 37187 41291 50701 37928 0 0 0 36589 42017 35243 31242 34640 34686
25 6196 50KHz 33637 33555 33402 33361 33368 33364 33284 33306 33319 33306 33285 33372 33393 33156 33527 33657 34618 34032 34548 35079 36779 40823 49047 38572 0 0 0 38162 41417 36611 34267 33987
26 6199 50KHz 32948 31141 34698 31624 34015 32047 31916 34396 34418 31849 32930 34562 39351 52537 33566 33444 17343 30382 31224 31551 31810 37155 36923 45616 36321 0 0 0 35857 48374 33234 32290
27 6202 50KHz 34110 35238 32638 34407 32772 34124 34146 32191 32392 34185 33399 32384 29325 20841 33368 33546 44696 36004 35584 35681 36225 33653 36224 37469 41554 37650 0 0 0 36189 41157 37828
28 6205 50KHz 35250 35251 33219 34103 33129 33757 33651 33086 32922 33787 33416 32960 31047 24956 33300 33618 41715 34908 34814 34837 34762 33432 34519 34424 35218 40932 36065 0 0 0 36577 45811
29 6208 50KHz 40199 34192 29191 41252 30478 39392 39735 27308 28180 39879 34765 27661 6465 0 33688 34484 65535 49276 46065 45405 47477 27972 39082 32650 31462 39006 35331 38612 0 0 0 39699
30 6212 50KHz 45287 33139 37890 32162 35157 32343 32047 35466 35518 31929 33416 35756 42309 62473 34509 34327 11587 29686 30539 30725 30107 35832 32868 35090 35536 34982 33793 47593 39088 0 0 0
31 6215 50KHz 53101 40794 35094 35134 36417 32814 32304 35577 35781 31861 33448 35990 43123 65442 34398 34082 7474 29181 30003 30229 29744 35807 32650 35084 35345 34333 32067 40432 51655 39673 0 0