
0 566 50KHz 0 0 35931 41566 35432 34992 33760 33270 33693 33634 33364 33249 33225 48463 19540 32429 47871 18643 32719 33116 33293 32893 32927 33532 32934 32879 33548 33745 34662 38985 44933 65535
1 566 50KHz 0 0 0 35560 39456 35661 33896 33415 33389 33298 33200 33173 33165 36995 29890 32997 36791 29688 32911 32994 33008 32918 32934 33086 32967 32989 33164 33267 33697 35258 37051 35486
2 566 50KHz 35513 0 0 0 34910 38485 34403 33576 33298 33234 33175 33218 33250 35962 30705 33221 35726 30684 32682 32808 32999 32972 33004 33108 33058 32950 33134 32992 33146 33735 34774 41103
3 566 50KHz 40680 35567 0 0 0 34696 36829 34525 33508 33271 33244 33355 33401 31332 34937 33665 31171 35330 32597 32666 32938 33069 33106 33014 33196 33031 33072 32803 32892 32640 33931 36176
4 566 50KHz 35090 39309 34933 0 0 0 34402 38126 35674 34468 33895 33670 33528 40981 26205 32837 40541 25782 32785 32976 33050 32854 32871 33173 32859 32801 33101 33066 33054 33823 33502 34182
5 566 50KHz 34618 35501 38347 34593 0 0 0 35758 43756 37316 35330 34498 33941 28495 37874 33289 28506 38046 33418 33137 32729 32815 32780 32596 32785 33025 32727 33030 33121 33091 32646 33381
6 567 50KHz 33533 33827 34368 36668 34279 0 0 0 37520 46332 38686 36145 34776 34128 32784 33048 33799 32649 33247 33122 32834 32780 32759 32792 32741 32903 32828 33053 33083 33447 32769 33076
7 567 50KHz 33091 33331 33514 34370 37394 35423 0 0 0 37064 46786 39560 36340 36781 30292 33052 36213 30092 33038 33023 32876 32770 32764 32896 32752 32825 32882 32992 32988 33467 32882 33014
8 567 50KHz 33406 33279 33221 33418 35227 42639 37134 0 0 0 37293 50400 40254 31909 35114 33285 31287 35162 33374 33145 32713 32711 32673 32604 32639 32882 32671 33031 33083 33305 32491 32811
9 567 50KHz 33363 33188 33157 33206 34201 36928 45261 36938 0 0 0 37612 49112 31193 36161 33778 30030 36455 33219 33021 32737 32799 32774 32646 32775 32926 32720 32927 32979 32917 32623 32894
10 567 50KHz 33141 33099 33105 33188 33689 35111 38200 46365 37275 0 0 0 37125 34789 33776 34193 32392 34076 33051 32955 32826 32841 32833 32798 32847 32901 32826 32891 32913 32943 32826 32974
11 567 50KHz 33085 33074 33140 33271 33511 34331 35877 39406 34402 37574 0 0 0 33262 33541 35339 32428 34080 32950 32886 32883 32916 32919 32879 32958 32933 32894 32820 32832 32741 32964 33065
12 567 50KHz 33064 33063 33172 33322 33384 33814 34622 36314 40505 49945 37185 0 0 0 32912 38067 32288 34350 32926 32873 32946 32998 33007 32948 33055 32973 32950 32777 32787 32578 33072 33140
13 568 50KHz 65535 50156 40767 19244 65535 25474 52707 60528 37426 35269 53762 37599 0 0 0 34217 0 65535 65535 44851 16864 33999 31005 3063 32381 49788 14410 38054 45969 8775 0 18041
14 568 50KHz 901 28105 26521 35956 15995 59323 42685 32206 53206 51030 40265 33406 32573 0 0 0 65535 0 26684 40953 46522 30474 31465 54987 28114 23586 45591 43554 38641 65535 54608 37651
15 568 50KHz 32252 32976 33320 33942 32736 33313 33005 33052 33422 34120 34687 36217 39731 34071 0 0 0 21944 36447 34990 34705 34149 34091 34321 33893 33290 33903 32964 32809 33138 34396 33854
16 568 50KHz 65535 50017 40725 19022 65535 25750 49823 56328 31496 25879 36858 37796 35077 0 65535 0 0 0 36353 41643 16752 32940 30200 4364 31514 49150 15650 39440 46964 10032 244 19074
17 568 50KHz 975 28357 26730 36379 16224 60034 43566 32999 54241 52916 42528 36917 35714 65535 0 2701 0 0 0 38016 62352 38841 36782 59179 30397 25732 46687 44444 39450 65535 55961 38255
18 568 50KHz 32667 32928 32743 32715 32738 33458 33267 33073 33446 33321 33147 33033 33045 40783 26454 35685 33624 0 0 0 36556 46972 39371 36088 34392 33852 33561 33519 33394 34289 33122 32978
19 569 50KHz 32952 32937 32789 32681 32885 33127 33090 33004 33153 33048 32978 32911 32909 34474 32104 34347 34239 32983 0 0 0 37526 49861 38904 35668 34415 33511 33364 33279 33602 32860 32899
20 569 50KHz 33058 32902 32944 32934 32920 32642 32717 32780 32627 32698 32800 32900 32970 29570 36477 34179 29428 38457 36204 0 0 0 36715 44067 37614 35097 33722 33131 33028 32580 33010 33052
21 569 50KHz 32778 32851 32935 33056 32767 32752 32707 32713 32675 32794 32844 32940 33022 34130 32275 33790 33836 33326 46213 37695 0 0 0 36001 43499 36911 34408 33324 33098 32907 33310 33174
22 569 50KHz 32814 32867 32960 33080 32785 32724 32688 32706 32641 32772 32836 32942 33028 33598 32756 33738 33333 33572 39091 50751 36932 0 0 0 35982 42255 35669 33681 33273 32937 33372 33224
23 569 50KHz 33351 33001 33044 32962 33083 32531 32704 32833 32536 32610 32777 32909 32969 25718 40081 33938 25813 41115 36093 39647 45648 36285 0 0 0 35411 38384 34344 33626 32556 33076 33156
24 569 50KHz 32823 32919 33034 33193 32790 32762 32702 32718 32642 32805 32877 33007 33101 34443 32059 33632 34171 32562 34435 36153 38547 45087 36399 0 0 0 34662 36936 34643 33577 33816 33462
25 569 50KHz 32809 32978 32966 33063 32767 33050 32918 32844 32937 32999 32969 32999 33043 37494 29273 33220 37219 29325 33859 34647 35489 37419 43274 35522 0 0 0 34334 38612 35570 34333 33670
26 570 50KHz 33368 33104 33097 33059 33020 32694 32770 32842 32654 32732 32843 32946 32998 29216 36879 33627 29216 37403 33542 33615 33908 34597 35994 38750 34670 0 0 0 35051 38794 35227 34089
27 570 50KHz 33611 33267 33037 32874 33044 33035 33049 33013 33046 32971 32950 32904 32879 32146 34278 33055 32249 34279 33533 33460 33290 33487 33866 34517 37033 34375 0 0 0 35184 38737 35318
28 570 50KHz 34401 33675 33177 32940 33024 33150 33099 33019 33132 33044 32982 32909 32878 34217 32375 32896 34261 32183 33414 33379 33155 33215 33392 33735 34662 38611 35009 0 0 0 35387 41024
29 570 50KHz 38305 35184 33696 32573 33786 33157 33485 33520 33345 32936 32963 32789 32627 19187 46453 33081 20055 46790 34331 33690 32614 32946 32947 32566 33496 35592 38793 35066 0 0 0 36614
30 570 50KHz 44439 37192 34844 33902 33467 32487 32612 32791 32331 32512 32768 32989 33087 23473 42345 34117 23610 43247 33020 32765 33058 33349 33439 33090 33875 34405 35505 39158 35574 0 0 0
31 570 50KHz 65535 35915 42549 36669 34327 33441 33042 32996 32785 32925 33029 33176 33262 31742 34935 33755 31594 35337 32882 32879 33195 33284 33361 33307 33613 33780 34423 35734 42654 37327 0 0
0 570 50KHz 0 0 35931 41551 35426 34987 33760 33273 33691 33632 33359 33241 33236 48421 19578 32428 47827 18689 32724 33180 33223 32894 32933 33541 32923 32907 33534 33729 34661 38951 44982 65535
1 571 50KHz 0 0 0 35560 39461 35661 33897 33416 33391 33299 33200 33173 33167 36994 29894 32996 36798 29689 32910 33010 32991 32919 32935 33087 32964 32995 33162 33264 33698 35243 37063 35485
2 571 50KHz 35511 0 0 0 34912 38493 34407 33578 33300 33234 33176 33219 33247 35960 30716 33221 35711 30697 32681 32800 33013 32972 33004 33105 33058 32946 33134 32997 33147 33737 34763 41090
3 571 50KHz 40672 35569 0 0 0 34700 36830 34522 33507 33269 33245 33358 33392 31313 34957 33665 31149 35346 32604 32611 32995 33067 33105 33008 33196 33000 33089 32817 32891 32678 33891 36152
4 571 50KHz 35086 39305 34937 0 0 0 34402 38116 35669 34455 33890 33668 33533 40991 26202 32835 40549 25775 32777 33018 33013 32854 32871 33176 32860 32821 33087 33060 33053 33784 33531 34184
5 571 50KHz 34614 35500 38354 34597 0 0 0 35755 43766 37303 35330 34499 33944 28524 37850 33290 28537 38025 33407 33160 32709 32816 32780 32599 32788 33044 32717 33024 33121 33056 32674 33388
6 571 50KHz 33533 33825 34369 36675 34280 0 0 0 37519 46245 38677 36139 34777 34140 32772 33048 33812 32647 33234 33170 32791 32780 32755 32791 32747 32915 32822 33046 33084 33387 32822 33080
7 571 50KHz 33094 33331 33512 34369 37389 35419 0 0 0 37022 46741 39537 36333 36735 30331 33048 36180 30136 33029 33062 32839 32771 32763 32894 32756 32830 32881 32986 32989 33390 32953 33009
8 572 50KHz 33405 33280 33224 33423 35229 42646 37134 0 0 0 37305 50460 40267 31934 35092 33282 31308 35123 33361 33182 32678 32713 32674 32604 32646 32883 32680 33024 33084 33217 32585 32809
9 572 50KHz 33364 33189 33155 33200 34195 36910 45189 36873 0 0 0 37615 49133 31206 36164 33769 30045 36441 33223 33039 32721 32796 32771 32642 32774 32925 32720 32930 32984 32898 32642 32894
10 572 50KHz 33144 33099 33104 33188 33689 35110 38192 46274 37290 0 0 0 37131 34784 33787 34190 32373 34087 33052 32961 32821 32841 32832 32795 32845 32900 32824 32892 32913 32931 32834 32973
11 572 50KHz 33091 33074 33137 33263 33516 34333 35880 39372 34405 37574 0 0 0 33261 33602 35341 32364 34145 32969 32887 32883 32912 32911 32873 32948 32931 32889 32823 32838 32770 32926 33059
12 572 50KHz 33082 33067 33164 33303 33393 33821 34631 36298 40524 49951 37190 0 0 0 32923 38079 32158 34488 32960 32873 32946 32990 32992 32938 33042 32973 32948 32778 32796 32640 32983 33144
13 572 50KHz 65535 50142 40806 19125 65535 25465 52663 60048 37414 35560 53849 37660 0 0 0 34247 0 65535 65535 44313 16995 33972 31083 2977 32320 49698 14375 38059 46100 8234 0 18567
14 573 50KHz 957 28080 26364 36101 15953 59216 42585 32371 53097 51282 40395 33956 32615 0 0 0 65535 0 26054 41529 46183 30471 31998 54600 28299 23537 44968 44055 38495 65535 62197 36264
15 573 50KHz 32243 32975 33330 33959 32716 33309 32997 33039 33411 34107 34683 36214 39747 34091 0 0 0 21745 36446 34962 34718 34152 34086 34349 33900 33304 33914 32934 32797 33250 34251 33894
16 573 50KHz 65535 50006 40715 18928 65535 25715 49784 55978 31489 26122 36856 37805 35182 0 65535 0 0 0 36319 41473 16774 32910 30418 4316 31455 48947 15640 39493 47092 9550 0 19304
17 573 50KHz 1099 28450 26619 36528 16085 59996 43497 33189 54120 53215 42605 37473 35728 65535 0 2531 0 0 0 38043 61958 38816 37373 58627 30592 25410 46233 45019 39336 65535 63125 36720
18 573 50KHz 32636 32920 32742 32737 32727 33441 33247 33059 33424 33323 33145 33049 33053 40940 26323 35697 33633 0 0 0 36549 46960 39384 36091 34410 33839 33558 33522 33380 34134 33320 32961
19 573 50KHz 32953 32938 32787 32683 32885 33125 33089 33004 33151 33053 32978 32918 32909 34517 32064 34347 34296 32979 0 0 0 37517 49847 38900 35674 34405 33513 33365 33269 33519 32974 32889
20 573 50KHz 33076 32907 32942 32917 32930 32652 32730 32791 32643 32700 32803 32893 32969 29469 36554 34171 29355 38518 36196 0 0 0 36710 44051 37596 35102 33719 33131 33038 32642 32924 33060
21 574 50KHz 32777 32852 32937 33055 32767 32756 32707 32714 32676 32789 32844 32936 33027 34132 32261 33792 33841 33326 46197 37683 0 0 0 35997 43465 36910 34410 33314 33097 32946 33251 33189
22 574 50KHz 32826 32872 32959 33068 32792 32732 32701 32717 32653 32772 32839 32936 33028 33503 32842 33731 33243 33660 39099 50822 36918 0 0 0 35975 42261 35678 33671 33281 32991 33293 33233
23 574 50KHz 33336 32995 33050 32972 33078 32526 32695 32821 32530 32600 32776 32902 32985 25825 39959 33952 25905 41017 36088 39645 45613 36276 0 0 0 35410 38434 34314 33619 32608 32986 33194
24 574 50KHz 32829 32922 33036 33187 32793 32766 32705 32723 32650 32801 32878 32999 33107 34378 32111 33628 34112 32616 34452 36161 38517 45053 36396 0 0 0 34671 36923 34652 33624 33731 33487
25 574 50KHz 32825 32984 32963 33048 32775 33060 32930 32857 32953 33003 32971 32996 33034 37347 29418 33202 37097 29453 33878 34654 35479 37402 43260 35518 0 0 0 34334 38640 35585 34308 33653
26 574 50KHz 33312 33084 33112 33109 32987 32665 32723 32796 32605 32707 32834 32949 33034 29692 36425 33676 29666 36949 33474 33576 33925 34631 36035 38844 34687 0 0 0 35044 38747 35206 34158
27 574 50KHz 33645 33279 33028 32842 33063 33056 33079 33039 33077 32988 32958 32903 32861 31903 34520 33024 32031 34507 33567 33477 33282 33468 33853 34481 37017 34383 0 0 0 35185 38723 35277
28 575 50KHz 34403 33676 33176 32942 33021 33148 33099 33018 33131 33047 32983 32914 32872 34263 32331 32895 34306 32137 33401 33367 33173 33214 33406 33728 34675 38654 34999 0 0 0 35384 41015
29 575 50KHz 38201 35148 33714 32660 33736 33093 33405 33450 33260 32905 32951 32815 32659 19805 45878 33162 20592 46237 34205 33611 32684 32986 33017 32618 33577 35609 38766 35074 0 0 0 36567
30 575 50KHz 44568 37239 34830 33792 33542 32563 32718 32882 32444 32558 32785 32957 33064 22514 43241 34034 22764 44138 33200 32903 32944 33303 33357 33021 33771 34383 35502 39088 35572 0 0 0
31 575 50KHz 65535 35918 42563 36688 34295 33426 33017 32971 32760 32921 33018 33170 33292 32073 34638 33774 31897 35031 32859 32881 33174 33297 33363 33353 33618 33768 34523 35619 42652 37270 0 0
0 575 50KHz 0 0 35940 41549 35406 34976 33759 33276 33696 33617 33368 33255 33211 48337 19664 32431 47747 18771 32709 33140 33270 32893 32948 33517 32935 32893 33444 33811 34660 38852 45067 65535
1 575 50KHz 0 0 0 35567 39434 35655 33897 33416 33394 33294 33203 33175 33162 36982 29899 32994 36784 29697 32910 33000 33002 32916 32938 33081 32966 32991 33132 33288 33699 35221 37079 35488
2 575 50KHz 35518 0 0 0 34920 38515 34409 33580 33298 33235 33172 33218 33256 35965 30705 33225 35720 30687 32681 32802 33003 32974 33001 33112 33059 32949 33165 32956 33143 33741 34752 41120
3 576 50KHz 40679 35576 0 0 0 34712 36847 34526 33506 33282 33235 33345 33418 31293 34969 33667 31128 35366 32616 32642 32948 33068 33088 33024 33186 33020 33173 32719 32885 32687 33838 36198
4 576 50KHz 35071 39287 34944 0 0 0 34406 38130 35683 34448 33896 33674 33516 41036 26155 32830 40586 25739 32768 32989 33044 32853 32880 33168 32863 32803 33053 33096 33053 33797 33548 34152
5 576 50KHz 34608 35496 38373 34607 0 0 0 35755 43783 37286 35328 34501 33934 28500 37871 33290 28508 38038 33400 33142 32727 32817 32788 32596 32792 33024 32685 33064 33119 33063 32682 33372
6 576 50KHz 33533 33827 34374 36693 34283 0 0 0 37528 46194 38675 36147 34759 34150 32772 33045 33815 32648 33229 33138 32830 32780 32768 32783 32749 32889 32779 33104 33085 33413 32826 33057
7 576 50KHz 33099 33333 33514 34375 37402 35423 0 0 0 36991 46689 39529 36311 36704 30362 33051 36123 30178 33023 33034 32871 32772 32774 32885 32758 32813 32841 33031 32989 33421 32938 32997
8 576 50KHz 33414 33285 33219 33415 35241 42670 37141 0 0 0 37313 50520 40276 31886 35148 33282 31256 35174 33362 33164 32708 32709 32683 32588 32643 32857 32624 33091 33092 33275 32543 32792
9 577 50KHz 33348 33185 33161 33223 34192 36910 45202 36891 0 0 0 37617 49210 31353 36008 33785 30190 36290 33193 33014 32744 32805 32786 32657 32788 32918 32717 32939 32972 32897 32660 32902
10 577 50KHz 33148 33102 33102 33184 33692 35113 38199 46283 37292 0 0 0 37135 34740 33818 34192 32350 34116 33056 32963 32822 32839 32833 32792 32844 32896 32815 32904 32917 32945 32829 32968
11 577 50KHz 33098 33078 33137 33256 33518 34336 35885 39380 34406 37570 0 0 0 33251 33640 35331 32310 34178 32975 32893 32876 32911 32907 32869 32945 32938 32894 32814 32840 32763 32934 33060
12 577 50KHz 33037 33055 33182 33351 33369 33803 34602 36284 40510 50123 37193 0 0 0 32893 38088 32495 34142 32902 32843 32959 33007 33010 32976 33069 32990 33005 32717 32768 32579 33072 33168
13 577 50KHz 65535 50198 40672 19081 65535 25387 52761 59987 37426 35656 53740 37616 0 0 0 34214 0 65535 65535 44576 16883 33908 31119 2857 32214 49449 13678 37859 46298 8496 0 18601
14 577 50KHz 1116 28170 26379 36035 15825 59269 42616 32389 53133 50481 40623 34311 32470 0 0 0 65535 0 25894 41218 46718 30395 32397 54341 28380 22058 43057 47073 38380 65535 59450 36797
15 577 50KHz 32228 32969 33332 33964 32715 33311 32994 33039 33408 34119 34677 36211 39773 34088 0 0 0 21719 36437 34959 34704 34157 34077 34354 33902 33349 33987 32818 32789 33196 34338 33876
16 578 50KHz 65535 50012 40650 18867 65535 25632 49831 55931 31522 26351 36891 37789 34941 0 65535 0 0 0 36339 41758 16759 32884 30431 4275 31392 48388 14605 39499 47353 9745 0 19419
17 578 50KHz 1196 28546 26597 36516 15956 60034 43527 33224 54149 52316 42925 37923 34538 65535 0 2553 0 0 0 37983 62564 38677 37732 58943 30687 23654 44926 47954 39124 65535 60172 37509
18 578 50KHz 32663 32929 32744 32733 32727 33443 33251 33064 33428 33305 33153 33061 33023 40915 26346 35679 33631 0 0 0 36549 46965 39396 36092 34412 33793 33519 33594 33387 34182 33254 32979
19 578 50KHz 32944 32935 32789 32693 32877 33117 33081 32996 33141 33040 32982 32927 32902 34619 31967 34352 34396 32970 0 0 0 37518 49904 38913 35686 34377 33506 33397 33264 33534 32955 32912
20 578 50KHz 33090 32910 32938 32903 32940 32662 32744 32803 32656 32713 32801 32886 32973 29354 36674 34161 29245 38621 36193 0 0 0 36709 44057 37590 35122 33718 33114 33052 32642 32933 33039
21 578 50KHz 32773 32850 32938 33059 32764 32754 32703 32711 32673 32795 32839 32932 33037 34157 32250 33799 33869 33292 46202 37680 0 0 0 35996 43466 36930 34419 33286 33097 32939 33276 33179
22 578 50KHz 32832 32872 32959 33061 32797 32736 32705 32722 32660 32780 32835 32930 33035 33436 32904 33728 33181 33709 39108 50797 36914 0 0 0 35973 42283 35682 33650 33290 32992 33308 33214
23 579 50KHz 33329 32992 33051 32979 33075 32522 32688 32816 32523 32612 32766 32894 33006 25884 39924 33962 25948 40968 36082 39651 45609 36277 0 0 0 35408 38417 34284 33621 32593 33033 33174
24 579 50KHz 32834 32925 33036 33182 32796 32769 32710 32727 32654 32811 32873 32993 33116 34340 32162 33629 34070 32665 34459 36172 38507 45051 36394 0 0 0 34664 36950 34665 33630 33754 33457
25 579 50KHz 32773 32966 32978 33102 32742 33027 32883 32815 32901 32984 32961 33006 33062 37778 29019 33251 37468 29063 33810 34614 35513 37442 43329 35531 0 0 0 34335 38579 35518 34369 33686
26 579 50KHz 33353 33098 33099 33062 33015 32697 32767 32837 32653 32737 32839 32938 33027 29368 36725 33634 29393 37234 33531 33623 33894 34611 36004 38823 34685 0 0 0 35022 38711 35170 34077
27 579 50KHz 33651 33281 33027 32836 33066 33055 33082 33042 33082 32983 32961 32905 32848 31821 34604 33021 31938 34592 33581 33483 33289 33470 33862 34484 37046 34376 0 0 0 35178 38667 35278
28 579 50KHz 34397 33675 33174 32941 33018 33149 33100 33018 33134 33043 32987 32920 32860 34321 32272 32889 34365 32076 33404 33363 33184 33213 33414 33731 34681 38566 34966 0 0 0 35382 41021
29 580 50KHz 38202 35143 33706 32648 33740 33095 33412 33453 33267 32908 32954 32819 32642 19780 45903 33151 20549 46285 34219 33613 32692 32981 33024 32606 33568 35506 38720 35064 0 0 0 36556
30 580 50KHz 44457 37177 34827 33844 33504 32519 32660 32835 32389 32544 32766 32960 33122 22963 42802 34091 23165 43723 33118 32867 32961 33341 33376 33088 33818 34493 35398 39075 35583 0 0 0
31 580 50KHz 65535 35923 42551 36632 34327 33459 33064 33015 32816 32943 33027 33159 33283 31650 35024 33733 31526 35411 32929 32934 33142 33279 33326 33314 33581 33829 34362 35682 42663 37254 0 0
0 642 50KHz 0 0 35939 41466 35349 34963 33759 33283 33678 33603 33361 33220 33183 48551 19470 32493 47864 18665 32734 33142 33294 32892 32980 33537 32989 32991 33441 33858 34750 38778 44972 65535
1 642 50KHz 0 0 0 35588 39432 35657 33896 33413 33381 33278 33189 33159 33146 37033 29845 33017 36794 29703 32918 33008 33014 32926 32955 33095 32993 33033 33155 33320 33768 35301 37157 35485
2 642 50KHz 35517 0 0 0 34944 38585 34424 33576 33292 33211 33159 33212 33248 35807 30823 33223 35553 30865 32680 32806 32999 32984 33003 33116 33063 32940 33177 32987 33170 33877 34732 41121
3 642 50KHz 40592 35590 0 0 0 34739 36917 34532 33531 33268 33231 33365 33428 31399 34838 33613 31254 35245 32594 32656 32939 33080 33074 33039 33166 32946 33203 32764 32904 33029 33663 36156
4 642 50KHz 35018 39286 34968 0 0 0 34409 38097 35652 34407 33873 33646 33499 41066 26115 32854 40573 25751 32759 32972 33046 32846 32889 33166 32883 32843 33026 33089 33058 33640 33716 34248
5 642 50KHz 34597 35501 38465 34636 0 0 0 35731 43744 37197 35292 34474 33915 28562 37809 33307 28540 38018 33399 33137 32734 32815 32798 32593 32802 33073 32680 33046 33132 32978 32790 33426
6 643 50KHz 33534 33830 34399 36754 34289 0 0 0 37528 45980 38624 36105 34736 34206 32705 33076 33840 32630 33236 33129 32837 32772 32779 32776 32767 32970 32734 33085 33091 33218 32996 33134
7 643 50KHz 33105 33334 33520 34380 37387 35404 0 0 0 36847 46456 39426 36258 36607 30442 33083 36014 30310 33035 33026 32873 32764 32782 32875 32778 32884 32795 33017 32992 33229 33084 33064
8 643 50KHz 33401 33276 33225 33443 35227 42660 37152 0 0 0 37325 50734 40280 32073 34970 33332 31394 35056 33351 33144 32725 32712 32705 32598 32677 32952 32592 33061 33091 33059 32734 32871
9 643 50KHz 33341 33175 33147 33212 34161 36832 45000 36730 0 0 0 37588 49082 31497 35859 33783 30320 36151 33197 33017 32750 32801 32788 32660 32792 32950 32709 32936 32984 32863 32718 32924
10 643 50KHz 33146 33095 33097 33182 33678 35080 38156 46041 37298 0 0 0 37099 34760 33754 34193 32384 34085 33055 32961 32828 32842 32836 32796 32853 32915 32812 32898 32919 32912 32869 32992
11 643 50KHz 33068 33065 33142 33287 33495 34308 35846 39272 34411 37543 0 0 0 33268 33313 35326 32615 33866 32928 32873 32893 32929 32924 32904 32964 32914 32941 32799 32823 32826 32925 33082
12 643 50KHz 33032 33052 33180 33358 33362 33788 34583 36236 40533 49950 37167 0 0 0 32885 38063 32578 34040 32885 32846 32967 33025 33016 32994 33070 32930 33051 32733 32763 32752 32963 33161
13 644 50KHz 65535 50241 39925 19355 65535 25471 53024 59060 37789 36528 53420 37411 0 0 0 34277 0 65535 65535 45395 16986 33779 31007 2446 31169 50448 15725 37635 47059 8048 0 15646
14 644 50KHz 827 27906 26699 35684 15666 59110 42372 32620 52599 49910 40384 32477 32416 0 0 0 65535 0 26696 40008 46607 29765 32524 54188 29871 26817 39571 45617 38096 65535 57664 41062
15 644 50KHz 32322 33010 33333 33892 32748 33347 33046 33090 33477 34125 34687 36222 39758 34060 0 0 0 22087 36487 35014 34684 34147 34044 34315 33848 33209 33982 32923 32810 33260 34354 33868
16 644 50KHz 65535 50008 39843 19266 65535 25722 50027 55345 31720 27375 36917 37898 34536 0 65535 0 0 0 36386 42136 16948 32840 30373 3979 30548 49848 16166 39096 47916 10538 0 17033
17 644 50KHz 980 28290 26970 35969 15817 59926 43342 33453 53770 51781 42702 35961 33925 65535 0 2741 0 0 0 37940 62179 38098 37792 58285 32130 28510 40905 46667 38927 65535 63197 41893
18 644 50KHz 32691 32941 32747 32703 32722 33447 33271 33079 33430 33295 33154 33019 32991 40861 26417 35708 33625 0 0 0 36543 46948 39367 36063 34439 33924 33417 33569 33395 34005 33355 33077
19 645 50KHz 32954 32945 32796 32695 32868 33114 33081 32993 33133 33033 32979 32907 32889 34714 31882 34376 34453 32965 0 0 0 37507 49731 38879 35710 34445 33457 33370 33256 33456 32988 32974
20 645 50KHz 33088 32919 32944 32917 32930 32660 32738 32793 32655 32713 32802 32910 32984 29522 36508 34141 29400 38444 36189 0 0 0 36680 43998 37610 35062 33778 33109 33037 32649 32969 33031
21 645 50KHz 32777 32862 32950 33068 32762 32755 32701 32708 32675 32794 32841 32951 33047 34259 32126 33780 33963 33195 46178 37671 0 0 0 35995 43621 36887 34477 33286 33081 32791 33465 33183
22 645 50KHz 32848 32888 32966 33062 32801 32742 32710 32726 32671 32783 32838 32948 33040 33432 32895 33698 33191 33697 39070 50672 36882 0 0 0 35992 42241 35736 33649 33281 32818 33516 33208
23 645 50KHz 33345 33007 33055 32988 33077 32526 32691 32812 32534 32619 32771 32929 33016 25887 39908 33918 25968 40935 36061 39607 45557 36273 0 0 0 35402 38544 34272 33615 32278 33411 33125
24 645 50KHz 32884 32949 33043 33166 32816 32779 32727 32746 32675 32815 32878 33012 33116 34013 32463 33595 33769 32948 34488 36194 38534 45215 36414 0 0 0 34700 36945 34687 33420 33994 33445
25 645 50KHz 32907 33023 32962 32994 32802 33089 32975 32898 32998 33015 32980 32981 33003 36959 29794 33163 36730 29828 33935 34679 35440 37377 43213 35495 0 0 0 34359 38770 35708 34190 33697
26 646 50KHz 33251 33086 33139 33193 32936 32639 32664 32737 32558 32708 32821 32985 33096 30660 35497 33670 30572 36014 33349 33517 33968 34677 36069 38949 34712 0 0 0 35061 38432 35685 34198
27 646 50KHz 33738 33333 33037 32820 33085 33067 33101 33058 33098 32990 32962 32883 32825 31579 34805 33015 31717 34817 33608 33489 33256 33441 33832 34436 37027 34408 0 0 0 35274 38471 35450
28 646 50KHz 34476 33744 33204 32952 33028 33164 33108 33023 33140 33050 32991 32900 32850 34451 32146 32900 34468 31975 33408 33360 33165 33193 33399 33720 34697 38754 35009 0 0 0 35401 41584
29 646 50KHz 38894 35497 33695 32332 33964 33384 33780 33751 33650 33081 33043 32718 32420 16944 49444 32850 17738 49244 34703 33874 32517 32791 32840 32368 33370 35686 38467 35095 0 0 0 37495
30 646 50KHz 43718 37020 34875 34090 33398 32401 32474 32661 32209 32479 32729 33051 33242 24245 41536 34178 24239 42547 32853 32696 33059 33427 33450 33214 33892 34276 35694 38808 35514 0 0 0
31 646 50KHz 65535 35920 42578 36622 34422 33510 33134 33083 32877 32964 33051 33195 33285 30443 36150 33745 30378 36572 33043 32997 33140 33292 33328 33265 33577 33828 34524 35892 43378 38289 0 0
0 646 50KHz 0 0 35941 41471 35345 34962 33759 33286 33678 33600 33362 33218 33182 48487 19515 32495 47853 18663 32737 33157 33274 32891 32976 33535 32990 33000 33433 33861 34754 39251 44619 65535
1 647 50KHz 0 0 0 35588 39437 35655 33896 33413 33380 33276 33189 33158 33145 36989 29878 33016 36790 29700 32918 33011 33010 32925 32955 33095 32992 33035 33153 33322 33768 35449 37055 35489
2 647 50KHz 35521 0 0 0 34948 38603 34432 33582 33294 33212 33159 33213 33251 35787 30856 33218 35557 30860 32679 32803 33003 32983 33003 33114 33064 32939 33178 32986 33170 33822 34826 41128
3 647 50KHz 40599 35596 0 0 0 34744 36919 34533 33529 33266 33231 33366 33430 31375 34884 33607 31238 35254 32592 32643 32956 33082 33080 33033 33165 32941 33211 32757 32902 32791 33935 36140
4 647 50KHz 35010 39272 34970 0 0 0 34412 38101 35651 34408 33873 33645 33496 41053 26131 32850 40587 25738 32762 32981 33036 32845 32885 33169 32883 32845 33022 33092 33058 33753 33597 34253
5 647 50KHz 34591 35489 38458 34645 0 0 0 35734 43730 37190 35287 34471 33913 28535 37826 33303 28538 38022 33398 33140 32730 32817 32794 32595 32801 33074 32677 33046 33132 33043 32711 33431
6 647 50KHz 33532 33829 34402 36776 34292 0 0 0 37525 45981 38620 36108 34739 34190 32725 33065 33853 32624 33239 33136 32827 32772 32772 32783 32769 32975 32729 33087 33089 33279 32918 33150
7 647 50KHz 33106 33333 33522 34386 37396 35410 0 0 0 36848 46472 39433 36264 36601 30450 33072 36027 30286 33038 33033 32862 32763 32777 32881 32779 32888 32788 33020 32989 33253 33048 33077
8 648 50KHz 33400 33277 33226 33443 35226 42660 37153 0 0 0 37326 50704 40292 32059 34985 33322 31396 35051 33355 33151 32713 32711 32697 32605 32678 32959 32585 33064 33090 33057 32718 32887
9 648 50KHz 33341 33175 33145 33211 34157 36821 44983 36731 0 0 0 37588 49038 31481 35880 33779 30311 36177 33198 33018 32746 32802 32786 32661 32792 32952 32705 32939 32984 32859 32714 32929
10 648 50KHz 33147 33094 33095 33179 33677 35075 38148 46047 37295 0 0 0 37100 34730 33788 34189 32368 34092 33057 32964 32826 32840 32834 32795 32850 32917 32810 32900 32920 32912 32864 32994
11 648 50KHz 33069 33066 33141 33287 33494 34306 35843 39280 34410 37540 0 0 0 33268 33341 35331 32615 33867 32928 32872 32898 32929 32924 32903 32964 32913 32944 32799 32823 32831 32924 33080
12 648 50KHz 33029 33049 33181 33361 33360 33787 34580 36242 40530 49893 37169 0 0 0 32884 38057 32590 34011 32875 32834 32976 33025 33019 32995 33071 32924 33063 32728 32761 32760 32967 33155
13 648 50KHz 65535 50235 39906 19365 65535 25426 53021 59249 37850 36451 53419 37392 0 0 0 34266 0 65535 65535 44938 17077 33796 31047 2409 31120 50644 16087 37569 47064 8051 0 15641
14 649 50KHz 775 27987 26682 35684 15621 59154 42451 32595 52600 49839 40315 32379 32383 0 0 0 65535 0 26490 41049 45992 29769 32608 54293 29920 27880 38345 45746 38192 65535 65535 42067
15 649 50KHz 32351 33018 33331 33871 32763 33360 33058 33108 33498 34137 34694 36213 39747 34041 0 0 0 22278 36519 35020 34683 34135 34032 34304 33839 33180 34000 32937 32821 33510 34093 33830
16 649 50KHz 65535 50006 39732 19326 65535 25688 50028 55307 31737 27382 36925 37885 34480 0 65535 0 0 0 36396 41926 16955 32833 30420 3877 30507 50314 16532 39044 47920 10411 0 17093
17 649 50KHz 963 28297 26960 35954 15797 59970 43399 33430 53738 51721 42611 35833 33628 65535 0 2754 0 0 0 38005 62122 38090 37940 58372 32189 29943 39360 46727 38992 65535 65535 42657
18 649 50KHz 32686 32941 32748 32710 32722 33445 33265 33074 33426 33294 33152 33016 32988 40883 26378 35721 33629 0 0 0 36542 46941 39373 36069 34446 33961 33383 33567 33391 33850 33493 33100
19 649 50KHz 32967 32949 32792 32685 32876 33122 33090 33002 33143 33037 32981 32904 32881 34626 31968 34369 34382 32969 0 0 0 37505 49796 38872 35708 34473 33427 33378 33263 33355 33073 32977
20 649 50KHz 33084 32917 32944 32922 32929 32659 32734 32791 32652 32713 32802 32910 32986 29554 36482 34141 29435 38431 36183 0 0 0 36676 44010 37611 35046 33802 33106 33033 32771 32840 33025
21 650 50KHz 32774 32862 32949 33069 32762 32755 32702 32708 32675 32794 32842 32951 33048 34261 32146 33779 33965 33181 46173 37669 0 0 0 35999 43638 36875 34504 33287 33080 33050 33182 33178
22 650 50KHz 32855 32890 32965 33055 32804 32747 32714 32730 32677 32786 32839 32946 33037 33394 32947 33692 33153 33726 39072 50622 36879 0 0 0 35996 42238 35762 33655 33286 33120 33187 33201
23 650 50KHz 33339 33004 33055 32993 33074 32522 32684 32806 32528 32618 32770 32931 33020 25937 39853 33922 26014 40888 36052 39604 45562 36280 0 0 0 35404 38602 34263 33606 32834 32827 33129
24 650 50KHz 32885 32951 33045 33163 32817 32779 32727 32747 32675 32816 32879 33011 33115 33997 32485 33593 33757 32972 34490 36192 38536 45226 36424 0 0 0 34710 36943 34689 33798 33575 33449
25 650 50KHz 32938 33033 32954 32962 32820 33110 33002 32922 33027 33025 32986 32973 32984 36725 30033 33135 36524 30037 33975 34702 35422 37355 43192 35487 0 0 0 34362 38804 35632 34242 33682
26 650 50KHz 33220 33074 33147 33224 32918 32620 32635 32711 32527 32697 32813 32992 33115 30919 35264 33695 30800 35776 33308 33490 33984 34694 36084 38988 34717 0 0 0 35059 39007 35080 34219
27 650 50KHz 33740 33332 33036 32818 33085 33068 33102 33059 33099 32991 32962 32882 32824 31559 34831 33012 31701 34835 33611 33488 33256 33440 33830 34434 37026 34417 0 0 0 35205 38583 35445
28 651 50KHz 34477 33744 33203 32954 33025 33162 33106 33022 33138 33049 32989 32899 32852 34476 32125 32898 34502 31941 33410 33356 33166 33194 33398 33725 34703 38798 35014 0 0 0 35280 41602
29 651 50KHz 38093 35205 33860 33017 33568 32949 33160 33211 33006 32841 32914 32882 32819 22838 42939 33404 23348 43412 33790 33362 32851 33128 33188 32920 33816 35663 39138 35129 0 0 0 37183
30 651 50KHz 44396 37287 34793 33608 33712 32720 32931 33066 32679 32666 32839 32961 32989 20498 45151 33844 20945 45963 33496 33086 32846 33210 33215 32794 33562 34321 35227 38918 35453 0 0 0
31 651 50KHz 65535 35921 42580 36619 34419 33503 33133 33081 32874 32962 33048 33194 33283 30429 36168 33754 30355 36585 33036 32997 33144 33294 33332 33260 33578 33799 34548 35882 43396 37967 0 0
0 651 50KHz 0 0 35940 41467 35337 34956 33755 33285 33678 33598 33363 33219 33185 48492 19533 32483 47854 18665 32742 33155 33267 32890 32972 33543 32992 33035 33397 33864 34753 38698 45033 65535
1 651 50KHz 0 0 0 35587 39430 35651 33896 33413 33381 33276 33190 33158 33146 37000 29883 33011 36794 29694 32920 33011 33008 32924 32952 33095 32993 33043 33142 33322 33769 35278 37173 35487
2 652 50KHz 35518 0 0 0 34950 38599 34431 33581 33292 33211 33158 33212 33248 35786 30868 33217 35555 30848 32678 32802 33005 32983 33005 33112 33063 32925 33190 32984 33170 33897 34711 41128
3 652 50KHz 40601 35596 0 0 0 34746 36930 34535 33529 33267 33229 33366 33428 31370 34890 33608 31235 35246 32587 32644 32961 33082 33083 33029 33163 32900 33253 32756 32906 33110 33588 36146
4 652 50KHz 35012 39278 34969 0 0 0 34412 38105 35656 34407 33874 33646 33498 41048 26149 32850 40592 25724 32762 32980 33034 32846 32883 33172 32884 32868 33000 33092 33056 33589 33754 34252
5 652 50KHz 34593 35494 38465 34642 0 0 0 35731 43737 37187 35285 34470 33913 28538 37828 33305 28540 38037 33400 33139 32728 32817 32792 32597 32803 33099 32653 33047 33131 32929 32824 33432
6 652 50KHz 33534 33830 34400 36764 34293 0 0 0 37527 45962 38614 36098 34730 34176 32731 33074 33836 32634 33239 33139 32824 32772 32770 32784 32769 33015 32688 33089 33089 33140 33061 33141
7 652 50KHz 33106 33332 33520 34384 37397 35409 0 0 0 36843 46434 39412 36248 36579 30470 33081 36013 30305 33037 33036 32861 32765 32775 32883 32779 32923 32756 33019 32989 33164 33140 33071
8 652 50KHz 33400 33276 33223 33446 35233 42675 37154 0 0 0 37326 50696 40272 32056 34971 33331 31404 35050 33353 33152 32712 32711 32696 32609 32677 33001 32543 33065 33090 32964 32819 32879
9 653 50KHz 33344 33175 33146 33215 34164 36835 45018 36756 0 0 0 37586 49103 31434 35903 33784 30285 36199 33200 33020 32745 32802 32784 32661 32792 32968 32692 32937 32982 32825 32744 32925
10 653 50KHz 33145 33094 33097 33182 33679 35081 38148 46085 37293 0 0 0 37096 34743 33777 34192 32383 34085 33056 32962 32827 32842 32836 32798 32853 32924 32806 32899 32919 32898 32879 32993
11 653 50KHz 33065 33066 33142 33288 33494 34308 35840 39286 34408 37544 0 0 0 33265 33348 35334 32631 33857 32927 32870 32901 32929 32926 32903 32965 32901 32956 32797 32822 32850 32901 33083
12 653 50KHz 33029 33049 33182 33362 33361 33788 34577 36242 40520 49979 37169 0 0 0 32886 38050 32601 34018 32875 32833 32979 33026 33021 32991 33071 32898 33089 32727 32761 32809 32909 33160
13 653 50KHz 65535 50268 39802 19407 65535 25387 53009 59446 37887 36164 53392 37385 0 0 0 34261 0 65535 65535 44864 17099 33772 30908 2493 31109 50982 16720 37527 47077 7805 0 15580
14 653 50KHz 791 27978 26772 35656 15567 59179 42473 32445 52560 49935 40270 32359 32388 0 0 0 65535 0 26389 41175 45855 29759 32402 54402 29948 28954 37245 45829 38159 65535 65535 41660
15 653 50KHz 32329 33009 33327 33866 32762 33361 33058 33106 33498 34144 34694 36212 39745 34038 0 0 0 22290 36531 35023 34684 34137 34033 34295 33835 33161 34020 32937 32827 33593 33990 33840
16 654 50KHz 65535 50029 39697 19301 65535 25667 50029 55511 31827 27150 36936 37895 34460 0 65535 0 0 0 36397 41891 16955 32827 30348 3974 30502 50519 16737 39046 47943 10895 100 17053
17 654 50KHz 978 28325 26980 36068 15738 59997 43375 33317 53757 51792 42544 35811 33529 65535 0 2783 0 0 0 38004 61697 38092 37697 59110 32186 30675 38632 46825 38850 65535 65535 42581
18 654 50KHz 32667 32931 32742 32709 32723 33446 33260 33074 33427 33303 33149 33007 32989 40882 26378 35723 33628 0 0 0 36543 46943 39362 36075 34445 33979 33362 33571 33393 33721 33617 33103
19 654 50KHz 32963 32947 32791 32685 32876 33122 33084 33002 33143 33041 32980 32898 32882 34619 31949 34370 34389 32969 0 0 0 37506 49801 38873 35706 34480 33418 33379 33263 33276 33147 32981
20 654 50KHz 33081 32916 32945 32924 32929 32657 32730 32789 32649 32714 32803 32909 32990 29577 36461 34143 29449 38404 36187 0 0 0 36678 43984 37611 35037 33810 33102 33034 32833 32780 33025
21 654 50KHz 32776 32861 32949 33069 32764 32756 32701 32709 32674 32796 32843 32949 33047 34254 32153 33779 33971 33185 46181 37673 0 0 0 35994 43621 36866 34506 33282 33081 33113 33120 33175
22 655 50KHz 32843 32887 32968 33068 32798 32739 32705 32722 32665 32782 32838 32948 33042 33482 32846 33706 33240 33652 39062 50674 36885 0 0 0 35993 42217 35771 33643 33276 33183 33131 33203
23 655 50KHz 33353 33010 33052 32977 33083 32531 32696 32821 32542 32623 32773 32925 33007 25819 39973 33924 25907 40999 36063 39606 45539 36272 0 0 0 35405 38589 34274 33626 32943 32725 33107
24 655 50KHz 32885 32949 33043 33162 32817 32779 32729 32748 32676 32815 32878 33009 33108 34000 32489 33607 33765 32963 34486 36191 38532 45205 36415 0 0 0 34711 36946 34696 33866 33519 33440
25 655 50KHz 32944 33034 32952 32957 32820 33111 33006 32925 33031 33028 32988 32974 32988 36703 30057 33127 36519 30040 33977 34704 35412 37346 43162 35488 0 0 0 34366 38825 35631 34256 33679
26 655 50KHz 33214 33071 33148 33230 32917 32615 32631 32706 32523 32692 32809 32987 33101 30930 35233 33730 30812 35770 33299 33475 34007 34690 36088 38981 34718 0 0 0 35069 39097 34984 34242
27 655 50KHz 33745 33334 33035 32810 33088 33072 33106 33065 33106 32996 32966 32884 32829 31510 34888 32994 31668 34877 33618 33501 33243 33436 33823 34428 37021 34418 0 0 0 35207 38624 35433
28 655 50KHz 34476 33747 33207 32955 33025 33161 33104 33019 33138 33053 32991 32903 32861 34495 32117 32884 34513 31922 33405 33365 33155 33196 33399 33727 34705 38807 35020 0 0 0 35283 41615
29 656 50KHz 38027 35185 33876 33072 33538 32914 33111 33170 32953 32820 32902 32893 32847 23203 42609 33448 23659 43080 33727 33325 32877 33151 33218 32962 33855 35662 39220 35140 0 0 0 37169
30 656 50KHz 44500 37331 34783 33537 33759 32767 32999 33123 32750 32692 32854 32946 32948 19963 45668 33801 20466 46458 33593 33133 32819 33175 33174 32737 33515 34349 35149 38960 35452 0 0 0
31 656 50KHz 65535 35921 42599 36659 34396 33481 33099 33051 32839 32945 33039 33201 33300 30740 35868 33789 30649 36307 32988 32953 33174 33309 33348 33299 33605 33806 34575 35866 43395 37954 0 0
0 656 50KHz 0 0 35940 41462 35335 34957 33756 33286 33678 33601 33365 33218 33187 48477 19546 32472 47853 18664 32736 33175 33254 32892 32978 33536 32992 33024 33405 33869 34754 38653 45120 65535
1 656 50KHz 0 0 0 35588 39423 35652 33894 33413 33381 33276 33190 33157 33145 37002 29884 33011 36803 29710 32918 33016 33005 32925 32954 33094 32992 33046 33140 33325 33771 35267 37205 35492
2 656 50KHz 35518 0 0 0 34948 38595 34426 33577 33291 33209 33157 33213 33249 35775 30871 33219 35552 30864 32679 32799 33009 32983 33003 33114 33063 32922 33195 32985 33173 33903 34706 41147
3 656 50KHz 40601 35594 0 0 0 34745 36929 34538 33533 33268 33231 33368 33429 31365 34896 33615 31236 35260 32594 32630 32973 33081 33076 33035 33163 32884 33267 32753 32905 33130 33566 36156
4 657 50KHz 35010 39280 34973 0 0 0 34410 38102 35657 34413 33874 33645 33497 41059 26122 32846 40597 25721 32758 32988 33027 32846 32890 33166 32883 32876 32993 33095 33058 33584 33762 34252
5 657 50KHz 34595 35495 38468 34641 0 0 0 35733 43760 37199 35291 34473 33914 28522 37832 33303 28528 38030 33399 33144 32724 32815 32796 32593 32803 33112 32642 33049 33134 32924 32824 33431
6 657 50KHz 33533 33829 34400 36761 34288 0 0 0 37534 45965 38619 36100 34731 34177 32735 33070 33838 32626 33235 33148 32815 32772 32774 32782 32770 33032 32675 33093 33092 33134 33060 33143
7 657 50KHz 33107 33332 33520 34382 37389 35409 0 0 0 36829 46428 39409 36244 36563 30475 33075 36019 30310 33035 33044 32852 32764 32778 32879 32778 32936 32742 33023 32990 33159 33137 33071
8 657 50KHz 33400 33277 33224 33445 35230 42683 37159 0 0 0 37331 50737 40285 32057 34978 33326 31387 35051 33350 33164 32703 32711 32700 32603 32679 33034 32512 33068 33093 32962 32810 32881
9 657 50KHz 33341 33175 33145 33210 34161 36834 44994 36726 0 0 0 37589 49098 31459 35896 33778 30296 36202 33199 33023 32743 32801 32788 32658 32792 32984 32675 32940 32986 32827 32739 32927
10 657 50KHz 33146 33094 33096 33181 33677 35081 38147 46040 37298 0 0 0 37099 34737 33781 34191 32374 34098 33055 32963 32825 32841 32837 32794 32852 32932 32798 32900 32921 32898 32875 32995
11 658 50KHz 33064 33064 33142 33290 33493 34308 35837 39264 34411 37543 0 0 0 33267 33322 35334 32648 33841 32926 32865 32904 32931 32923 32909 32967 32885 32973 32796 32821 32850 32905 33082
12 658 50KHz 33027 33047 33182 33362 33361 33789 34576 36226 40530 49933 37170 0 0 0 32884 38058 32627 33994 32876 32824 32986 33026 33019 32998 33073 32864 33125 32723 32756 32812 32919 33155
13 658 50KHz 65535 50266 39863 19320 65535 25416 53025 59082 37818 36487 53405 37386 0 0 0 34299 0 65535 65535 44541 17170 33745 30963 2421 31101 51539 17781 37519 47061 7814 0 15714
14 658 50KHz 792 27886 26669 35731 15530 59135 42441 32644 52630 49859 40322 32253 32379 0 0 0 65535 0 26309 41732 45263 29792 32376 54536 29951 31402 34901 46048 38313 65535 65535 42250
15 658 50KHz 32322 33012 33329 33878 32756 33357 33052 33102 33493 34133 34693 36219 39766 34054 0 0 0 22192 36523 35000 34702 34139 34045 34304 33842 33091 34095 32924 32813 33633 33989 33831
16 658 50KHz 65535 50027 39817 19262 65535 25688 50039 55223 31696 27428 36916 37922 34506 0 65535 0 0 0 36390 41633 16981 32808 30307 4014 30528 51213 17531 39025 47936 11025 281 17265
17 659 50KHz 961 28305 26986 36048 15693 59959 43331 33536 53831 51740 42693 35832 33776 65535 0 2700 0 0 0 38059 60837 38105 37673 59031 32180 33209 36241 47043 39074 65535 65535 43039
18 659 50KHz 32665 32931 32742 32707 32722 33443 33259 33078 33430 33304 33152 33010 32998 40864 26416 35697 33628 0 0 0 36549 46943 39359 36071 34441 34049 33297 33576 33400 33701 33611 33111
19 659 50KHz 32974 32949 32787 32674 32880 33128 33096 33012 33153 33047 32985 32898 32884 34522 32070 34342 34300 32975 0 0 0 37512 49712 38863 35696 34528 33367 33389 33274 33278 33128 32980
20 659 50KHz 33066 32910 32947 32940 32920 32650 32718 32776 32636 32708 32797 32912 32991 29717 36320 34171 29580 38288 36193 0 0 0 36680 44018 37609 34991 33864 33087 33018 32801 32829 33032
21 659 50KHz 32777 32860 32948 33069 32764 32756 32702 32708 32675 32794 32840 32948 33042 34250 32160 33789 33957 33201 46190 37682 0 0 0 35999 43605 36833 34544 33281 33079 33080 33162 33174
22 659 50KHz 32853 32890 32965 33061 32804 32745 32711 32729 32673 32784 32838 32946 33034 33406 32928 33704 33165 33720 39074 50665 36885 0 0 0 35994 42207 35810 33647 33281 33150 33167 33200
23 659 50KHz 33342 33005 33055 32990 33075 32525 32689 32809 32532 32618 32768 32930 33011 25916 39883 33937 25989 40923 36053 39593 45573 36276 0 0 0 35409 38676 34261 33608 32892 32782 33123
24 660 50KHz 32884 32948 33043 33161 32817 32780 32730 32747 32677 32814 32878 33011 33110 34003 32483 33601 33763 32966 34485 36179 38532 45186 36414 0 0 0 34728 36941 34690 33845 33542 33445
25 660 50KHz 32998 33052 32935 32900 32852 33146 33055 32968 33083 33047 32999 32958 32953 36246 30480 33080 36107 30464 34052 34749 35369 37303 43109 35474 0 0 0 34373 38880 35648 34220 33650
26 660 50KHz 33157 33052 33162 33282 32883 32583 32583 32663 32473 32673 32798 33004 33141 31384 34811 33752 31229 35352 33227 33429 34035 34723 36125 39058 34730 0 0 0 35058 39050 35076 34245
27 660 50KHz 33746 33334 33035 32813 33088 33071 33107 33063 33103 32993 32965 32879 32823 31511 34883 33005 31657 34877 33615 33502 33242 33436 33828 34429 37025 34431 0 0 0 35208 38599 35451
28 660 50KHz 34486 33748 33203 32948 33030 33167 33112 33025 33145 33053 32992 32896 32849 34448 32162 32888 34471 31973 33412 33373 33150 33190 33395 33717 34696 38856 35016 0 0 0 35279 41610
29 660 50KHz 38047 35190 33868 33056 33546 32925 33126 33181 32971 32828 32906 32889 32837 23094 42719 33426 23556 43196 33752 33341 32864 33140 33204 32940 33835 35681 39169 35139 0 0 0 37168
30 660 50KHz 44410 37295 34795 33611 33715 32717 32929 33063 32676 32662 32837 32965 32994 20478 45151 33849 20928 45978 33493 33068 32858 33213 33213 32808 33571 34300 35278 38941 35463 0 0 0
31 661 50KHz 65535 35923 42591 36618 34422 33509 33137 33085 32881 32963 33050 33197 33283 30409 36195 33744 30344 36604 33047 32991 33152 33293 33323 33265 33574 33776 34575 35895 43404 37961 0 0
0 661 50KHz 0 0 35939 41462 35335 34959 33756 33284 33678 33600 33364 33213 33181 48486 19536 32483 47857 18659 32736 33174 33251 32892 32984 33532 32992 33077 33354 33870 34764 38697 45010 65535
1 661 50KHz 0 0 0 35586 39431 35654 33894 33411 33379 33276 33190 33156 33144 37008 29885 33011 36795 29687 32917 33016 33004 32925 32956 33094 32992 33056 33134 33325 33774 35284 37171 35485
2 661 50KHz 35516 0 0 0 34947 38598 34425 33577 33291 33208 33158 33213 33250 35775 30873 33217 35560 30851 32677 32797 33009 32985 33002 33117 33063 32914 33204 32984 33171 33895 34726 41132
3 661 50KHz 40598 35597 0 0 0 34742 36923 34537 33533 33266 33230 33369 33430 31373 34889 33608 31245 35252 32591 32628 32975 33080 33069 33043 33161 32864 33287 32754 32902 33088 33634 36141
4 661 50KHz 35006 39275 34973 0 0 0 34411 38106 35661 34411 33875 33643 33497 41066 26127 32846 40607 25705 32759 32990 33026 32846 32894 33160 32885 32882 32988 33096 33061 33615 33726 34253
5 662 50KHz 34593 35494 38471 34638 0 0 0 35735 43764 37203 35292 34474 33914 28516 37841 33304 28517 38056 33397 33144 32723 32816 32804 32586 32804 33111 32644 33049 33135 32954 32789 33433
6 662 50KHz 33532 33827 34400 36761 34292 0 0 0 37537 45988 38623 36098 34731 34189 32721 33070 33850 32624 33234 33149 32814 32772 32789 32766 32770 33031 32676 33092 33093 33186 33005 33146
7 662 50KHz 33104 33332 33522 34383 37393 35407 0 0 0 36842 46437 39408 36247 36575 30465 33076 36021 30309 33034 33044 32852 32765 32790 32867 32779 32932 32748 33022 32990 33201 33092 33076
8 662 50KHz 33400 33276 33226 33446 35231 42685 37162 0 0 0 37328 50734 40269 32057 34980 33328 31398 35049 33349 33163 32702 32712 32709 32594 32679 33014 32532 33069 33093 33010 32760 32885
9 662 50KHz 33342 33174 33146 33211 34161 36829 44994 36724 0 0 0 37588 49082 31472 35882 33777 30312 36184 33200 33023 32742 32801 32788 32658 32791 32977 32683 32941 32985 32841 32728 32927
10 662 50KHz 33146 33094 33096 33179 33676 35079 38149 46011 37302 0 0 0 37097 34728 33793 34190 32369 34091 33057 32966 32824 32841 32835 32794 32852 32930 32799 32901 32920 32902 32870 32994
11 662 50KHz 33062 33064 33144 33291 33493 34307 35840 39264 34410 37545 0 0 0 33271 33304 35336 32661 33822 32925 32865 32906 32932 32925 32909 32966 32889 32969 32795 32820 32843 32914 33081
12 663 50KHz 33030 33050 33180 33359 33363 33789 34580 36227 40530 49830 37171 0 0 0 32888 38066 32564 34053 32886 32831 32984 33023 33013 32991 33066 32877 33102 32729 32764 32796 32933 33147
13 663 50KHz 65535 50230 39895 19318 65535 25397 52990 59069 37784 36430 53425 37412 0 0 0 34331 0 65535 65535 44562 17222 33774 31064 2397 31117 51299 17340 37493 47103 7935 0 15692
14 663 50KHz 799 27920 26758 35683 15486 59135 42379 32636 52611 50016 40514 32357 32461 0 0 0 65535 0 26594 41872 44951 29791 32624 54067 29972 30444 35999 46030 38234 65535 65535 42154
15 663 50KHz 32280 32995 33330 33906 32738 33341 33032 33080 33469 34118 34689 36232 39775 34084 0 0 0 21940 36478 34977 34718 34155 34047 34330 33855 33108 34096 32908 32793 33619 34012 33853
16 663 50KHz 65535 50006 39816 19252 65535 25674 50027 55066 31654 27541 36911 37941 34514 0 65535 0 0 0 36385 41508 17004 32831 30388 3866 30506 50914 17188 38985 47949 11079 304 17102
17 663 50KHz 935 28295 26960 36046 15694 59967 43323 33554 53847 51763 42759 35799 34207 65535 0 2674 0 0 0 38086 60782 38117 37965 58162 32256 31995 37460 46998 39156 65535 65535 42760
18 664 50KHz 32671 32934 32745 32709 32721 33444 33258 33075 33428 33300 33154 33014 33007 40856 26396 35703 33628 0 0 0 36547 46938 39369 36063 34444 34014 33334 33572 33401 33707 33614 33103
19 664 50KHz 32979 32952 32787 32669 32883 33130 33099 33013 33155 33046 32985 32897 32880 34488 32077 34345 34280 32976 0 0 0 37508 49711 38859 35695 34508 33385 33389 33281 33273 33138 32972
20 664 50KHz 33065 32910 32948 32939 32919 32649 32718 32776 32636 32708 32798 32915 32992 29714 36333 34158 29572 38291 36186 0 0 0 36676 44002 37608 35011 33842 33091 33017 32837 32789 33035
21 664 50KHz 32777 32860 32949 33068 32763 32757 32702 32710 32677 32793 32841 32951 33044 34250 32168 33780 33956 33201 46170 37674 0 0 0 35998 43609 36849 34527 33282 33078 33117 33123 33177
22 664 50KHz 32852 32889 32965 33060 32804 32745 32712 32729 32674 32783 32838 32949 33035 33412 32932 33698 33173 33703 39063 50664 36881 0 0 0 35992 42217 35792 33649 33278 33186 33129 33203
23 664 50KHz 33344 33006 33053 32988 33078 32525 32690 32812 32534 32620 32769 32932 33010 25888 39894 33925 25974 40937 36056 39590 45556 36273 0 0 0 35406 38646 34267 33612 32951 32721 33123
24 664 50KHz 32885 32951 33044 33161 32817 32779 32728 32748 32677 32814 32878 33013 33110 33981 32501 33596 33745 32974 34487 36180 38532 45196 36415 0 0 0 34721 36949 34689 33889 33494 33448
25 665 50KHz 32977 33044 32941 32922 32841 33132 33037 32952 33063 33039 32993 32963 32965 36418 30320 33100 36272 30302 34022 34732 35384 37320 43129 35478 0 0 0 34370 38855 35623 34248 33661
26 665 50KHz 33180 33058 33155 33259 32896 32598 32603 32681 32494 32682 32804 33001 33126 31213 34982 33726 31069 35509 33258 33450 34018 34709 36112 39032 34725 0 0 0 35061 39135 34987 34238
27 665 50KHz 33745 33333 33036 32814 33088 33070 33105 33061 33103 32991 32963 32880 32824 31512 34879 33007 31658 34873 33612 33497 33247 33437 33825 34434 37026 34426 0 0 0 35201 38611 35449
28 665 50KHz 34485 33748 33202 32946 33030 33167 33113 33026 33146 33054 32991 32895 32850 34422 32172 32887 34459 31978 33415 33372 33152 33189 33391 33719 34696 38846 35018 0 0 0 35265 41608
29 665 50KHz 37963 35161 33887 33124 33508 32882 33065 33129 32907 32805 32893 32906 32876 23605 42212 33484 24016 42723 33659 33284 32904 33177 33244 33009 33890 35662 39279 35142 0 0 0 37139
30 665 50KHz 44483 37332 34786 33539 33761 32768 33001 33126 32751 32693 32858 32950 32951 19928 45704 33790 20434 46496 33597 33137 32817 33176 33176 32736 33514 34332 35170 38953 35452 0 0 0
31 665 50KHz 65535 35923 42600 36627 34418 33505 33131 33080 32872 32959 33050 33198 33283 30438 36157 33754 30369 36585 33036 32985 33153 33293 33331 33267 33579 33782 34573 35886 43415 37930 0 0
0 666 50KHz 0 0 35941 41463 35330 34958 33756 33286 33678 33600 33362 33214 33188 48487 19530 32481 47864 18655 32734 33170 33258 32891 32976 33538 32992 33064 33370 33868 34768 38602 45076 65535
1 666 50KHz 0 0 0 35589 39418 35650 33895 33412 33381 33276 33189 33157 33147 36993 29890 33010 36795 29699 32917 33014 33005 32926 32954 33094 32993 33051 33136 33323 33775 35255 37190 35490
2 666 50KHz 35519 0 0 0 34951 38609 34433 33582 33296 33211 33159 33215 33249 35772 30879 33218 35552 30863 32678 32800 33006 32984 33004 33115 33064 32920 33198 32985 33169 33913 34701 41148
3 666 50KHz 40595 35597 0 0 0 34747 36930 34538 33536 33265 33232 33369 33424 31375 34885 33611 31239 35254 32590 32633 32969 33080 33078 33035 33162 32879 33271 32753 32892 33160 33554 36149
4 666 50KHz 35002 39272 34974 0 0 0 34412 38105 35662 34409 33873 33643 33500 41063 26133 32845 40605 25725 32758 32986 33030 32846 32886 33169 32883 32876 32992 33095 33065 33571 33764 34250
5 666 50KHz 34591 35491 38473 34644 0 0 0 35735 43777 37189 35288 34471 33914 28512 37840 33306 28515 38046 33397 33142 32727 32816 32794 32593 32803 33104 32650 33049 33138 32922 32815 33428
6 666 50KHz 33530 33827 34401 36770 34293 0 0 0 37535 45968 38615 36097 34733 34173 32726 33070 33837 32628 33235 33145 32818 32772 32775 32780 32770 32983 32722 33093 33099 33181 33003 33141
7 667 50KHz 33106 33332 33523 34387 37401 35411 0 0 0 36820 46409 39395 36243 36555 30492 33076 35998 30314 33032 33042 32854 32764 32779 32878 32780 32893 32785 33022 32996 33199 33089 33070
8 667 50KHz 33401 33278 33226 33449 35237 42699 37161 0 0 0 37331 50706 40284 32058 34970 33329 31402 35045 33350 33162 32705 32712 32701 32603 32679 32965 32582 33069 33100 32989 32778 32879
9 667 50KHz 33342 33174 33145 33212 34161 36831 44972 36706 0 0 0 37586 49046 31480 35883 33778 30315 36169 33199 33023 32743 32801 32785 32659 32791 32957 32701 32940 32989 32827 32739 32924
10 667 50KHz 33145 33094 33097 33184 33678 35082 38147 45990 37301 0 0 0 37097 34739 33772 34192 32381 34080 33054 32963 32825 32842 32836 32796 32852 32919 32810 32900 32922 32897 32877 32993
11 667 50KHz 33064 33066 33143 33291 33494 34309 35840 39249 34412 37539 0 0 0 33271 33312 35333 32650 33834 32927 32865 32905 32930 32926 32906 32966 32908 32950 32796 32815 32853 32903 33085
12 667 50KHz 33036 33053 33181 33356 33366 33791 34583 36227 40533 49798 37169 0 0 0 32892 38065 32542 34073 32890 32831 32983 33023 33016 32990 33066 32920 33061 32727 32758 32816 32907 33158
13 668 50KHz 65535 50239 39863 19327 65535 25367 52983 59062 37850 36588 53381 37397 0 0 0 34349 0 65535 65535 44502 17209 33742 30941 2427 31081 50632 16172 37451 46981 7931 0 15565
14 668 50KHz 767 27960 26748 35730 15499 59165 42430 32674 52590 49829 40255 32267 32428 0 0 0 65535 0 26154 41838 45141 29831 32398 54376 30029 27568 38688 46120 38658 65535 65535 41713
15 668 50KHz 32328 33012 33332 33889 32755 33353 33042 33095 33484 34131 34693 36221 39768 34077 0 0 0 22087 36504 34990 34709 34145 34047 34316 33849 33191 34000 32914 32794 33655 33973 33853
16 668 50KHz 65535 50006 39801 19228 65535 25639 49998 55136 31725 27442 36917 37935 34459 0 65535 0 0 0 36387 41687 16991 32814 30353 3910 30479 50047 16395 38990 47885 11090 758 17078
17 668 50KHz 919 28290 26955 36052 15688 59971 43352 33641 53809 51796 42615 35931 34597 65535 0 2669 0 0 0 38090 60693 38190 37792 58227 32276 29823 39553 47123 39467 65535 65535 42677
18 668 50KHz 32683 32940 32749 32711 32717 33444 33266 33077 33428 33299 33152 33020 33014 40878 26410 35691 33629 0 0 0 36550 46948 39369 36063 34442 33956 33388 33576 33406 33729 33584 33101
19 668 50KHz 32987 32955 32786 32663 32885 33132 33107 33017 33163 33048 32985 32900 32883 34451 32131 34331 34235 32979 0 0 0 37511 49744 38851 35691 34474 33410 33398 33289 33305 33099 32966
20 669 50KHz 33058 32909 32951 32948 32915 32645 32714 32770 32630 32705 32799 32915 32991 29775 36275 34173 29639 38237 36191 0 0 0 36678 44005 37606 35030 33817 33083 33008 32815 32819 33038
21 669 50KHz 32779 32862 32949 33067 32765 32757 32703 32710 32677 32792 32843 32950 33039 34235 32179 33784 33943 33207 46175 37679 0 0 0 35996 43591 36866 34490 33280 33074 33096 33148 33176
22 669 50KHz 32851 32889 32967 33062 32802 32745 32712 32728 32673 32782 32840 32947 33033 33423 32918 33704 33175 33705 39068 50605 36885 0 0 0 35993 42221 35753 33646 33274 33167 33154 33204
23 669 50KHz 33345 33007 33055 32988 33077 32526 32691 32812 32535 32618 32771 32929 33004 25901 39890 33935 25978 40924 36055 39587 45562 36272 0 0 0 35404 38579 34264 33606 32919 32761 33125
24 669 50KHz 32887 32951 33043 33161 32818 32780 32730 32750 32677 32814 32881 33011 33107 33985 32504 33600 33748 32979 34488 36177 38531 45176 36414 0 0 0 34708 36949 34689 33869 33525 33447
25 669 50KHz 32923 33028 32958 32979 32810 33098 32987 32911 33013 33019 32983 32978 32997 36831 29934 33144 36620 29933 33953 34692 35418 37353 43186 35490 0 0 0 34365 38810 35617 34263 33691
26 669 50KHz 33236 33079 33142 33204 32928 32633 32654 32726 32549 32702 32819 32988 33093 30802 35362 33689 30704 35874 33329 33489 33993 34677 36076 38970 34716 0 0 0 35070 39121 35013 34208
27 670 50KHz 33753 33336 33035 32810 33091 33072 33109 33065 33106 32996 32963 32881 32825 31476 34909 33002 31633 34908 33617 33506 33238 33435 33824 34431 37028 34415 0 0 0 35208 38601 35444
28 670 50KHz 34497 33754 33201 32938 33035 33173 33120 33033 33154 33060 32991 32894 32848 34379 32220 32874 34417 32031 33425 33384 33142 33185 33387 33711 34692 38784 35017 0 0 0 35276 41599
29 670 50KHz 38003 35176 33880 33093 33524 32897 33089 33150 32932 32810 32898 32899 32858 23385 42424 33465 23814 42927 33693 33303 32890 33163 33231 32984 33870 35649 39247 35142 0 0 0 37144
30 670 50KHz 44463 37318 34790 33567 33741 32743 32970 33102 32720 32676 32854 32955 32963 20126 45506 33821 20604 46315 33557 33103 32839 33189 33194 32763 33537 34348 35180 38953 35466 0 0 0
31 670 50KHz 65535 35924 42600 36621 34412 33500 33128 33079 32873 32957 33054 33197 33280 30483 36123 33755 30410 36535 33038 32981 33159 33292 33333 33269 33577 33823 34531 35885 43402 37922 0 0
0 670 50KHz 0 0 35942 41464 35329 34955 33755 33287 33679 33603 33359 33217 33193 48495 19536 32474 47884 18647 32734 33180 33249 32894 32976 33538 32994 33005 33426 33875 34788 38625 45066 65535
1 671 50KHz 0 0 0 35588 39420 35647 33893 33414 33382 33276 33189 33157 33148 36997 29886 33009 36789 29701 32916 33016 33003 32926 32954 33095 32994 33035 33151 33325 33782 35260 37190 35488
2 671 50KHz 35520 0 0 0 34951 38604 34430 33581 33295 33208 33161 33214 33248 35785 30879 33218 35557 30856 32676 32796 33009 32983 33004 33115 33064 32937 33180 32983 33165 33915 34709 41140
3 671 50KHz 40595 35597 0 0 0 34749 36932 34541 33538 33262 33235 33368 33420 31374 34898 33614 31231 35249 32592 32625 32976 33079 33080 33033 33161 32935 33215 32748 32882 33158 33574 36144
4 671 50KHz 34999 39265 34973 0 0 0 34414 38116 35670 34412 33874 33644 33501 41063 26131 32842 40607 25713 32759 32991 33025 32847 32885 33169 32884 32848 33018 33097 33070 33572 33758 34245
5 671 50KHz 34589 35488 38469 34647 0 0 0 35735 43785 37185 35287 34471 33915 28499 37848 33303 28513 38050 33398 33144 32722 32815 32793 32596 32805 33077 32676 33050 33147 32931 32796 33429
6 671 50KHz 33532 33826 34401 36775 34295 0 0 0 37540 45902 38606 36094 34735 34166 32738 33067 33837 32634 33235 33149 32814 32773 32772 32782 32770 32983 32722 33093 33114 33147 33022 33144
7 671 50KHz 33109 33333 33522 34390 37407 35413 0 0 0 36795 46378 39383 36240 36513 30515 33075 35966 30344 33036 33044 32852 32766 32777 32878 32780 32911 32767 33024 33009 33161 33110 33071
8 672 50KHz 33402 33278 33229 33454 35245 42730 37169 0 0 0 37343 50815 40304 32070 34968 33327 31406 35038 33349 33162 32705 32714 32700 32604 32682 33001 32546 33071 33117 32961 32788 32884
9 672 50KHz 33343 33174 33143 33207 34159 36823 44931 36671 0 0 0 37586 49079 31494 35882 33772 30314 36160 33204 33028 32742 32800 32782 32657 32788 32969 32686 32944 32999 32827 32736 32926
10 672 50KHz 33143 33093 33098 33186 33675 35078 38137 45936 37311 0 0 0 37099 34778 33753 34192 32405 34056 33050 32960 32826 32843 32836 32799 32854 32923 32808 32898 32923 32894 32878 32997
11 672 50KHz 33064 33065 33142 33289 33493 34308 35837 39226 34414 37544 0 0 0 33270 33323 35338 32643 33840 32927 32867 32903 32928 32925 32907 32965 32899 32959 32796 32813 32862 32902 33082
12 672 50KHz 33041 33052 33178 33350 33366 33791 34584 36217 40551 49884 37170 0 0 0 32894 38065 32498 34095 32895 32836 32980 33020 33013 32986 33062 32898 33079 32731 32751 32836 32905 33148
13 672 50KHz 65535 50219 39866 19351 65535 25311 52915 58831 37824 36738 53406 37408 0 0 0 34344 0 65535 65535 44459 17253 33700 30941 2430 31139 50620 16219 37424 46679 7778 0 15873
14 672 50KHz 756 27933 26713 35707 15490 59180 42431 32716 52535 50090 40152 32361 32456 0 0 0 65535 0 26506 41974 44912 29948 32405 54295 30004 27454 38871 46119 39601 65535 65535 42190
15 673 50KHz 32286 32999 33333 33901 32738 33347 33036 33084 33474 34114 34694 36229 39776 34086 0 0 0 21948 36479 34976 34723 34156 34057 34331 33857 33190 34009 32905 32753 33668 34026 33849
16 673 50KHz 65535 49991 39821 19227 65535 25609 49968 54860 31687 27704 36910 37945 34501 0 65535 0 0 0 36386 41419 17019 32780 30305 3935 30540 50060 16445 38972 47587 10904 0 17436
17 673 50KHz 903 28337 26965 36060 15638 60028 43336 33622 53790 51995 42563 36239 34758 65535 0 2577 0 0 0 38110 60130 38295 37705 58341 32252 30985 38277 47236 40907 65535 65535 42688
18 673 50KHz 32663 32930 32744 32706 32715 33444 33261 33079 33426 33307 33149 33022 33024 40841 26425 35667 33628 0 0 0 36552 46950 39368 36066 34441 33999 33347 33582 33454 33699 33564 33103
19 673 50KHz 32986 32954 32785 32659 32887 33134 33107 33019 33164 33054 32982 32902 32885 34411 32168 34316 34209 32981 0 0 0 37513 49785 38850 35685 34499 33384 33403 33323 33266 33104 32968
20 673 50KHz 33053 32905 32949 32949 32912 32643 32710 32767 32630 32703 32799 32909 32993 29815 36258 34183 29657 38222 36190 0 0 0 36680 44004 37600 35009 33843 33079 32983 32846 32814 33040
21 674 50KHz 32781 32861 32946 33066 32766 32757 32704 32712 32679 32792 32845 32946 33040 34214 32206 33790 33920 33223 46171 37679 0 0 0 35990 43556 36848 34508 33278 33054 33127 33139 33175
22 674 50KHz 32849 32887 32966 33064 32803 32743 32707 32726 32671 32781 32840 32944 33035 33435 32909 33713 33185 33694 39068 50672 36888 0 0 0 35988 42213 35781 33642 33250 33200 33149 33203
23 674 50KHz 33345 33006 33054 32987 33077 32525 32691 32811 32538 32617 32774 32922 33005 25899 39890 33946 25979 40920 36055 39586 45564 36269 0 0 0 35407 38622 34262 33567 32974 32751 33123
24 674 50KHz 32884 32950 33041 33160 32818 32782 32731 32748 32681 32813 32881 33007 33107 34017 32490 33605 33760 32960 34487 36171 38524 45139 36409 0 0 0 34718 36951 34660 33914 33518 33445
25 674 50KHz 32956 33038 32947 32942 32829 33120 33017 32936 33044 33033 32989 32971 32979 36576 30179 33112 36398 30169 33994 34719 35391 37326 43146 35484 0 0 0 34371 38859 35618 34247 33670
26 674 50KHz 33198 33065 33148 33240 32908 32612 32623 32698 32518 32688 32814 32988 33111 31075 35115 33729 30941 35637 33287 33455 34016 34692 36100 39010 34724 0 0 0 35064 39186 35024 34222
27 674 50KHz 33753 33336 33033 32803 33092 33073 33112 33069 33109 32997 32963 32883 32823 31436 34954 32993 31599 34935 33622 33512 33233 33434 33820 34427 37025 34423 0 0 0 35216 38603 35439
28 675 50KHz 34551 33771 33185 32882 33064 33207 33169 33076 33204 33078 33002 32886 32817 33960 32646 32818 34031 32430 33500 33436 33103 33155 33350 33656 34644 38824 35004 0 0 0 35277 41557
29 675 50KHz 37926 35145 33894 33157 33485 32853 33030 33096 32870 32787 32882 32909 32891 23837 41996 33519 24227 42508 33608 33247 32923 33193 33264 33042 33919 35650 39333 35149 0 0 0 37121
30 675 50KHz 44449 37314 34794 33579 33735 32735 32959 33090 32710 32676 32849 32952 32970 20195 45435 33844 20669 46241 33540 33088 32849 33196 33202 32777 33550 34332 35218 38955 35493 0 0 0
31 675 50KHz 65535 35924 42600 36621 34416 33508 33137 33084 32883 32962 33053 33190 33278 30468 36139 33760 30405 36552 33046 32984 33162 33290 33330 33265 33573 33798 34548 35879 43392 37909 0 0
0 675 50KHz 0 0 35943 41463 35327 34956 33755 33288 33678 33601 33361 33225 33193 48511 19514 32459 47897 18625 32732 33187 33242 32897 32975 33538 32992 33039 33390 33879 34873 38566 45038 65535
1 675 50KHz 0 0 0 35591 39421 35644 33893 33413 33381 33276 33189 33159 33147 36987 29903 33006 36788 29714 32916 33019 33001 32927 32954 33093 32993 33044 33140 33327 33809 35248 37179 35486
2 675 50KHz 35519 0 0 0 34953 38597 34427 33580 33296 33209 33160 33211 33248 35786 30867 33220 35560 30845 32678 32797 33010 32982 33005 33115 33062 32924 33191 32983 33150 33936 34719 41134
3 676 50KHz 40592 35598 0 0 0 34752 36923 34534 33538 33264 33231 33360 33420 31386 34879 33626 31249 35245 32592 32617 32982 33077 33082 33035 33161 32899 33253 32744 32811 33212 33606 36136
4 676 50KHz 34997 39266 34977 0 0 0 34414 38109 35665 34406 33872 33647 33501 41047 26143 32836 40600 25724 32758 32994 33021 32849 32884 33169 32884 32865 33001 33099 33108 33548 33743 34250
5 676 50KHz 34589 35485 38469 34649 0 0 0 35736 43789 37186 35288 34474 33916 28496 37853 33301 28507 38059 33396 33146 32721 32817 32793 32595 32805 33095 32659 33051 33180 32886 32802 33432
6 676 50KHz 33531 33826 34399 36771 34295 0 0 0 37541 45930 38610 36100 34734 34167 32741 33061 33834 32631 33233 33155 32808 32775 32772 32782 32772 33005 32700 33098 33163 33079 33030 33150
7 676 50KHz 33107 33333 33523 34386 37403 35411 0 0 0 36801 46385 39394 36245 36534 30509 33068 35983 30339 33033 33050 32847 32767 32777 32878 32780 32912 32764 33027 33050 33116 33109 33078
8 676 50KHz 33398 33277 33228 33452 35238 42708 37165 0 0 0 37331 50697 40287 32084 34950 33319 31432 35021 33344 33169 32698 32716 32699 32605 32683 32988 32560 33073 33166 32911 32774 32893
9 676 50KHz 33345 33175 33146 33211 34163 36832 44979 36707 0 0 0 37586 49040 31444 35904 33775 30272 36217 33201 33028 32740 32802 32784 32657 32792 32964 32694 32942 33014 32808 32724 32930
10 677 50KHz 33145 33093 33097 33183 33678 35081 38149 46018 37295 0 0 0 37099 34752 33775 34191 32387 34081 33053 32963 32824 32843 32835 32798 32852 32923 32808 32899 32934 32891 32869 32997
11 677 50KHz 33072 33066 33140 33282 33497 34311 35845 39258 34408 37539 0 0 0 33266 33376 35332 32571 33906 32938 32870 32902 32926 32922 32900 32959 32905 32947 32798 32804 32866 32911 33076
12 677 50KHz 33038 33052 33178 33352 33366 33792 34585 36227 40532 49777 37166 0 0 0 32893 38065 32517 34110 32893 32828 32985 33019 33014 32987 33062 32908 33069 32726 32712 32846 32938 33144
13 677 50KHz 65535 50198 39930 19405 65535 25270 52953 59007 37896 36474 53358 37412 0 0 0 34310 0 65535 65535 44270 17275 33683 30873 2449 31183 50790 16625 37329 45505 7732 0 16041
14 677 50KHz 774 27978 26724 35632 15518 59215 42464 32646 52443 49994 40215 32597 32431 0 0 0 65535 0 26200 42138 44723 30043 32368 54334 29965 28502 37649 46417 42577 65535 65535 42290
15 677 50KHz 32304 33007 33332 33897 32748 33353 33037 33089 33480 34129 34694 36223 39773 34072 0 0 0 22016 36497 34978 34721 34144 34055 34322 33849 33162 34028 32908 32697 33710 34060 33832
16 678 50KHz 65535 49979 39845 19286 65535 25584 50014 55234 31852 27360 36914 37915 34431 0 65535 0 0 0 36391 41392 17018 32756 30247 3984 30589 50347 16752 38900 46727 10842 0 17567
17 678 50KHz 925 28315 26943 36000 15703 59999 43340 33472 53660 51885 42488 36101 34127 65535 0 2575 0 0 0 38118 60069 38348 37676 58291 32228 30439 38815 47367 43754 65535 65535 43113
18 678 50KHz 32684 32941 32748 32711 32718 33442 33261 33074 33421 33299 33149 33025 33008 40858 26401 35690 33629 0 0 0 36546 46936 39363 36062 34440 33990 33356 33580 33511 33635 33561 33114
19 678 50KHz 32987 32955 32785 32661 32887 33133 33107 33019 33162 33047 32983 32902 32878 34414 32154 34326 34217 32980 0 0 0 37509 49686 38849 35682 34496 33384 33404 33362 33220 33101 32974
20 678 50KHz 33053 32906 32950 32951 32912 32642 32708 32767 32628 32702 32799 32912 32996 29817 36236 34180 29670 38198 36190 0 0 0 36680 43996 37595 35004 33846 33077 32948 32886 32817 33035
21 678 50KHz 32780 32862 32947 33065 32765 32757 32705 32711 32679 32794 32844 32945 33040 34205 32202 33789 33901 33238 46171 37680 0 0 0 35987 43527 36838 34514 33279 33022 33164 33141 33166
22 678 50KHz 32848 32888 32965 33065 32803 32744 32708 32726 32671 32781 32840 32944 33035 33432 32902 33714 33181 33708 39070 50653 36891 0 0 0 35983 42207 35786 33642 33215 33240 33154 33197
23 679 50KHz 33346 33006 33053 32987 33078 32526 32691 32812 32540 32620 32774 32923 33005 25907 39886 33943 25985 40922 36056 39584 45572 36265 0 0 0 35409 38643 34265 33515 33036 32757 33113
24 679 50KHz 32884 32949 33041 33161 32818 32783 32731 32747 32681 32815 32881 33007 33106 34012 32473 33605 33773 32957 34486 36164 38520 45102 36402 0 0 0 34720 36955 34619 33963 33525 33437
25 679 50KHz 32967 33041 32945 32932 32835 33125 33026 32945 33051 33035 32991 32969 32974 36485 30242 33104 36319 30244 34008 34728 35381 37311 43125 35482 0 0 0 34374 38893 35608 34240 33665
26 679 50KHz 33191 33062 33151 33248 32903 32608 32617 32693 32512 32688 32812 32987 33114 31138 35050 33731 31000 35582 33277 33446 34022 34693 36104 39014 34723 0 0 0 35063 39272 35028 34209
27 679 50KHz 33752 33336 33034 32806 33091 33071 33111 33067 33106 32994 32962 32883 32823 31446 34944 32995 31606 34938 33619 33512 33234 33434 33822 34429 37031 34425 0 0 0 35224 38597 35436
28 679 50KHz 34600 33789 33172 32832 33092 33235 33211 33112 33247 33094 33008 32876 32789 33606 32979 32781 33733 32735 33558 33475 33077 33130 33325 33610 34610 38824 34996 0 0 0 35280 41529
29 679 50KHz 37876 35126 33905 33198 33461 32826 32991 33063 32830 32768 32873 32915 32911 24121 41694 33551 24481 42248 33551 33209 32945 33210 33286 33076 33946 35641 39390 35156 0 0 0 37091
30 680 50KHz 44450 37310 34798 33596 33726 32724 32944 33077 32695 32669 32845 32956 32981 20311 45323 33855 20770 46133 33517 33070 32861 33204 33214 32791 33564 34333 35235 38954 35512 0 0 0
31 680 50KHz 65535 35926 42600 36620 34424 33516 33147 33092 32894 32969 33056 33189 33274 30436 36171 33747 30370 36582 33055 32989 33158 33284 33326 33262 33568 33740 34600 35879 43374 37887 0 0
