
0 0 50KHz 0 0 27915 30457 19789 23823 26487 26971 27551 29211 29374 28822 29500 29705 28751 30266 29472 29961 29870 30133 29271 29375 29900 29395 28756 28404 27241 26095 25949 13522 27995 7403
1 0 50KHz 0 0 0 26906 30364 19821 24398 26278 27577 28398 29004 29228 29214 28911 29922 29523 30077 29794 29524 29279 29415 30675 29050 28304 29730 27950 27369 27494 28791 17366 30614 26727
2 0 50KHz 28154 0 0 0 26004 30026 19037 21988 23683 27878 28298 27076 28783 29929 26635 30709 28324 29802 29924 30865 28897 27798 30946 30902 28217 30013 29271 28015 27518 28432 23916 13981
3 1 50KHz 30719 27490 0 0 0 27433 30855 21938 25957 27626 28780 29012 29404 28883 30241 29896 30283 30138 30199 30006 29712 30783 29846 29502 30192 29370 28796 29716 30475 25440 25281 22038
4 1 50KHz 21131 30589 26007 0 0 0 27587 30596 20171 25381 27053 27527 28620 28946 28825 29824 29718 29938 29665 29784 29756 30341 29889 29402 30190 29398 29488 29465 30685 26158 27441 24971
5 1 50KHz 24724 20845 7371 26768 0 0 0 26639 30158 20686 24411 25446 27303 28098 27525 29608 28914 29581 29508 29904 29189 29436 30066 29750 29517 29585 29455 29340 30083 27866 28251 26728
6 1 50KHz 27553 25635 20831 30806 27584 0 0 0 26471 11420 21045 23223 26294 27433 26789 29651 28491 29513 29721 30320 28937 28838 30508 30448 29106 30105 29655 29550 29564 30098 29103 28344
7 1 50KHz 27979 27342 23538 21942 30691 26890 0 0 0 28041 30936 21947 25551 26521 28417 29254 29553 29808 29964 30034 29666 30502 30150 29950 30323 29984 29686 30450 31013 28570 29199 29064
8 1 50KHz 28044 27990 24316 25349 19717 30115 25761 0 0 0 27378 10259 20716 23946 26355 28200 28893 29332 29102 29316 29779 30717 29736 29192 30763 29529 30024 30164 31790 26813 29754 28985
9 2 50KHz 29728 28896 28711 27395 25549 21299 30571 27490 0 0 0 26406 30309 18330 21265 27300 26036 28133 28790 29979 27777 27416 30543 30703 28114 30205 29562 29197 28672 31903 29715 29362
10 2 50KHz 30043 29682 29310 28942 27687 25649 22190 30971 27831 0 0 0 27153 30348 18942 26329 25936 28065 28701 29837 28342 28283 30576 30588 28978 30330 30035 29671 29629 31175 30227 29785
11 2 50KHz 29547 29890 28008 29188 27990 26276 23840 21761 10473 26633 0 0 0 27035 30928 23593 26262 27938 28640 29257 29298 30491 30084 29878 30674 30145 30163 30770 31581 28802 30177 30155
12 2 50KHz 29995 29723 29454 29422 28911 27901 26761 25422 21535 30480 26704 0 0 0 28033 30988 20898 25223 26897 28622 27430 28159 30107 30159 29000 30109 29839 29801 29908 30694 30128 29906
13 2 50KHz 30161 29471 30521 28916 29268 28752 28033 26673 25028 20430 30366 26879 0 0 0 27029 30064 18625 23279 26972 24179 25111 29812 30321 26715 29916 28925 28761 27767 32979 29464 29413
14 2 50KHz 29577 30612 27634 30501 29303 28251 27383 28520 26985 22495 18851 30839 27968 0 0 0 27690 12912 22296 25786 28265 31600 29280 28863 32301 29964 30754 31712 33720 26481 30856 30761
15 2 50KHz 30508 29872 31045 29806 29969 29946 29945 29259 28625 28214 26695 23662 16621 26827 0 0 0 26983 30382 21571 20615 23671 29060 29706 26447 29764 29059 28626 27819 32893 29811 29557
16 3 50KHz 30084 30654 28989 30490 30079 29452 28919 29655 29336 26850 26079 26064 21223 29997 27278 0 0 0 28049 16626 21997 28206 28582 28797 30585 29893 30279 31141 32253 28584 30652 30803
17 3 50KHz 30191 30079 30071 30007 29976 29762 29615 29660 29449 28547 28017 27549 25217 17955 30602 26459 0 0 0 27966 30206 21539 26805 27924 27077 29194 29075 29372 29502 30828 29977 29945
18 3 50KHz 30095 29828 30192 30057 29727 29716 29858 29850 29259 29266 28788 28389 27088 23317 20922 30340 27491 0 0 0 25500 11733 23178 25731 24461 28197 28266 28196 28386 31191 29772 29419
19 3 50KHz 30461 29824 31153 30054 30063 30282 30614 30179 29750 30590 30253 29454 29266 27905 25799 23148 31126 28437 0 0 0 28469 31235 23828 22005 27759 27706 27513 27198 32756 29713 29346
20 3 50KHz 29679 29891 29281 29701 29891 29504 29150 29598 29961 28329 28402 29018 27578 24232 27314 20874 20687 30223 25328 0 0 0 27187 10302 18315 25095 26268 28215 29269 29543 29315 29753
21 3 50KHz 29946 31220 28306 31011 30602 29830 29099 30560 30933 27820 28203 30189 28058 24675 30841 23265 26919 20642 8072 27467 0 0 0 28017 31263 24949 27952 30884 33591 26218 30741 31331
22 3 50KHz 29553 28790 30663 29139 29409 29710 30135 29583 29337 30461 30303 29486 29872 29780 28205 29124 27666 26576 22868 30971 26197 0 0 0 26570 13861 19889 22969 23858 32120 27992 27940
23 4 50KHz 29366 28545 30686 29154 29268 29678 30272 29707 29199 30763 30528 29646 30196 30574 28360 30115 28529 28362 26426 23904 30495 28192 0 0 0 28090 30509 18864 21746 31789 27322 27301
24 4 50KHz 29202 30249 28505 30278 30347 29807 29242 30296 30927 28412 28871 30405 28925 26393 31787 26294 29892 26811 24111 20336 15670 31045 26505 0 0 0 27596 31066 26498 25377 28259 29544
25 4 50KHz 28127 27838 29682 28712 28965 29273 29733 29465 29220 30119 30049 29614 29882 29868 29103 29864 29247 29155 28213 27416 24373 23958 15120 27575 0 0 0 27512 30630 27169 24367 25664
26 4 50KHz 27284 27562 29120 28343 29259 29347 29434 29321 29901 29604 29848 29741 29696 28801 30105 29123 29732 29056 28317 27340 25701 27204 21062 30378 27285 0 0 0 28098 20739 20952 24499
27 4 50KHz 26140 27791 27730 29434 29286 29271 29315 30183 30111 29098 29303 30386 29499 28310 31227 28329 30591 29087 27844 26552 27384 30146 23202 17096 30807 27011 0 0 0 28766 30899 22327
28 4 50KHz 25305 29079 26606 30453 30644 29992 29128 30871 31954 28048 28859 31258 29197 26149 33936 26396 31832 28553 27107 24699 27709 33350 22038 17393 23172 29910 26120 0 0 0 28877 19885
29 4 50KHz 8351 30815 25349 21787 23314 25434 27946 26282 24680 30656 29833 26933 29479 32641 23831 32712 26910 30262 30695 32901 28621 24253 32532 32537 24014 27385 19193 28328 0 0 0 26014
30 5 50KHz 28205 30734 23050 24308 26920 27881 28566 28646 29513 29485 29842 29652 29811 29125 30207 29685 30105 29832 29672 29366 28905 30137 28520 27293 27662 24711 20636 30873 29336 0 0 0
31 5 50KHz 13501 27028 13408 20213 23976 26100 27586 28347 28653 29074 29291 29590 29529 29023 30034 29367 30193 29743 29216 28864 29273 30704 28369 27117 28870 25810 24086 21699 20036 26644 0 0
0 329 50KHz 0 0 28049 30477 19691 23627 26358 26680 27226 29348 29480 28638 29590 30072 28366 30561 29285 29932 29931 30313 28842 28514 29713 29001 27361 27113 25016 22966 22473 9357 27938 7295
1 329 50KHz 0 0 0 26997 30423 20090 24573 26313 27599 28656 29261 29316 29478 29428 29891 30024 30131 30077 29904 29803 29504 30229 29322 28568 28914 27440 26023 25195 25426 12918 30283 26829
2 329 50KHz 28333 0 0 0 26038 30041 19131 22008 23714 28139 28587 27178 29091 30466 26736 31124 28555 29999 30266 31264 28959 27428 31103 31007 27630 29605 28340 26425 25851 25737 22181 14575
3 329 50KHz 30758 27592 0 0 0 27418 30846 21877 25934 27705 28885 29110 29587 29205 30402 30262 30479 30444 30599 30498 30070 30773 30272 30050 30081 29561 28612 28960 28827 24243 23136 21264
4 330 50KHz 21241 30658 26090 0 0 0 27562 30585 20101 25402 27106 27599 28779 29247 29033 30161 29984 30262 30071 30265 30200 30450 30325 29935 30256 29662 29458 28945 29465 25128 25665 24173
5 330 50KHz 24753 21259 7549 26793 0 0 0 26610 30140 20602 24372 25436 27393 28296 27744 29872 29212 29869 29910 30352 29661 29624 30492 30276 29686 29897 29527 28975 29178 26982 26801 26002
6 330 50KHz 27620 25900 21112 30821 27586 0 0 0 26452 11270 20950 23149 26324 27525 26995 29818 28780 29727 30060 30677 29358 29072 30852 30874 29321 30376 29752 29308 29025 29330 28114 27864
7 330 50KHz 27776 27376 23588 21938 30680 26869 0 0 0 28035 30919 21890 25486 26446 28576 29299 29747 29986 30200 30293 30104 30859 30484 30405 30705 30395 30033 30556 30578 28396 28308 28464
8 330 50KHz 27823 28060 24442 25398 19671 30098 25724 0 0 0 27335 10187 20558 23761 26414 28171 29022 29459 29284 29540 30227 31094 30091 29678 31234 30029 30494 30419 31418 26840 28889 28367
9 330 50KHz 29999 29199 29059 27543 25611 21263 30559 27474 0 0 0 26362 30283 18115 21229 27241 26195 28151 28987 30183 28091 27651 30805 31034 28409 30488 29745 29122 28534 31269 29271 29283
10 330 50KHz 30248 29944 29628 29090 27776 25650 22122 30955 27807 0 0 0 27115 30307 18774 26140 25945 27995 28773 29947 28535 28453 30786 30882 29235 30616 30257 29693 29524 30808 29867 29710
11 331 50KHz 29443 29987 28157 29330 28086 26287 23771 21684 10369 26600 0 0 0 26986 30916 23392 26246 27875 28626 29269 29543 30825 30263 30162 31116 30537 30613 31134 31515 28956 29754 29837
12 331 50KHz 30169 29996 29806 29649 29090 27994 26772 25342 21371 30457 26662 0 0 0 27988 30959 20827 25041 26867 28621 27561 28342 30253 30386 29320 30404 30135 29951 29881 30441 29798 29808
13 331 50KHz 30606 29965 31079 29282 29582 28946 28101 26591 24845 20244 30331 26835 0 0 0 26953 30035 18198 23154 26868 24197 25243 29913 30492 27003 30172 29129 28781 27798 32273 29173 29519
14 331 50KHz 29249 30559 27762 30707 29543 28494 27598 28697 27064 22501 18743 30833 27937 0 0 0 27622 12437 22013 25591 28175 31658 29312 29020 32562 30310 31236 32211 33569 27224 30433 30255
15 331 50KHz 30889 30352 31493 30200 30301 30179 30077 29289 28579 28144 26548 23453 16381 26767 0 0 0 26892 30371 21446 20641 23822 29074 29741 26729 29923 29223 28669 28017 32022 29575 29701
16 331 50KHz 29945 30692 29245 30710 30357 29746 29205 29879 29468 27033 26169 26076 21189 29989 27225 0 0 0 27958 16158 21563 27963 28528 28850 30584 30083 30533 31362 32037 29001 30268 30415
17 331 50KHz 30259 30378 30329 30389 30347 30070 29846 29869 29589 28579 27976 27495 25055 17612 30564 26383 0 0 0 27921 30191 21647 26721 27876 27329 29346 29306 29589 29654 30363 29635 29831
18 332 50KHz 30267 30221 30619 30530 30176 30125 30212 30114 29438 29441 28885 28371 27048 23239 20692 30328 27417 0 0 0 25500 11574 23102 25637 24582 28296 28414 28260 28470 30448 29318 29295
19 332 50KHz 30758 30327 31607 30587 30548 30698 30953 30436 29952 30751 30358 29446 29245 27809 25616 22935 31082 28380 0 0 0 28472 31222 23669 22136 27805 27778 27486 27353 31617 29228 29302
20 332 50KHz 29383 29990 29438 30122 30372 29982 29595 30077 30386 28638 28652 29273 27712 24290 27263 20817 20242 30185 25257 0 0 0 27173 10167 18439 25213 26534 28481 29277 29058 28501 29115
21 332 50KHz 29124 30753 27973 31026 30730 30032 29360 30961 31301 28076 28439 30570 28254 24844 30935 23385 26681 20692 7960 27457 0 0 0 27987 31255 25017 28241 31307 33399 26872 30060 30405
22 332 50KHz 29524 29161 30994 29714 29963 30221 30572 30000 29733 30751 30564 29669 30021 29875 28252 29059 27591 26387 22641 30944 26155 0 0 0 26549 13803 19970 22927 23954 30398 26864 27348
23 332 50KHz 29125 28842 30940 29759 29833 30211 30735 30180 29645 31077 30825 29885 30386 30704 28485 30057 28524 28184 26180 23541 30438 28116 0 0 0 28065 30534 18922 21954 29696 25842 26390
24 332 50KHz 27845 29440 27914 30147 30399 29951 29458 30708 31369 28697 29178 30882 29241 26715 32099 26562 29905 27006 24105 20336 15645 31021 26418 0 0 0 27640 31130 26310 25442 26636 27710
25 333 50KHz 26942 27416 29395 28968 29300 29652 30094 29954 29742 30441 30401 30018 30195 30144 29467 29982 29432 29214 28226 27362 24343 23951 14904 27505 0 0 0 27572 30659 25322 21918 23460
26 333 50KHz 25208 26367 28269 28155 29262 29461 29584 29713 30378 29821 30121 30203 30003 29032 30617 29257 29990 29209 28390 27338 25843 27423 21014 30377 27306 0 0 0 28167 19725 18080 21258
27 333 50KHz 22976 25536 26029 28497 28677 28862 29046 30289 30361 29042 29361 30790 29672 28361 31790 28375 30835 29274 27838 26438 27574 30535 23030 16938 30854 27047 0 0 0 28833 30641 18259
28 333 50KHz 21220 25168 24232 28100 28972 28734 28245 30263 31545 27731 28606 31259 29131 26089 33964 26553 31657 28740 27109 24796 27735 33248 22066 17477 22976 29958 26279 0 0 0 28873 14575
29 333 50KHz 7050 30358 22198 20067 21980 24478 27213 26038 24710 30228 29567 27027 29320 32013 24460 31853 27256 29655 29901 31567 27879 24622 30912 30293 23903 25767 18629 28458 0 0 0 25553
30 333 50KHz 28120 30410 20881 21706 24830 26195 27309 27522 28540 28926 29314 29099 29384 28699 29672 29324 29614 29360 29079 28720 27877 29312 27376 25607 25827 22218 17539 30581 29231 0 0 0
31 333 50KHz 13431 27079 13492 19040 22824 25058 26796 27474 27847 28795 29015 29097 29284 28966 29384 29356 29698 29474 28914 28646 28413 29633 27621 25917 26786 23384 20404 17195 14686 26159 0 0
